LG유플러스 / 2016.03.30 사업보고서
1. 요약재무정보
가. 연결요약재무정보
(단위 : 백만원)
구 분
제20기
제19기
제18기
[유동자산]
2,599,157
2,489,853
2,697,110
ㆍ당좌자산
2,234,320
2,213,828
2,302,580
ㆍ재고자산
364,837
276,025
394,530
[비유동자산]
9,351,841
9,522,807
9,077,937
ㆍ투자자산
366,324
394,515
466,713
ㆍ유형자산
7,223,847
7,254,405
6,392,715
ㆍ무형자산
966,596
1,116,495
1,258,612
ㆍ기타비유동자산
795,074
757,392
959,897
자산총계
11,950,998
12,012,660
11,775,047
[유동부채]
3,354,154
3,485,661
3,738,134
[비유동부채]
4,148,441
4,349,187
4,014,297
부채총계
7,502,595
7,834,848
7,752,431
[자본금]
2,573,969
2,573,969
2,573,969
[자본잉여금]
837,050
837,050
836,561
[기타포괄손익누계액]
1,094
1,741
(7,110)
[이익잉여금]
1,035,839
764,381
617,509
[비지배지분]
451
671
1,687
자본총계
4,448,403
4,177,812
4,022,616
영업수익
10,795,218
10,999,828
11,450,300
영업이익
632,331
576,338
542,129
당기순이익(손실)
351,232
227,721
279,461
지배회사지분순이익
351,445
228,194
279,463
당기기타연결포괄손익
(15,149)
(6,985)
(5,345)
총포괄이익(손실)
336,083
220,736
274,116
지배기업의 소유주
336,303
221,215
274,118
비지배지분
(220)
(479)
(2)
기본주당이익(손실)
805원
523원
640원
희석주당이익(손실)
805원
523원
640원
연결에 포함된 회사 수
7
7
7
[( )는 부(-)의 수치임]
(1) 기업회계기준 등의 위반사항
1) 연결재무제표를 수정하여야 하는 위반사항
- 해당사항없음
2) 연결재무제표 수정과 관련없는 위반사항
- 해당사항없음
나. 요약재무정보
(단위 : 백만원)
구 분
제 20기
제19기
제18기
[유동자산]
2,547,236
2,418,217
2,668,348
ㆍ당좌자산
2,183,778
2,145,718
2,273,818
ㆍ재고자산
363,457
272,499
394,530
[비유동자산]
9,391,988
9,568,123
9,077,776
ㆍ투자자산
488,727
514,759
476,766
ㆍ유형자산
7,157,744
7,192,266
6,389,645
ㆍ무형자산
957,575
1,108,935
1,252,639
ㆍ기타비유동자산
787,942
752,163
958,726
자산총계
11,939,224
11,986,340
11,746,124
[유동부채]
3,327,786
3,458,045
3,725,199
[비유동부채]
4,133,881
4,338,949
4,005,976
부채총계
7,461,667
7,796,994
7,731,175
[자본금]
2,573,969
2,573,969
2,573,969
[자본잉여금]
836,561
836,561
836,561
[기타포괄손익누계액]
1,326
1,757
(6,675)
[이익잉여금]
1,065,701
777,059
611,094
자본총계
4,477,557
4,189,346
4,014,949
종속ㆍ관계ㆍ공동기업 투자주식의 평가방법
원가법
원가법
원가법
영업수익
10,780,359
10,984,928
11,452,151
영업이익
646,332
593,083
542,624
당기순이익
367,328
244,034
277,512
기타포괄손익
(13,625)
(4,145)
(3,445)
당기총포괄손익
353,703
239,889
274,067
기본주당이익
841원
559원
636원
희석주당이익
841원
559원
636원
[( )는 부(-)의 수치임]
(1) 기업회계기준 등의 위반사항
1) 재무제표를 수정하여야 하는 위반사항
- 해당사항없음
2) 재무제표 수정과 관련없는 위반사항
- 해당사항없음