카카오 / 2017.03.31 사업보고서
1. 요약재무정보
요약 연결 재무정보
구분
제22기
제21기
제20기
(2016. 12. 31)
(2015. 12. 31)
(2014. 12. 31)
자산
유동자산
1,216,958,016,369
970,066,623,885
798,290,742,394
당좌자산
1,204,402,789,259
964,714,030,387
796,275,082,223
재고자산
12,555,227,110
5,352,593,498
2,015,660,171
비유동자산
4,267,159,164,047
2,218,411,109,424
1,969,734,156,095
투자자산
255,527,002,895
132,829,200,495
77,671,846,147
유형자산
253,853,910,780
219,051,999,166
196,893,936,686
무형자산
3,733,165,965,498
1,855,604,183,504
1,688,974,405,520
기타비유동자산
24,612,284,874
10,925,726,259
6,193,967,742
자산총계
5,484,117,180,416
3,188,477,733,309
2,768,024,898,489
부채
유동부채
806,019,918,989
316,078,102,307
227,487,550,581
비유동부채
975,153,410,479
286,924,635,375
77,309,280,934
부채총계
1,781,173,329,468
603,002,737,682
304,796,831,515
자본
지배기업의 소유주지분
3,432,512,229,981
2,552,394,124,824
2,454,619,050,317
자본금
33,857,857,500
30,098,044,000
29,121,102,000
자본잉여금
3,105,013,683,820
2,274,185,945,354
2,258,974,380,241
자본조정
(11,231,644,058)
(9,032,037,124)
(26,268,390,087)
기타포괄손익누계액
920,310,005
828,814,505
2,114,045,513
이익잉여금
303,952,022,714
256,313,358,089
190,677,912,650
비지배지분
270,431,620,967
33,080,870,803
8,609,016,657
자본총계
3,702,943,850,948
2,585,474,995,627
2,463,228,066,974
부채 및 자본 총계
5,484,117,180,416
3,188,477,733,309
2,768,024,898,489
구분
제22기
제21기
제20기
(16.01.01~16.12.31)
(15.01.01~15.12.31)
(14.01.01~14.12.31)
매출액
1,464,232,790,315
932,151,827,086
498,857,728,726
영업이익(손실)
116,135,055,801
88,588,297,005
176,427,094,294
당기순이익(손실)
65,455,116,983
78,764,757,714
149,821,510,168
지배기업의 소유주지분
57,673,844,925
75,665,684,938
150,105,004,752
비지배지분
7,781,272,058
3,099,072,776
(283,494,584)
당기총포괄이익(손실)
64,893,375,332
77,472,866,913
154,875,352,640
기본주당이익 (원)
874
1,269
3,243
희석주당이익 (원)
850
1,220
3,007
연결 종속회사의 수
58
46
26
요약 재무 정보
구분
제22기
제21기
제20기
(2016. 12. 31)
(2015. 12. 31)
(2014. 12. 31)
자산
유동자산
511,066,507,579
718,533,480,124
719,078,119,662
당좌자산
507,583,835,497
717,890,064,747
717,062,459,491
재고자산
3,482,672,082
643,415,377
2,015,660,171
비유동자산
4,318,230,482,255
2,398,530,549,067
2,036,752,632,783
투자자산
2,412,918,895,706
525,941,170,541
191,633,446,672
유형자산
203,865,884,445
210,393,423,387
193,359,400,053
무형자산
1,694,580,927,073
1,652,604,700,089
1,651,657,838,458
기타비유동자산
6,864,775,031
9,591,255,050
101,947,600
자산총계
4,829,296,989,834
3,117,064,029,191
2,755,830,752,445
부채
유동부채
611,661,868,833
265,747,121,960
218,394,434,952
비유동부채
842,477,212,630
276,435,242,355
76,642,890,693
부채총계
1,454,139,081,463
542,182,364,315
295,037,325,645
자본
자본금
33,857,857,500
30,098,044,000
29,121,102,000
자본잉여금
3,057,264,214,414
2,291,486,340,849
2,258,975,020,444
자본조정
(11,231,644,057)
(9,032,037,123)
(26,268,390,087)
기타포괄손익누계액
5,045,659,124
243,772,600
(252,325,369)
이익잉여금
290,221,821,390
262,085,544,550
199,218,019,812
자본총계
3,375,157,908,371
2,574,881,664,876
2,460,793,426,800
부채 및 자본 총계
4,829,296,989,834
3,117,064,029,191
2,755,830,752,445
평가방법
종속기업투자
원가법
원가법
원가법
공동기업투자
원가법
원가법
원가법
관계기업투자
원가법
원가법
원가법
구분
제22기
제21기
제20기
(16.01.01~16.12.31)
(15.01.01~15.12.31)
(14.01.01~14.12.31)
매출액
861,205,412,109
862,085,190,602
487,804,642,416
영업이익
70,994,504,761
120,590,601,375
182,518,673,851
당기순이익
38,171,457,140
72,897,764,237
160,283,686,349
당기총포괄이익
42,973,343,664
73,393,862,206
160,031,360,980
기본주당이익 (원)
578
1,222
3,463
희석주당이익 (원)
563
1,175
3,211