NAVER / 2017.09.08 [정정] 사업보고서
1. 요약재무정보
가. 요약연결재무정보
(단위 : 백만원)
구분
제18기
제17기
제16기
(2016년 12월말)
(2015년 12월말)
(2014년 12월말)
[유동자산]
4,199,933
2,639,383
1,945,784
ㆍ현금및현금성자산
1,726,232
813,392
722,526
ㆍ단기금융상품
1,243,189
931,889
403,734
ㆍ매출채권및기타채권
760,913
526,632
421,566
ㆍ기타
469,600
367,469
397,957
[비유동자산]
2,170,702
1,746,530
1,448,674
ㆍ투자자산
766,846
436,888
261,286
ㆍ유형자산
863,258
863,805
900,957
ㆍ무형자산
112,132
103,319
120,758
ㆍ기타비유동자산
428,466
342,519
19,407
자산총계
6,370,635
4,385,913
3,394,458
[유동부채]
1,803,926
1,683,656
1,080,709
[비유동부채]
437,111
432,679
516,331
부채총계
2,241,036
2,116,334
1,597,040
[지배기업 소유주지분]
3,594,748
2,124,524
1,796,002
ㆍ자본금
16,481
16,481
16,481
ㆍ자본잉여금
1,217,201
133,088
133,102
ㆍ기타자본구성요소
-1,449,123
-1,094,415
-937,173
ㆍ이익잉여금
3,810,189
3,069,370
2,583,592
[비지배지분]
534,850
145,054
1,416
자본총계
4,129,599
2,269,579
1,797,418
(2016년 1월~12월)
(2015년 1월~12월)
(2014년 1월~12월)
영업수익
4,022,630
3,253,930
2,758,479
영업이익
1,102,040
830,225
758,199
계속영업순이익
770,907
594,219
421,662
당기순이익
759,073
516,986
451,763
지배회사지분순이익
749,306
518,746
454,457
기본주당순이익(단위: 원)
25,746
17,619
15,277
희석주당순이익(단위: 원)
25,514
17,619
15,277
연결에 포함된 종속 회사수
57
51
40
나. 요약별도재무정보
(단위 : 백만원)
구분
제18기
제17기
제16기
(2016년 12월말)
(2015년 12월말)
(2014년 12월말)
[유동자산]
2,108,037
1,804,796
1,278,052
ㆍ현금및현금성자산
203,718
355,122
393,570
ㆍ단기금융상품
1,103,580
873,658
350,660
ㆍ매출채권및기타채권
404,329
265,502
199,867
ㆍ기타
396,410
310,514
333,955
[비유동자산]
1,748,454
1,578,921
1,450,393
ㆍ투자자산
941,644
780,067
641,854
ㆍ유형자산
666,614
662,033
681,974
ㆍ무형자산
38,499
36,594
37,571
ㆍ기타비유동자산
101,698
100,226
88,994
자산총계
3,856,491
3,383,718
2,728,444
[유동부채]
875,568
739,150
394,970
[비유동부채]
271,507
268,851
422,128
부채총계
1,147,075
1,008,001
817,098
[자본금]
16,481
16,481
16,481
[자본잉여금]
162,513
162,513
154,947
[기타자본구성요소]
-1,394,972
-1,096,969
-933,071
[이익잉여금]
3,925,394
3,293,692
2,672,989
자본총계
2,709,416
2,375,716
1,911,346
종속ㆍ관계ㆍ공동기업 투자주식의 평가방법
원가법
원가법
원가법
(2016년 1월~12월)
(2015년 1월~12월)
(2014년 1월~12월)
영업수익
2,496,498
2,141,275
1,637,165
영업이익
968,351
826,491
711,900
계속영업순이익
651,816
642,596
460,656
당기순이익
651,816
642,596
460,656
기본주당순이익(단위: 원)
22,397
21,825
15,486
희석주당순이익(단위: 원)
22,397
21,825
15,486