SK텔레콤/사업보고서/2017.03.31
SK텔레콤 / 2017.03.31 사업보고서
1. 요약재무정보
가. 요약연결재무정보
(단위: 백만원)
과목
제33기
제32기
제31기
자산
Ⅰ.유동자산
5,996,628
5,160,242
5,083,148
현금및현금성자산
1,505,242
768,922
834,429
매출채권
2,240,926
2,344,867
2,392,150
미수금
1,121,444
673,739
690,527
기타의유동자산
1,129,016
1,372,714
1,166,042
Ⅱ.비유동자산
25,301,035
23,421,145
22,858,085
장기투자자산
828,521
1,207,226
956,280
관계기업투자및공동기업투자
7,404,323
6,896,293
6,298,088
유형자산
10,374,212
10,371,256
10,567,701
무형자산
3,776,354
2,304,784
2,483,994
영업권
1,932,452
1,908,590
1,917,595
기타의비유동자산
985,173
732,996
634,427
자산총계
31,297,663
28,581,387
27,941,233
부채
Ⅰ.유동부채
6,444,099
5,256,493
5,420,310
Ⅱ.비유동부채
8,737,134
7,950,798
7,272,653
부채총계
15,181,233
13,207,291
12,692,963
자본
Ⅰ.지배기업 소유주지분
15,971,399
15,251,079
14,506,739
자본금
44,639
44,639
44,639
기타불입자본
199,779
189,510
277,998
이익잉여금
15,953,164
15,007,627
14,188,591
기타자본구성요소
(226,183)
9,303
(4,489)
Ⅱ.비지배지분
145,031
123,017
741,531
자본총계
16,116,430
15,374,096
15,248,270
부채와자본총계
31,297,663
28,581,387
27,941,233
연결에 포함된 회사수
38
37
40
과목
제33기
제32기
제31기
Ⅰ.영업수익
17,091,816
17,136,734
17,163,798
Ⅱ.영업이익
1,535,744
1,708,006
1,825,105
Ⅲ.법인세비용차감전계속영업순이익
2,096,139
2,035,365
2,253,828
Ⅳ.연결당기순이익
1,660,101
1,515,885
1,799,320
Ⅴ.연결당기순이익의귀속:
지배회사지분순이익
1,675,967
1,518,604
1,801,178
소수주주지분순이익
(15,866)
(2,719)
(1,858)
Ⅵ.지배기업 소유주 지분에 대한 주당이익:
기본 및 희석 주당순이익(원)
23,497
20,988
25,154
※ 한국채택국제회계기준 작성기준에 따라 작성되었습니다.
나. 요약 재무정보
(단위 : 백만원)
과목
제33기
제32기
제31기
자산
Ⅰ.유동자산
3,661,115
2,713,529
2,689,913
현금및현금성자산
874,350
431,666
248,311
매출채권
1,594,504
1,528,751
1,559,281
미수금
772,570
264,741
305,990
기타의유동자산
419,691
488,371
576,331
Ⅱ.비유동자산
21,787,459
20,433,411
20,022,549
장기투자자산
560,966
726,505
608,797
종속회사및관계기업투자
8,726,538
8,810,548
8,181,769
유형자산
7,298,539
7,442,280
7,705,906
무형자산
3,275,663
1,766,069
1,928,169
영업권
1,306,236
1,306,236
1,306,236
기타의비유동자산
619,517
381,773
291,672
자산총계
25,448,574
23,146,940
22,712,462
부채
Ⅰ.유동부채
4,464,160
3,491,306
3,378,046
Ⅱ.비유동부채
6,727,460
5,876,174
5,792,195
부채총계
11,191,620
9,367,480
9,170,241
자본
Ⅰ.자본금
44,639
44,639
44,639
Ⅱ.기타불입자본
371,481
369,446
433,894
Ⅲ.이익잉여금
13,902,627
13,418,603
12,996,790
Ⅳ.기타자본항목
(61,793)
(53,228)
66,898
자본총계
14,256,954
13,779,460
13,542,221
종속·관계·공동기업 투자주식의 평가방법
원가법
원가법
원가법
부채와자본총계
25,448,574
23,146,940
22,712,462
과목
제33기
제32기
제31기
Ⅰ.영업수익
12,350,479
12,556,979
13,012,644
Ⅱ.영업이익
1,782,172
1,658,776
1,737,160
Ⅲ.법인세비용차감전순이익
1,562,782
1,469,444
1,321,750
Ⅳ.당기순이익
1,217,274
1,106,761
1,028,541
Ⅴ.주당이익:
기본 및 희석 주당순이익(원)
17,001
15,233
14,262
※ 한국채택국제회계기준 작성기준에 따라 작성되었습니다.(별도 기준)