SK텔레콤/사업보고서/2018.04.02
SK텔레콤 / 2018.04.02 사업보고서
1. 요약재무정보
가. 요약연결재무정보
(단위: 백만원)
과목
제34기
제33기
제32기
자산
Ⅰ.유동자산
6,201,799
5,996,628
5,160,242
현금및현금성자산
1,457,735
1,505,242
768,922
매출채권
2,126,007
2,240,926
2,344,867
미수금
1,260,835
1,121,444
673,739
기타의유동자산
1,357,222
1,129,016
1,372,714
Ⅱ.비유동자산
27,226,870
25,301,035
23,421,145
장기투자자산
887,007
828,521
1,207,226
관계기업투자및공동기업투자
9,538,438
7,404,323
6,896,293
유형자산
10,144,882
10,374,212
10,371,256
무형자산
3,586,965
3,776,354
2,304,784
영업권
1,915,017
1,932,452
1,908,590
기타의비유동자산
1,154,561
985,173
732,996
자산총계
33,428,669
31,297,663
28,581,387
부채
Ⅰ.유동부채
7,109,123
6,444,099
5,256,493
Ⅱ.비유동부채
8,290,351
8,737,134
7,950,798
부채총계
15,399,474
15,181,233
13,207,291
자본
Ⅰ.지배기업 소유주지분
17,842,139
15,971,399
15,251,079
자본금
44,639
44,639
44,639
기타불입자본
196,281
199,779
189,510
이익잉여금
17,835,946
15,953,164
15,007,627
기타자본구성요소
(234,727)
(226,183)
9,303
Ⅱ.비지배지분
187,056
145,031
123,017
자본총계
18,029,195
16,116,430
15,374,096
부채와자본총계
33,428,669
31,297,663
28,581,387
연결에 포함된 회사수
39
38
37
과목
제34기
제33기
제32기
Ⅰ.영업수익
17,520,013
17,091,816
17,136,734
Ⅱ.영업이익
1,536,626
1,535,744
1,708,006
Ⅲ.법인세비용차감전계속영업순이익
3,403,249
2,096,139
2,035,365
Ⅳ.연결당기순이익
2,657,595
1,660,101
1,515,885
Ⅴ.연결당기순이익의귀속:
지배회사지분순이익
2,599,829
1,675,967
1,518,604
소수주주지분순이익
57,766
(15,866)
(2,719)
Ⅵ.지배기업 소유주 지분에 대한 주당이익:
기본 및 희석 주당순이익(원)
36,582
23,497
20,988
※ 한국채택국제회계기준 작성기준에 따라 작성되었습니다.
나. 요약 재무정보
(단위 : 백만원)
과목
제34기
제33기
제32기
자산
Ⅰ.유동자산
3,768,098
3,661,115
2,713,529
현금및현금성자산
880,583
874,350
431,666
매출채권
1,520,209
1,594,504
1,528,751
미수금
1,003,509
772,570
264,741
기타의유동자산
363,797
419,691
488,371
Ⅱ.비유동자산
21,789,424
21,787,459
20,433,411
장기투자자산
724,603
560,966
726,505
종속회사및관계기업투자
9,152,321
8,726,538
8,810,548
유형자산
6,923,133
7,298,539
7,442,280
무형자산
3,089,545
3,275,663
1,766,069
영업권
1,306,236
1,306,236
1,306,236
기타의비유동자산
593,586
619,517
381,773
자산총계
25,557,522
25,448,574
23,146,940
부채
Ⅰ.유동부채
4,767,401
4,464,160
3,491,306
Ⅱ.비유동부채
5,782,730
6,727,460
5,876,174
부채총계
10,550,131
11,191,620
9,367,480
자본
Ⅰ.자본금
44,639
44,639
44,639
Ⅱ.기타불입자본
371,895
371,481
369,446
Ⅲ.이익잉여금
14,512,556
13,902,627
13,418,603
Ⅳ.기타자본항목
78,301
(61,793)
(53,228)
자본총계
15,007,391
14,256,954
13,779,460
종속·관계·공동기업 투자주식의 평가방법
원가법
원가법
원가법
부채와자본총계
25,557,522
25,448,574
23,146,940
과목
제34기
제33기
제32기
Ⅰ.영업수익
12,468,035
12,350,479
12,556,979
Ⅱ.영업이익
1,697,709
1,782,172
1,658,776
Ⅲ.법인세비용차감전순이익
1,603,808
1,562,782
1,469,444
Ⅳ.당기순이익
1,331,114
1,217,274
1,106,761
Ⅴ.주당이익:
기본 및 희석 주당순이익(원)
18,613
17,001
15,233
※ 한국채택국제회계기준 작성기준에 따라 작성되었습니다.(별도 기준)