드림시큐리티 / 2019.04.01 사업보고서
1. 요약재무정보
가. 요약연결재무상태표
(단위 : 원)
구분
제5기
제4기
제3기
[유동자산]
15,795,919,859
14,180,934,752
9,432,573,169
자산총계
27,006,031,314
24,242,344,379
18,912,844,272
[유동부채]
2,555,298,437
2,927,415,417
8,029,245,825
[비유동부채]
388,000,000
1,494,010,841
983,000,000
부채총계
2,943,298,437
4,421,426,258
9,012,245,825
[자본금]
3,580,575,400
3,482,975,400
2,880,575,400
[이익잉여금]
5,451,203,245
2,312,002,900
3,907,968,351
자본총계
24,062,732,877
19,820,918,121
9,900,598,447
나. 요약연결포괄손익계산서
(단위 : 원)
구분
제5기
제4기
제3기
매출액
28,316,767,323
24,768,401,880
20,583,201,861
영업이익
3,145,380,676
1,083,567,079
3,554,859,360
당기순이익
3,139,200,345
(1,595,965,451)
3,510,104,331
총포괄손익
3,151,474,943
(1,595,965,451)
3,440,080,244
ㆍ기본주당순이익
90
(48)
122
ㆍ희석주당순이익
90
(48)
122

다. 요약재무상태표
(단위 : 원)
구분
제5기
제4기
제3기
[유동자산]
13,604,984,478
11,774,507,296
7,581,919,169
자산총계
24,698,313,595
21,837,665,371
16,847,648,539
[유동부채]
1,876,910,034
2,051,056,846
7,157,004,564
[비유동부채]
48,000,000
854,010,841
48,000,000
부채총계
1,924,910,034
2,905,067,687
7,205,004,564
[자본금]
3,580,575,400
3,482,975,400
2,880,575,400
[이익잉여금]
4,161,873,929
1,423,682,463
3,650,013,879
자본총계
22,773,403,561
18,932,597,684
9,642,643,975
라. 요약포괄손익계산서
(단위 : 원)
구분
제5기
제4기
제3기
매출액
24,951,234,712
20,574,060,019
18,455,153,677
영업이익
2,789,839,984
379,071,597
3,299,330,154
당기순이익
2,738,191,466
(2,226,331,416)
3,252,149,859
총포괄손익
2,750,466,064
(2,226,331,416)
3,182,125,772
ㆍ기본주당순이익
78
(66)
113
ㆍ희석주당순이익
78
(66)
113