SK텔레콤 / 2019.04.01 사업보고서
1. 요약재무정보
가. 요약연결재무정보
(단위: 백만원)
과목
제35기
제34기
제33기
자산
Ⅰ.유동자산
7,958,839
6,201,799
5,996,628
현금및현금성자산
1,506,699
1,457,735
1,505,242
매출채권
2,008,640
2,126,007
2,240,926
미수금
937,837
1,260,835
1,121,444
기타의유동자산
3,505,663
1,357,222
1,129,016
Ⅱ.비유동자산
34,410,272
27,226,870
25,301,035
장기투자자산
664,726
887,007
828,521
관계기업및공동기업투자
12,811,771
9,538,438
7,404,323
유형자산
10,718,354
10,144,882
10,374,212
무형자산
5,513,510
3,586,965
3,776,354
영업권
2,938,563
1,915,017
1,932,452
기타의비유동자산
1,763,348
1,154,561
985,173
자산총계
42,369,111
33,428,669
31,297,663
부채
Ⅰ.유동부채
6,847,557
7,109,123
6,444,099
Ⅱ.비유동부채
13,172,304
8,290,351
8,737,134
부채총계
20,019,861
15,399,474
15,181,233
자본
Ⅰ.지배기업 소유주지분
22,470,822
17,842,139
15,971,399
자본금
44,639
44,639
44,639
기타불입자본
655,084
196,281
199,779
이익잉여금
22,144,541
17,835,946
15,953,164
기타자본구성요소
(373,442)
(234,727)
(226,183)
Ⅱ.비지배지분
(121,572)
187,056
145,031
자본총계
22,349,250
18,029,195
16,116,430
부채와자본총계
42,369,111
33,428,669
31,297,663
연결에 포함된 회사수
44
39
38
과목
제35기
제34기
제33기
Ⅰ.영업수익
16,873,960
17,520,013
17,091,816
Ⅱ.영업이익
1,201,760
1,536,626
1,535,744
Ⅲ.법인세비용차감전계속영업순이익
3,975,966
3,403,249
2,096,139
Ⅳ.연결당기순이익
3,131,988
2,657,595
1,660,101
Ⅴ.연결당기순이익의귀속:
지배회사지분순이익
3,127,887
2,599,829
1,675,967
소수주주지분순이익
4,101
57,766
(15,866)
Ⅵ.지배기업 소유주 지분에 대한 주당이익:
기본 및 희석 주당순이익(원)
44,066
36,582
23,497
주) 제34기(전기), 제33기(전전기) 내용은 종전 기준서인 K-IFRS 1018호 및 1039호에 따 라 작성되었습니다.
나. 요약 재무정보
(단위 : 백만원)
과목
제35기
제34기
제33기
자산
Ⅰ.유동자산
4,679,378
3,768,098
3,661,115
현금및현금성자산
877,823
880,583
874,350
매출채권
1,354,260
1,520,209
1,594,504
미수금
518,451
1,003,509
772,570
기타의유동자산
1,928,844
363,797
419,691
Ⅱ.비유동자산
24,168,645
21,789,424
21,787,459
장기투자자산
410,672
724,603
560,966
종속기업, 관계기업 및 공동 기업투자
10,188,914
9,152,321
8,726,538
유형자산
6,943,490
6,923,133
7,298,539
무형자산
4,010,864
3,089,545
3,275,663
영업권
1,306,236
1,306,236
1,306,236
기타의비유동자산
1,308,469
593,586
619,517
자산총계
28,848,023
25,557,522
25,448,574
부채
Ⅰ.유동부채
4,178,068
4,767,401
4,464,160
Ⅱ.비유동부채
7,782,468
5,782,730
6,727,460
부채총계
11,960,536
10,550,131
11,191,620
자본
Ⅰ.자본금
44,639
44,639
44,639
Ⅱ.기타불입자본
415,324
371,895
371,481
Ⅲ.이익잉여금
16,467,789
14,512,556
13,902,627
Ⅳ.기타자본항목
(40,265)
78,301
(61,793)
자본총계
16,887,487
15,007,391
14,256,954
종속·관계·공동기업 투자주식의 평가방법
원가법
원가법
원가법
부채와자본총계
28,848,023
25,557,522
25,448,574
과목
제35기
제34기
제33기
Ⅰ.영업수익
11,705,639
12,468,035
12,350,479
Ⅱ.영업이익
1,307,494
1,697,709
1,782,172
Ⅲ.법인세비용차감전순이익
1,221,244
1,603,808
1,562,782
Ⅳ.당기순이익
933,902
1,331,114
1,217,274
Ⅴ.주당이익:
기본 및 희석 주당순이익(원)
13,000
18,613
17,001
주) 제34기(전기), 제33기(전전기) 내용은 종전 기준서인 K-IFRS 1018호 및 1039호에 따
라 작성되었습니다.