현대리바트 / 2019.04.01 사업보고서
1. 요약재무정보
1. 요약 연결재무정보
※ 제20기, 제19기, 제 18기 요약 연결재무정보는 외부감사인의 감사를 받은 한국채택국제회계기준(K-IFRS)에 의해 작성되었습니다.
(단위 : 원)
구분
제 20기
제 19기
제 18기
[유동자산]
442,574,000,000
463,942,000,000
251,763,000,000
ㆍ현금및현금성자산
26,949,000,000
68,313,000,000
24,571,000,000
자산총계
678,897,000,000
682,759,000,000
419,856,000,000
[유동부채]
212,245,000,000
247,392,000,000
124,628,000,000
[비유동부채]
19,277,000,000
21,721,000,000
17,818,000,000
부채총계
231,522,000,000
269,113,000,000
142,446,000,000
[자본금]
20,535,000,000
20,535,000,000
17,262,000,000
[이익잉여금]
328,501,000,000
294,674,000,000
259,435,000,000
자본총계
447,375,000,000
413,646,000,000
277,410,000,000
기간
2018.01.01 ~ 2018.12.31
2017.01.01 ~ 2017.12.31
2016.01.01 ~ 2016.12.31
매출액
1,351,703,000,000
889,830,000,000
735,645,000,000
영업이익
48,132,000,000
50,676,000,000
42,154,000,000
당기순이익
38,881,000,000
36,954,000,000
33,164,000,000
기본주당순이익
1,933
2,163
1,969