전진바이오팜 / 2019.04.01 사업보고서 25. 11. 13. 오후 12:29
전진바이오팜/사업보고서/2019.04.01
1. 요약재무정보
(단위: 천원)
구분
제15기
제14기
제13기
2018년 12월말
2017년 12월말
2016년 12월말
[유동자산]
6,117,769
3,012,703
4,560,799
ㆍ현금및현금성자산
5,332,443
1,048,423
506,523
ㆍ매출채권및기타채권
122,949
557,792
2,062,828
ㆍ기타금융자산
-
515,570
515,570
ㆍ기타유동자산
20,795
18,135
60,497
ㆍ재고자산
641,582
872,783
1,415,381
[비유동자산]
1,002,174
1,044,716
1,269,746
ㆍ유형자산
164,654
194,469
252,386
ㆍ무형자산
770,653
728,145
937,330
ㆍ기타비유동자산
66,867
122,102
80,030
자산총계
7,119,943
4,057,419
5,830,545
[유동부채]
2,709,081
1,655,898
3,216,847
[비유동부채]
500,090
2,171,560
331,558
부채총계
3,209,171
3,827,458
3,548,405
[자본금]
2,366,714
2,014,214
1,952,339
[자본잉여금]
18,181,632
11,484,132
10,556,007
[기타자본]
(1,007,700)
(1,081,783)
(1,081,783)
[이익잉여금]
(15,629,874)
(12,186,602)
(9,144,423)
자본총계
3,910,771
229,961
2,282,140
2018년 1월~12월
2017년 1월~12월
2016년 1월~12월
매출액
1,384,404
3,135,921
4,809,008
영업이익(손실)
(3,023,878)
(2,758,646)
(2,609,906)
법인세비용차감전순이익(손실)
(3,398,754)
(3,040,950)
(3,073,866)
당기순이익(손실)
(3,398,754)
(3,040,950)
(3,073,866)
주당손익
기본주당손실
(805)
(755)
(787)
희석주당손실
(805)
(755)
(787)
https://dart.fss.or.kr/dsaf001/main.do?rcpNo=20190401004786
1/1