쎄트렉아이 / 2020.03.30 사업보고서
1. 요약재무정보
가. 요약 연결재무정보
(단위 : 원)
구분
제21기
('19.01.01~
'19.12.31)
제20기
('18.01.01~
'18.12.31)
제19기
('17.01.01~
'17.12.31)
유동자산
50,863,325,386
28,837,143,720
21,418,573,780
비유동자산
45,451,795,715
48,838,526,479
49,177,103,579
자산총계
96,315,121,101
77,675,670,199
70,595,677,359
유동부채
26,563,360,651
16,754,969,773
10,928,758,665
비유동부채
5,283,496,271
2,435,770,764
4,877,406,801
부채총계
31,846,856,922
19,190,740,537
15,806,165,466
자본금
3,634,243,500
1,829,995,000
1,829,995,000
이익잉여금
49,499,616,102
43,106,322,281
39,460,997,976
비지배지분
686,816,382
477,627,784
(51,315,480)
자본총계
64,468,264,179
58,484,929,662
54,789,511,893
매출액
70,228,243,004
46,132,147,074
42,762,139,356
영업이익
9,248,317,039
5,600,183,314
5,370,127,115
당기순이익
7,360,266,789
5,065,625,453
5,396,783,327
총포괄손익
7,110,666,789
5,065,625,453
5,396,783,327
기본주당이익(원)
992
643
782
희석주당이익(원)
992
643
782