카카오 / 2020.03.30 사업보고서
1. 요약재무정보
가. 요약 연결 재무정보
(단위 : 원)
구분
제25기
제24기
제23기
(2019. 12. 31)
(2018. 12. 31)
(2017. 12. 31)
자산
[유동자산]
2,829,694,454,045
2,858,950,414,592
1,993,096,161,071
ㆍ당좌자산
2,780,244,683,139
2,823,114,268,840
1,971,536,097,192
ㆍ재고자산
49,449,770,906
35,836,145,752
21,560,063,879
[비유동자산]
5,907,561,301,729
5,100,591,690,675
4,356,332,293,816
ㆍ투자자산
1,677,690,931,193
848,387,491,159
372,551,494,075
ㆍ유형자산
349,818,319,321
314,811,843,577
271,044,463,751
ㆍ사용권자산
227,458,396,560
-
-
ㆍ무형자산
3,548,415,767,971
3,865,264,987,475
3,689,582,034,127
ㆍ기타비유동자산
104,177,886,684
72,127,368,464
23,154,301,863
자산총계
8,737,255,755,774
7,959,542,105,267
6,349,428,454,887
부채
[유동부채]
2,433,322,136,077
2,039,196,496,491
1,040,863,175,362
[비유동부채]
563,815,868,409
293,188,044,408
845,642,507,229
부채총계
2,997,138,004,486
2,332,384,540,899
1,886,505,682,591
자본
[지배기업의 소유주지분]
5,225,359,119,201
5,136,850,609,262
4,029,139,273,051
ㆍ자본금
43,161,318,000
41,743,886,500
34,004,263,500
ㆍ자본잉여금
5,043,198,614,716
4,647,543,419,240
3,603,586,704,464
ㆍ자본조정
7,238,239,019
1,492,215,635
(6,026,158,905)
ㆍ기타포괄손익누계액
(16,393,294,393)
(7,329,379,679)
(4,967,887,532)
ㆍ 이익잉여금
148,154,241,859
453,400,467,566
402,542,351,524
[비지배지분]
514,758,632,087
490,306,955,106
433,783,499,245
자본총계
5,740,117,751,288
5,627,157,564,368
4,462,922,772,296
부채 및 자본 총계
8,737,255,755,774
7,959,542,105,267
6,349,428,454,887
구분
제25기
제24기
제23기
(19. 1. 1~19.12.31)
(18. 1. 1~18.12.31)
(17. 1. 1~17.12.31)
매출액
3,070,111,364,510
2,416,992,440,597
1,972,326,479,100
영업이익(손실)
206,786,221,786
72,948,889,927
165,379,527,605
당기순이익(손실)
(341,924,578,348)
15,888,859,209
125,093,899,312
지배기업의 소유주지분
(301,002,847,366)
47,885,550,586
108,596,686,806
비지배지분
(40,921,730,982)
(31,996,691,377)
16,497,212,506
당기총포괄이익(손실)
(346,082,389,713)
24,222,818,563
119,115,168,004
기본주당이익 (원)
(3,776)
623
1,602
희석주당이익 (원)
(3,776)
614
1,552
연결 종속회사의 수
102
93
64
나. 요약 재무 정보
(단위 : 원)
구분
제25기
제24기
제23기
(2019. 12. 31)
(2018. 12. 31)
(2017. 12. 31)
자산
[유동자산]
1,014,030,589,420
1,261,479,760,000
632,508,485,022
ㆍ당좌자산
1,010,041,500,882
1,258,840,120,905
627,000,815,218
ㆍ재고자산
3,989,088,538
2,639,639,095
5,507,669,804
[비유동자산]
5,470,330,027,390
4,941,359,118,843
4,324,369,371,075
ㆍ투자자산
2,654,202,010,813
1,821,011,054,917
2,490,138,882,959
ㆍ유형자산
248,311,163,551
236,015,779,953
208,083,961,363
ㆍ사용권자산
101,981,843,072
-
-
ㆍ무형자산
2,458,574,528,458
2,875,509,703,549
1,620,416,311,431
ㆍ기타비유동자산
7,260,481,496
8,822,580,424
5,730,215,322
자산총계
6,484,360,616,810
6,202,838,878,843
4,956,877,856,097
부채
[유동부채]
1,370,950,261,505
1,250,705,990,145
948,930,789,986
[비유동부채]
255,099,527,270
200,789,638,807
450,237,479,800
부채총계
1,626,049,788,775
1,451,495,628,952
1,399,168,269,786
자본
ㆍ자본금
43,161,318,000
41,743,886,500
34,004,263,500
ㆍ자본잉여금
4,462,249,633,278
4,096,216,248,276
3,036,433,881,650
ㆍ자본조정
41,292,768,578
35,546,745,195
(6,026,158,905)
ㆍ기타포괄손익누계액
(2,897,079,352)
(1,605,704,190)
(4,471,698,072)
ㆍ이익잉여금
314,504,187,531
579,442,074,110
497,769,298,138
자본총계
4,858,310,828,035
4,751,343,249,891
3,557,709,586,311
부채 및 자본 총계
6,484,360,616,810
6,202,838,878,843
4,956,877,856,097
평가방법
종속기업투자
원가법
원가법
원가법
공동기업투자
원가법
원가법
원가법
관계기업투자
원가법
원가법
원가법
구분
제25기
제24기
제23기
(19. 1. 1~19.12.31)
(18. 1. 1~18.12.31)
(17. 1. 1~17.12.31)
매출액
1,513,471,072,651
1,173,924,651,860
978,700,276,407
영업이익(손실)
196,063,924,523
122,366,055,178
97,550,822,849
당기순이익(손실)
(259,705,692,892)
90,230,380,212
217,553,834,744
당기총포괄이익(손실)
(256,176,668,054)
97,437,870,358
208,036,477,548
기본주당이익 (원)
(3,258)
1,174
3,210
희석주당이익 (원)
(3,258)
1,138
3,107