25. 11. 13. 오후 12:29
전진바이오팜 / 2020.11.09 [정정] 사업보고서
전진바이오팜/사업보고서/2020.11.09
1. 요약재무정보
(단위 : 천원)
구분
제16기
제15기
제14기
2019.12.31
2018.12.31
2017.12.31
유동자산
4,532,629
6,117,769
3,012,703
현금및현금성자산
4,161,990
5,332,443
1,048,423
매출채권및기타채권
19,630
122,949
557,792
기타금융자산
-
-
515,570
기타유동자산
9,782
18,707
18,135
재고자산
332,034
641,582
872,783
비유동자산
1,878,373
1,002,174
1,044,716
유형자산
1,108,832
164,654
194,469
무형자산
635,690
770,653
728,145
기타비유동자산
133,851
66,867
122,102
자산총계
6,411,002
7,119,943
4,057,419
유동부채
656,269
2,709,081
1,655,898
비유동부채
2,856,291
500,090
2,171,560
부채총계
3,512,560
3,209,171
3,827,458
자본금
2,397,964
2,366,714
2,014,214
자본잉여금
18,722,424
18,181,632
11,484,132
기타자본
(910,083)
(1,007,700)
(1,081,783)
이익잉여금
(17,311,864)
(15,629,874)
(12,186,602)
자본총계
2,898,441
3,910,771
229,961
부채와자본총계
6,441,002
7,119,943
4,057,419
2019.1.1~2019.12.31
2018.1.1~2018.12.31
2017.1.1~2017.12.31
매출액
3,948,944
1,384,404
3,135,921
영업이익
(1,957,987)
(3,023,878)
(2,758,646)
법인세비용차감전순이익
(1,462,466)
(3,398,754)
(3,040,950)
당기순이익
(1,462,466)
(3,398,754)
(3,040,950)
주당손익
기본주당손실
(308)
(805)
(775)
희석주당손실
(308)
(805)
(775)
https://dart.fss.or.kr/dsaf001/main.do?rcpNo=20201109000327
1/1