HD현대마린엔진 / 2021.03.22 [정정] 사업보고서
1. 요약재무정보
가. 요약연결재무정보
[ 단위 : 원 ]
사업연도
제19기
제18기
제17기
구분
(2019년 12월말)
(2018년 12월말)
(2017년 12월말)
[유동자산]
174,466,000,000
207,730,000,000
222,702,000,000
[매각예정비유동자산]
46,822,000,000
113,338,000,000
1,044,000,000
[비유동자산]
226,261,000,000
246,130,000,000
520,568,000,000
자산총계
447,549,000,000
567,198,000,000
744,314,000,000
[유동부채]
198,542,000,000
282,227,000,000
300,778,000,000
[비유동부채]
119,002,000,000
118,540,000,000
282,537,000,000
부채총계
317,544,000,000
400,767,000,000
583,315,000,000
[이익잉여금]
(442,953,000,000)
(406,698,000,000)
(287,611,000,000)
자본총계
130,005,000,000
166,431,000,000
160,999,000,000
(2019.1.1.~
2019.12.31.)
(2018.1.1.~
2018.12.31.)
(2017.1.1.~
2017.12.31.)
매출액
253,983,000,000
214,807,000,000
185,241,000,000
영업이익(영업손실)
(10,696,000,000)
(14,602,000,000)
446,000,000
계속사업이익(계속사업손실)
(35,896,000,000)
(152,704,000,000)
718,791,000,000
당기순이익(당기순손실)
(35,896,000,000)
(107,605,000,000)
750,927,000,000
지배회사지분순이익(순손실)
(35,896,000,000)
(107,605,000,000)
750,927,000,000
주당순이익(주당순손실)(원)
(1,278)
(18,535)
258,132
연결에 포함된 회사수
3
2
2