SOOP / 2025.03.10 [정정] 사업보고서
1. 요약재무정보
가. 요약 연결재무정보
[단위:백만원]
구분
24기
23기
22기
[유동자산]
145,005
95,822
63,375
ㆍ현금및현금성자산
27,336
35,721
23,004
ㆍ매출채권및기타채권
49,989
45,172
28,541
ㆍ유동금융자산
64,722
12,834
10,208
ㆍ기타유동자산
2,958
2,095
1,622
[비유동자산]
83,544
61,722
40,067
ㆍ관계기업투자
6,342
3,433
608
ㆍ유형자산
28,204
25,085
13,900
ㆍ무형자산
8,551
8,133
2,357
ㆍ사용권자산
8,539
-
-
ㆍ투자부동산
710
-
-
ㆍ비유동금융자산
16,988
14,309
12,645
ㆍ기타비유동자산
14,210
10,762
10,557
자산총계
228,549
157,544
103,442
[유동부채]
93,109
64,344
33,334
[비유동부채]
13,652
307
-
부채총계
106,761
64,651
33,334
[자본금]
5,747
5,747
5,653
[연결자본잉여금]
48,008
48,008
41,012
[연결기타자본항목]
(7,388)
(5,823)
(4,518)
[연결기타포괄손익누계액]
(3,617)
(2,395)
(923)
[연결이익잉여금]
76,179
46,891
28,449
[비지배지분]
2,859
465
435
자본총계
121,788
92,893
70,108
구분
2019.01.01 ~2019.12.31
2018.01.01 ~2018.12.31
2017.01.01 ~2017.12.31
매출액
167,656
126,628
94,552
영업이익(손실)
36,726
27,123
18,323
계속영엽당기순이익(손실)
34,160
21,335
14,659
당기순이익
34,160
21,335
14,659
지배기업소유지분순이익
34,371
21,563
14,745
비지배지분순이익
(211)
(228)
(86)
주당순이익
3,164원
2,016원
1,418원
연결에 포함된 회사수
13
13
8
나. 요약 재무정보
[단위:백만원]
구분
24기
23기
22기
[유동자산]
135,742
90,757
64,085
ㆍ현금및현금성자산
22,276
29,591
21,280
ㆍ매출채권및기타채권
49,224
47,167
30,703
ㆍ유동금융자산
61,741
12,750
10,208
ㆍ기타유동자산
2,501
1,249
1,894
[비유동자산]
81,297
65,791
43,368
ㆍ종속,관계기업투자
24,461
24,885
8,430
ㆍ유형자산
21,178
17,608
13,776
ㆍ무형자산
2,641
1,956
2,049
ㆍ사용권자산
5,130
-
-
ㆍ비유동금융자산
16,886
14,195
12,645
ㆍ기타비유동자산
11,001
7,147
6,468
자산총계
217,039
156,547
107,453
[유동부채]
86,039
58,976
32,747
[비유동부채]
8,547
-
-
부채총계
94,586
58,976
32,747
[자본금]
5,747
5,747
5,653
[자본잉여금]
48,008
48,008
41,012
[기타자본항목]
(4,542)
(5,543)
(4,238)
[기타포괄손익누계액]
(3,525)
(2,337)
(899)
[이익잉여금]
76,765
51,696
33,178
자본총계
122,453
97,571
74,706
종속,관계기업
투자주식의 평가방법
원가법, 지분법
원가법, 지분법
원가법, 지분법
구분
2019.01.01 ~2019.12.31
2018.01.01 ~2018.12.31
2017.01.01 ~2017.12.31
매출액
154,772
120,650
94,003
영업이익(손실)
42,025
31,036
20,893
계속영업당기순이익(손실)
30,152
22,346
12,985
당기순이익
30,152
22,346
12,985
주당순이익
2,776원
2,090원
1,248원