삼아알미늄 / 2020.03.30 사업보고서
1. 요약재무정보
가. 요약연결재무정보
(단위 :백만원 )
구분
제51기
제50기
제49기
[유동자산]
79,087
75,126
73,146
현금및현금성자산
3,797
3,176
7,547
매출채권
27,639
29,294
28,390
재고자산
43,573
39,613
36,131
당기법인세자산
0
0
14
기타금융자산
1,986
464
176
기타유동자산
2,092
2,579
888
[비유동 자산]
129,386
121,615
118,039
매도가능금융자산
0
0
38
당기손익공정가치측정금융자산
91
53
0
관계기업투자
2,549
2,514
2,507
유형자산
120,173
113,436
113,069
사용권자산
2,671
0
0
무형자산
1,997
2,149
39
기타금융자산
1,884
3,453
1,752
기타비유동자산
0
0
634
이연법인세자산
21
10
0
자산총계
208,473
196,741
191,185
[유동부채]
86,373
76,052
72,085
당기손익공정가치측정금융부채
0
1,000
0
매입채무
11,231
11,586
12,101
단기차입금및유동성장기차입금
62,922
58,022
57,262
당기법인세부채
629
227
0
충당부채
160
218
0
기타금융부채
11,117
4,644
2,545
기타유동부채
314
355
177
[비유동 부채]
13,272
15,031
14,838
장기차입금
2,000
3,313
6,187
순확정급여부채
2,411
2,748
2,463
기타금융부채
990
1,604
0
이연법인세부채
6,731
6,244
5,940
기타비유동부채
1,140
1,122
248
부채총계
99,645
91,083
86,923
[자본금]
5,500
5,500
5,500
[기타불입자본]
4,750
4,750
4,750
[연결이익잉여금]
98,578
95,408
94,012
자본총계
108,828
105,658
104,262
부채 및 자본 총계
208,473
196,741
191,185
관계기업 투자주식의 평가방법
지분법
지분법
지분법
2019년 01월~12월
2018년 01월~12월
2017년 01월~12월
매출액
191,124
171,319
136,859
영업이익
6,441
5,530
3,458
연결총당기순이익
4,952
2,768
124
지배회사지분순이익
4,952
2,768
124
소수주주지분순이익
0
0
0
총포괄이익
4,269
2,001
110
주당순이익(원)
450
252
11
연결에 포함된 회사수
1
1
0
나. 요약별도재무정보
(단위 :백만원 )
구분
제51기
제50기
제49기
[유동자산]
77,370
73,757
73,146
현금및현금성자산
3,401
2,166
7,547
매출채권
25,476
28,147
28,390
재고자산
40,124
37,538
36,131
당기법인세자산
0
0
14
기타금융자산
6,354
3,472
176
기타유동자산
2,015
2,434
888
[비유동 자산]
130,502
122,690
118,039
매도가능금융자산
0
0
38
당기손익공정가치측정금융자산
91
53
0
종속기업투자
3,628
3,392
0
관계기업투자
2,549
2,514
2,507
유형자산
120,103
113,369
113,069
사용권자산
2,333
0
0
무형자산
54
39
39
기타금융자산
1,744
3,323
1,752
기타비유동자산
0
0
634
자산총계
207,872
196,447
191,185
[유동부채]
85,806
75,758
72,085
당기손익공정가치측정금융부채
0
1,000
0
매입채무
7,557
9,345
12,101
단기차입금및유동성장기차입금
62,922
58,022
57,262
당기법인세부채
586
227
0
충당부채
160
218
0
기타금융부채
14,295
6,620
2,545
기타유동부채
286
326
177
[비유동 부채]
13,238
15,031
14,838
장기차입금
2,000
3,313
6,187
순확정급여부채
2,411
2,748
2,463
기타금융부채
956
1,604
0
이연법인세부채
6,731
6,244
5,940
기타비유동부채
1,140
1,122
248
부채총계
99,044
90,789
86,923
[자본금]
5,500
5,500
5,500
[기타불입자본]
4,750
4,750
4,750
[이익잉여금]
98,578
95,408
94,012
자본총계
108,828
105,658
104,262
부채 및 자본 총계
207,872
196,447
191,185
관계기업 투자주식의 평가방법
지분법
지분법
지분법
2019년 01월~12월
2018년 01월~12월
2017년 01월~12월
매출액
145,093
150,218
136,859
영업이익
6,113
5,500
3,458
당기순이익
4,952
2,768
124
총포괄이익
4,269
2,001
110
주당순이익(원)
450
252
11