SK텔레콤 / 2020.03.30 사업보고서
1. 요약재무정보
가. 요약연결재무정보
(단위: 백만원)
과목
제36기
제35기
제34기
자산
Ⅰ.유동자산
8,102,294
7,958,839
6,201,799
현금및현금성자산
1,270,824
1,506,699
1,457,735
매출채권
2,230,979
2,008,640
2,126,007
미수금
905,436
937,837
1,260,835
기타의유동자산
3,695,055
3,505,663
1,357,222
Ⅱ.비유동자산
36,509,326
34,410,272
27,226,870
장기투자자산
857,215
664,726
887,007
관계기업및공동기업투자
13,385,264
12,811,771
9,538,438
유형자산
12,334,280
10,718,354
10,144,882
무형자산
4,866,092
5,513,510
3,586,965
영업권
2,949,530
2,938,563
1,915,017
기타의비유동자산
2,116,945
1,763,348
1,154,561
자산총계
44,611,620
42,369,111
33,428,669
부채
Ⅰ.유동부채
7,787,722
6,847,557
7,109,123
Ⅱ.비유동부채
14,000,362
13,172,304
8,290,351
부채총계
21,788,084
20,019,861
15,399,474
자본
Ⅰ.지배기업 소유주에 귀속되 는 자본
22,956,829
22,470,822
17,842,139
자본금
44,639
44,639
44,639
기타불입자본
1,006,481
655,084
196,281
이익잉여금
22,235,285
22,144,541
17,835,946
기타자본구성요소
-329,576
-373,442
-234,727
Ⅱ.비지배지분
-133,293
-121,572
187,056
자본총계
22,823,536
22,349,250
18,029,195
부채와자본총계
44,611,620
42,369,111
33,428,669
연결에 포함된 회사수
48
44
39
과목
제36기
제35기
제34기
Ⅰ.영업수익
17,743,702
16,873,960
17,520,013
Ⅱ.영업이익
1,109,980
1,201,760
1,536,626
Ⅲ.법인세비용차감전계속영업순이익
1,162,655
3,975,966
3,403,249
Ⅳ.연결당기순이익
861,942
3,131,988
2,657,595
Ⅴ.연결당기순이익의귀속:
지배회사지분순이익
889,907
3,127,887
2,599,829
소수주주지분순이익
-27,965
4,101
57,766
Ⅵ.지배기업 소유주 지분에 대한 주당이익:
기본 및 희석 주당순이익(원)
12,144
44,066
36,582
주) 제34기(전전기) 내용은 종전 기준서인 K-IFRS 1018호 및 1039호에 따라 작성되었습니 다.
나. 요약 재무정보
(단위 : 백만원)
과목
제36기
제35기
제34기
자산
Ⅰ.유동자산
5,011,363
4,679,378
3,768,098
현금및현금성자산
497,282
877,823
880,583
매출채권
1,479,971
1,354,260
1,520,209
미수금
507,680
518,451
1,003,509
기타의유동자산
2,526,430
1,928,844
363,797
Ⅱ.비유동자산
25,828,004
24,168,645
21,789,424
장기투자자산
510,633
410,672
724,603
종속기업, 관계기업 및 공동 기업투자
10,578,158
10,188,914
9,152,321
유형자산
8,264,888
6,943,490
6,923,133
무형자산
3,461,152
4,010,864
3,089,545
영업권
1,306,236
1,306,236
1,306,236
기타의비유동자산
1,706,937
1,308,469
593,586
자산총계
30,839,367
28,848,023
25,557,522
부채
Ⅰ.유동부채
5,057,478
4,178,068
4,767,401
Ⅱ.비유동부채
8,392,150
7,782,468
5,782,730
부채총계
13,449,628
11,960,536
10,550,131
자본
Ⅰ.자본금
44,639
44,639
44,639
Ⅱ.기타불입자본
715,619
415,324
371,895
Ⅲ.이익잉여금
16,678,787
16,467,789
14,512,556
Ⅳ.기타자본항목
-49,306
-40,265
78,301
자본총계
17,389,739
16,887,487
15,007,391
종속·관계·공동기업 투자주식의 평가방법
원가법
원가법
원가법
부채와자본총계
30,839,367
28,848,023
25,557,522
과목
제36기
제35기
제34기
Ⅰ.영업수익
11,416,215
11,705,639
12,468,035
Ⅱ.영업이익
950,109
1,307,494
1,697,709
Ⅲ.법인세비용차감전순이익
1,185,490
1,221,244
1,603,808
Ⅳ.당기순이익
980,338
933,902
1,331,114
Ⅴ.주당이익:
기본 및 희석 주당순이익(원)
13,399
13,000
18,613
주) 제34기(전전기) 내용은 종전 기준서인 K-IFRS 1018호 및 1039호에 따라 작성되었습니
다.