아이티센글로벌 / 2020.03.30 사업보고서
1. 요약재무정보
1) 요약연결 재무정보
(단위 : 원)
구분
제16기
제15기
제14기
[유동자산]
206,197,962,236
216,521,973,329
103,881,478,919
ㆍ당좌자산
160,238,692,124
170,957,601,297
93,401,905,347
ㆍ재고자산
42,993,408,631
41,861,535,816
9,647,472,445
ㆍ기타자산
2,965,861,481
3,702,836,216
832,101,127
[비유동자산]
186,725,379,537
186,895,414,275
68,255,123,919
ㆍ투자자산
57,996,870,947
47,578,721,720
13,985,916,484
ㆍ유형자산
57,076,030,288
61,936,989,934
29,960,200,601
ㆍ무형자산
69,670,470,509
75,376,829,259
21,580,613,767
ㆍ기타비유동자산
1,982,007,793
2,002,873,362
2,728,393,067
자산총계
392,923,341,773
403,417,387,604
172,136,602,838
[유동부채]
148,366,992,611
168,761,814,852
75,284,372,782
[비유동부채]
79,871,719,383
59,175,274,518
22,202,789,630
부채총계
228,238,711,994
227,937,089,370
97,487,162,412
[지배기업 소유주지분]
30,475,179,644
32,503,037,213
35,406,658,229
ㆍ자본금
8,095,462,500
7,850,341,000
7,639,116,000
ㆍ자본잉여금
23,618,508,786
22,004,289,692
20,779,411,880
ㆍ기타자본구성요소
(2,049,812,699)
1,988,474,208
3,546,771,834
ㆍ기타포괄손익누계액
209,064,619
99,001,683
24,628,804
ㆍ이익잉여금
601,956,438
560,930,630
3,416,729,711
[비지배지분]
134,209,450,135
142,977,261,021
39,242,782,197
자본총계
164,684,629,779
175,480,298,234
74,649,440,426
종속·관계·공동기업 투자주식의 평가방법
원가법
원가법
원가법
(2019.01.01 ~ 2019.12.31)
(2018.01.01 ~ 2018.12.31)
(2017.01.01 ~ 2017.12.31)
매출액
1,542,384,997,188
549,190,542,757
169,035,068,639
영업이익(영업손실)
24,118,534,890
8,325,311,352
3,064,723,260
당기순이익(당기순손실)
5,561,853,817
5,122,050,859
(126,449,862)
지배기업지분순이익
333,058,903
(296,253,515)
990,328,932
주당순이익(주당순손실)
21
(19)
73
희석주당순이익
17
(19)
73
연결에 포함된 회사 수
8
10
5
※ 위 연결에 포함된 회사수는 2019년 12월말 시점, 기준 입니다.
2) 요약재무정보 (별도)
(단위:원)
구분
제16기
제15기
제14기
[유동자산]
21,707,766,680
15,031,632,170
17,904,391,060
ㆍ당좌자산
21,431,170,663
11,497,398,907
16,182,489,272
ㆍ재고자산
22,162,879
3,140,490,817
1,614,763,673
ㆍ기타자산
254,433,138
393,742,446
107,138,115
[비유동자산]
111,801,822,451
108,407,946,853
64,421,513,070
ㆍ투자자산
87,991,452,689
85,992,140,261
47,532,926,000
ㆍ유형자산
16,834,061,686
16,875,437,839
12,660,554,668
ㆍ무형자산
3,899,511,820
2,755,502,399
1,597,735,071
ㆍ기타비유동자산
3,076,796,256
2,784,866,354
2,630,297,331
자산총계
133,509,589,131
123,439,579,023
82,325,904,130
[유동부채]
48,394,514,139
69,391,744,366
33,766,532,827
[비유동부채]
43,255,351,027
17,391,923,689
12,313,337,186
부채총계
91,649,865,166
86,783,668,055
46,079,870,013
[자본금]
8,095,462,500
7,850,341,000
7,639,116,000
[자본잉여금]
23,618,508,786
22,004,289,692
20,779,411,880
[기타자본구성요소]
1,300,109,291
1,521,152,831
1,644,131,186
[기타포괄손익누계액]
-
-
98,543,294
[이익잉여금]
8,845,643,388
5,280,127,445
6,084,831,757
자본총계
41,859,723,965
36,655,910,968
36,246,034,117
종속·관계·공동기업 투자주식의 평가방법
원가법
원가법
원가법
(2019.01.01 ~ 2019.12.31)
(2018.01.01 ~ 2018.12.31)
(2017.01.01 ~ 2017.12.31)
매출액
134,543,195,632
117,544,351,857
154,028,751,553
영업이익(영업손실)
4,991,883,351
715,170,248
4,176,680,419
당기순이익(당기순손실)
3,565,515,943
1,448,613,041
1,850,441,913
주당순이익(주당순손실)
221
93
137
희석주당순이익
180
93
137