그래디언트 / 2020.03.30 사업보고서
1. 요약재무정보
(1) 요약연결재무정보
(단위 : 원)
구분
제23기
제22기
제21기
2019년 12월말
2018년 12월말
2017년 12월말
[유동자산]
1,206,801,337,000
1,261,972,833,000
1,229,878,564,000
ㆍ현금및현금성자산
143,135,378,000
168,076,807,000
133,905,382,000
[비유동자산]
573,250,573,000
547,691,655,000
574,654,791,000
자산총계
1,780,051,910,000
1,809,664,488,000
1,804,533,355,000
[유동부채]
980,078,259,000
1,016,015,610,000
976,373,593,000
[비유동부채]
130,387,142,000
79,167,780,000
85,842,780,000
부채총계
1,110,465,400,000
1,095,183,390,000
1,062,216,373,000
[자본금]
30,421,047,000
30,421,047,000
30,421,047,000
[이익잉여금]
158,093,092,000
166,058,134,000
175,114,840,000
[비지배지분]
377,031,915,000
410,670,287,000
426,214,330,000
자본총계
669,586,510,000
714,481,098,000
742,316,982,000
2019년 1월 1일 ~ 2019년 12월 31일
2018년 1월 1일 ~ 2018년 12월 31일
2017년 1월 1일 ~ 2017년 12월 31일
매출
3,412,333,826,000
3,440,906,300,000
3,541,486,629,000
영업이익
45,164,129,000
19,963,614,000
29,816,493,000
연결총당기순이익
6,507,368,000
(4,194,664,000)
(63,634,928,000)
지배기업 소유주지분
(4,763,069,000)
(8,668,590,000)
(71,594,447,000)
지배기업 기본주당순이익(원)
(89)
(155)
(1,259)
연결에 포함된 회사수
23개
28개
27 개