HD한국조선해양 / 2020.03.30 사업보고서
1. 요약재무정보
가. 요약연결재무정보
(단위 : 원)
구 분
제 46 기
제 45 기
제 44 기
(2019년 12월말)
(2018년 12월말)
(2017년 12월말)
[유동자산]
12,545,989,000,000
12,316,693,000,000
17,663,720,000,000
ㆍ현금 및 현금성자산
2,225,143,000,000
3,041,786,000,000
3,239,727,000,000
[비유동자산]
12,509,384,000,000
12,413,206,000,000
12,745,128,000,000
자산총계
25,055,373,000,000
24,729,899,000,000
30,408,848,000,000
[유동부채]
8,941,941,000,000
9,410,253,000,000
15,614,871,000,000
[비유동부채]
3,187,117,000,000
2,208,682,000,000
2,421,939,000,000
부채총계
12,129,058,000,000
11,618,935,000,000
18,036,810,000,000
[자본금]
353,866,000,000
353,866,000,000
283,327,000,000
[이익잉여금]
16,180,566,000,000
16,043,717,000,000
16,236,902,000,000
[비지배지분]
1,359,413,000,000
1,228,742,000,000
1,250,597,000,000
자본총계
12,926,315,000,000
13,110,964,000,000
12,372,038,000,000
관계,공동기업 투자주식의 평가방법
지분법
지분법
지분법
(2019년 1월 1일 ~ 2019년 12월 31일)
(2018년 1월 1일 ~ 2018년 12월 31일)
(2017년 1월 1일 ~ 2017년 12월 31일)
매 출 액
15,182,553,000,000
13,161,046,000,000
15,490,996,000,000
영업이익(손실)
290,168,000,000
(481,365,000,000)
36,806,000,000
당기순이익(손실)
213,081,000,000
(453,610,000,000)
2,693,142,000,000
총포괄이익(손실)
179,700,000,000
(551,775,000,000)
2,607,049,000,000
지배기업의 소유지분에 대한 주당이익(손실)(원)
2,183
(7,855)
44,798
연결에 포함된 종속기업수
23
21
38
나. 요약재무정보
(단위 : 원)
구 분
제 46 기
제 45 기
제 44 기
(2019년 12월말)
(2018년 12월말)
(2017년 12월말)
[유동자산]
1,425,353,000,000
8,499,956,000,000
8,552,688,000,000
[비유동자산]
9,847,182,000,000
11,177,995,000,000
11,377,527,000,000
자산총계
11,272,535,000,000
19,677,951,000,000
19,930,215,000,000
[유동부채]
362,235,000,000
6,582,156,000,000
7,606,240,000,000
[비유동부채]
48,609,000,000
1,697,257,000,000
1,828,600,000,000
부채총계
410,844,000,000
8,279,413,000,000
9,434,840,000,000
[자본금]
353,866,000,000
353,866,000,000
283,327,000,000
[이익잉여금]
16,487,071,000,000
15,863,005,000,000
15,925,512,000,000
자본총계
10,861,691,000,000
11,398,538,000,000
10,495,375,000,000
(2019년 1월 1일 ~ 2019년 12월 31일)
(2018년 1월 1일 ~ 2018년 12월 31일)
(2017년 1월 1일 ~ 2017년 12월 31일)
매출액
3,356,829,000,000
8,108,822,000,000
10,173,260,000,000
영업이익(손실)
24,605,000,000
(291,625,000,000)
81,286,000,000
당기순이익(손실)
(74,658,000,000)
(351,119,000,000)
4,092,460,000,000
총포괄이익(손실)
(98,557,000,000)
(497,576,000,000)
4,062,742,000,000
주당이익(손실)(원)
(1,193)
(5,581)
69,136