서호전기 / 2020.03.31 [정정] 사업보고서
1. 요약재무정보
1)요약연결재무정보
- 당사는 2011회계연도부터 한국채택국제회계기준(K-IFRS)을 도입하였으며, 하기 재무정보는 한국채택 국제회계기준(K-IFRS)에 따라 작성된 연결재무정보입니다.
(단위 : 원)
구분
제 32 기
제 31 기
제 30 기
[유동자산]
43,034,117,000,000
58,709,893,000,000
55,706,738,000,000
[비유동자산]
50,107,504,000,000
20,345,652,000,000
21,010,602,000,000
자산총계
93,141,622,000,000
79,055,545,000,000
76,717,340,000,000
[유동부채]
16,996,174,000,000
16,115,864,000,000
15,198,943,000,000
[비유동부채]
1,162,037,000,000
471,899,000,000
1,443,937,000,000
부채총계
18,158,212,000,000
16,587,763,000,000
16,642,880,000,000
[자본금]
2,575,000,000,000
2,575,000,000,000
2,575,000,000,000
[이익잉여금]
66,137,645,000,000
53,632,381,000,000
51,222,437,000,000
[비지배지분]
159,316,000,000
142,208,000,000
151,827,000,000
자본총계
74,983,409,000,000
62,467,782,000,000
60,074,460,000,000
매출액
64,884,055,000,000
31,190,679,000,000
44,670,865,000,000
영업이익
12,245,032,000,000
6,540,195,000,000
12,988,135,000,000
당기순이익
15,313,675,000,000
5,417,452,000,000
6,185,311,000,000
총포괄손익
15,086,088,000,000
5,991,968,000,000
5,864,898,000,000
기본주당순이익(원)
2,978
1,056
1,198
연결에 포함된 회사수
1개
1개
1개