현대바이오 / 2022.03.21 [정정] 사업보고서
1. 요약재무정보
가.연결 요약재무정보
[단위 : 백만원]
구분
제21기
제20기
제19기
[유동자산]
41,860
33,269
35,692
ㆍ현금및현금성자산
19,215
5,555
3,162
ㆍ단기금융상품
0
1,500
0
ㆍ매출채권 및 기타금융자산
17,431
19,839
26,172
ㆍ재고자산
4,215
6,080
4,175
ㆍ기타유동자산
985
278
2,174
ㆍ당기법인세자산
14
17
9
[비유동자산]
51,881
30,951
18,317
ㆍ기타금융자산
320
793
308
ㆍ관계기업 및 종속기업 투자주식
4,875
2,959
1,156
ㆍ유형자산
6,674
7,196
8,370
ㆍ무형자산
39,395
19,409
8,483
ㆍ매각예정자산
618
594
0
자산총계
93,741
64,220
54,008
[유동부채]
8,968
13,947
11,437
[비유동부채]
32,435
2,516
2,087
부채총계
41,403
16,463
13,524
[자본금]
17,958
17,323
16,859
[주식발행초과금]
64,317
57,591
51,718
[결손금]
-70,156
-61,853
-63,330
[기타자본구성요소]
40,219
34,697
35,237
지배기업의 소유지분
52,338
47,758
40,484
비지배지분
0
0
0
자본총계
52,338
47,758
40,484
매출액
12,511
30,086
31,236
영업이익
-4,540
2,555
2,079
법인세비용차감전계속영업이익(손실)
-7,933
1,748
3,258
계속영업이익(손실)
-8,260
1,569
3,108
중단영업이익(손실)
0
-448
-490
당기순이익(손실)
-8,260
1,121
2,618
지배기업의 소유주
-8,260
1,121
2,618
비지배지분
0
0
0
기본주당순이익(원)
-230
32
78
연결에 포함된 회사수
4
4
4
나. 별도 요약재무정보
[단위 : 백만원]
구분
제21기
제20기
제19기
[유동자산]
41,545
33,280
33,385
ㆍ현금및현금성자산
19,077
5,498
2,420
ㆍ단기금융상품
0
1,500
0
ㆍ매출채권 및 기타금융자산
17,377
20,510
27,404
ㆍ재고자산
4,097
5,483
2,421
ㆍ기타유동자산
984
276
1,138
ㆍ당기법인세자산
10
12
1
[비유동자산]
48,755
29,206
17,741
ㆍ기타금융자산
317
790
305
ㆍ관계기업 및 종속기업 투자주식
2,369
1,811
638
ㆍ유형자산
6,674
7,196
8,315
ㆍ무형자산
39,395
19,409
8,483
자산총계
90,299
62,486
51,126
[유동부채]
8,928
13,882
9,440
[비유동부채]
31,078
1,481
1,919
부채총계
40,007
15,362
11,359
[자본금]
17,958
17,323
16,859
[주식발행초과금]
64,317
57,591
51,718
[결손금]
-74,357
-64,610
-66,211
[기타자본구성요소]
42,374
36,820
37,400
자본총계
50,293
47,123
39,767
종속·관계·공동기업 투자주식의 평가방법
원가법
원가법
원가법
매출액
12,363
24,918
26,488
영업이익
-4,737
3,125
2,373
법인세비용차감전순이익
-9,703
1,675
2,602
당기순이익
-9,703
1,658
2,588
기본주당순이익(원)
-270원
48원
77원