S-Oil / 2021.03.22 사업보고서
1. 요약재무정보
가. 요약연결재무정보
(단위 : 원)
구분
제46기
제45기
제44기
(2020.12.31)
(2019.12.31)
(2018.12.31)
[유동자산]
4,996,549,000,000
5,628,862,000,000
5,854,506,000,000
ㆍ현금 및 현금성자산
737,439,000,000
291,005,000,000
664,506,000,000
자산총계
15,690,510,000,000
16,333,401,000,000
15,955,044,000,000
[유 동 부 채]
6,565,111,000,000
5,748,660,000,000
5,789,047,000,000
[비유동부채]
3,442,922,000,000
4,088,115,000,000
3,696,763,000,000
부채총계
10,008,033,000,000
9,836,775,000,000
9,485,810,000,000
[자본금]
291,512,000,000
291,512,000,000
291,512,000,000
[이익잉여금]
4,035,707,000,000
4,848,171,000,000
4,823,057,000,000
자본총계
5,682,477,000,000
6,496,626,000,000
6,469,234,000,000
(2020.01.01~ 2020.12.31)
(2019.01.01~ 2019.12.31)
(2018.01.01~ 2018.12.31)
매출액
16,829,681,000,000
24,394,173,000,000
25,463,295,000,000
구분
제46기
제45기
제44기
(2020.12.31)
(2019.12.31)
(2018.12.31)
영업이익 (손실)
-1,099,146,000,000
420,077,000,000
639,460,000,000
당기순이익 (손실)
-796,108,000,000
65,429,000,000
258,035,000,000
주당이익(단위:원)
보통주 기본 및 희석주당이익
-6,839
561
2,216