메가스터디 / 2021.03.18 사업보고서
1. 요약재무정보
가. 요약연결재무정보
(단위 : 원)
구분
제21기
제20기
제19기
2020년 12월말
2019년 12월말
2018년 12월말
[유동자산]
167,466,262,618
147,367,157,984
171,613,899,341
자산총계
402,799,621,907
379,554,212,134
366,307,609,499
[유동부채]
57,870,693,295
64,652,723,256
59,373,268,767
[비유동부채]
29,781,731,289
17,275,590,042
15,625,851,662
부채총계
87,652,424,584
81,928,313,298
74,999,120,429
[자본금]
5,960,479,500
5,960,479,500
5,960,479,500
[이익잉여금]
277,600,517,261
261,925,380,019
253,885,050,236
[비지배지분]
32,152,036,357
31,011,724,463
32,658,136,014
자본총계
315,147,197,323
297,625,898,836
291,308,489,070
2020년 1월~12월
2019년 1월~12월
2018년 1월~12월
수익(매출액)
132,954,109,369
140,193,511,461
134,558,059,949
영업이익(손실)
10,867,486,346
2,310,618,399
6,345,838,442
당기순이익(손실)
22,399,945,981
11,417,830,268
23,807,745,520
지배기업 소유주지분
21,177,666,026
12,677,899,917
22,710,308,139
기본 및 희석주당이익
1,786
1,069
1,915