에이프로젠 / 2022.03.16 [정정] 사업보고서
1. 요약재무정보
가. 요약연결재무정보
(단위 : 원)
구분
제18기
제17기
제16기
2017년 12월말
2016년 12월말
2015년 12월말
[유동자산]
82,363,359,387
141,475,340,557
131,219,377,434
현금및현금성자산
42,558,243,050
123,355,951,851
114,289,110,866
매출채권 및 기타유동채권
34,150,160,446
5,002,096,785
709,088,417
당기법인세자산
61,369,470
275,794,110
-
재고자산
3,808,073,163
4,648,923,429
10,834,456,053
[비유동자산]
191,338,990,131
75,305,433,227
51,278,646,404
장기매출채권 및 기타비유동채권
1,827,890,396
1,745,049,880
1,432,379,880
기타비유동금융자산
26,768,788,093
24,361,087,500
20,082,847,500
유형자산
117,413,317,762
46,089,629,732
24,575,626,988
무형자산
2,352,428,423
3,045,863,066
3,732,219,349
자산총계
273,702,349,518
216,780,773,784
182,498,023,838
[유동부채]
68,383,776,228
32,230,846,853
35,265,289,597
[비유동부채]
33,598,276,267
61,719,720,133
72,672,353,774
부채총계
101,982,052,495
93,950,566,986
107,937,643,371
[지배기업 소유주지분]
자본금
24,397,866,000
23,796,716,000
22,925,216,000
자본잉여금
95,239,047,669
75,977,457,008
63,413,375,164
기타포괄손익누계액
15,285,012,055
14,320,237,631
10,874,217,131
이익잉여금(결손금)
10,773,811,724
(6,837,207,307)
(28,249,769,200)
비지배지분
18,095,847,092
6,936,020,027
-
자본총계
171,720,297,023
122,830,206,798
74,560,380,467
관계기업투자주식의 평가방법
지분법
지분법
지분법
2017년 1월~12월
2016년 1월~12월
2015년 1월~12월
매출액
62,178,381,194
68,032,078,078
1,823,518,065
영업이익
27,518,741,513
27,285,046,575
(15,319,976,860)
연결총당기순이익
16,840,224,651
21,609,308,825
302,637,908
지배기업 소유주지분
17,707,031,039
21,609,308,825
785,977,844
기본주당순이익(단위 : 원)
367
457
19
희석주당순이익(단위 : 원)
367
457
19
연결에 포함된 회사수
1
1
1
※ 한국채택국제회계기준 작성기준에 따라 작성되었습니다.
나. 요약재무정보
(단위 : 원)
구분
제18기
제17기
제16기
2017년 12월말
2016년 12월말
2015년 12월말
[유동자산]
54,869,838,264
57,958,870,522
93,355,095,247
현금및현금성자산
42,241,111,410
47,290,489,495
76,554,177,649
매출채권 및 기타유동채권
8,208,612,811
4,069,214,112
702,168,407
재고자산
3,808,073,163
4,648,923,429
10,834,456,053
[비유동자산]
159,323,794,704
151,624,815,692
83,684,606,915
장기매출채권 및 기타비유동채권
1,526,890,396
1,505,049,880
1,432,379,880
기타비유동금융자산
105,313,294,280
110,039,453,285
53,668,350,724
유형자산
12,549,200,544
15,196,814,365
11,791,431,951
무형자산
2,348,674,392
3,040,555,643
3,732,219,349
자산총계
214,193,632,968
209,583,686,214
177,039,702,162
[유동부채]
23,911,043,649
27,701,549,753
33,069,862,021
[비유동부채]
32,561,101,630
60,753,966,238
67,692,907,985
부채총계
56,472,145,279
88,455,515,991
100,762,770,006
[자본금]
24,397,866,000
23,796,716,000
22,925,216,000
[자본잉여금]
85,281,858,928
76,009,688,706
64,488,750,835
[기타포괄손익누계액]
14,408,579,333
13,521,645,269
10,687,738,291
[이익잉여금(결손금)]
25,704,470,945
(836,863,191)
(27,422,114,342)
자본총계
157,721,487,689
121,128,170,223
76,276,932,156
종속기업 및 관계기업투자주식의 평가방법
지분법
지분법
지분법
2017년 1월~12월
2016년 1월~12월
2015년 1월~12월
매출액
62,178,381,194
68,032,078,078
1,823,518,065
영업이익
28,227,716,091
27,748,211,022
(14,984,285,191)
당기순이익
26,634,854,353
26,781,998,083
1,062,826,785
기본주당순이익(단위 : 원)
552
566
26
희석주당순이익(단위 : 원)
552
566
26
※ 한국채택국제회계기준 작성기준에 따라 작성되었습니다.