벽산 / 2021.03.19 사업보고서
1. 요약재무정보
가. 요약 연결재무정보
(단위 : 원)
구분
제50기
제49기
제48기
2020.12.31
2019.12.31
2018.12.31
[유동자산]
206,049,000,000
201,402,000,000
227,496,000,000
ㆍ현금및현금성자산
72,794,000,000
65,463,000,000
79,969,000,000
자산총계
464,448,000,000
462,714,000,000
474,554,000,000
[유동부채]
146,841,000,000
133,991,000,000
121,767,000,000
[비유동부채]
25,850,000,000
37,182,000,000
57,086,000,000
부채총계
172,691,000,000
171,173,000,000
178,854,000,000
[자본금]
34,280,000,000
34,280,000,000
34,280,000,000
[이익잉여금]
178,955,000,000
179,426,000,000
184,537,000,000
[비지배지분]
61,300,000,000
59,127,000,000
58,278,000,000
자본총계
291,757,000,000
291,541,000,000
295,700,000,000
2020.01.01~2020.12.31
2019.01.01~2019.12.31
2018.01.01~2018.12.31
수익(매출액)
444,168,000,000
433,534,000,000
432,399,000,000
영업이익(손실)
9,603,000,000
(3,811,000,000)
9,883,000,000
법인세비용차감전순이익(손실)
2,571,000,000
(2,398,000,000)
11,914,000,000
당기순이익(손실)
1,272,000,000
(1,720,000,000)
8,429,000,000
[지배기업지분]
(1,546,000,000)
(2,771,000,000)
7,914,000,000
총포괄손익
2,219,000,000
(3,320,000,000)
7,051,000,000
기본주당순이익(손실)
(27)
(48)
136
연결회사수
4
3
3
※ 한국채택국제회계기준에 의해 작성되었습니다.
※ 연결에 포함된 회사수는 지배회사인 (주)벽산을 포함한 숫자입니다.
※ 제48기(전전기) 연결재무정보는 종전 기준서인 한국채택국제회계기준 제1017호
에 따라 작성되었으며. 제49기(전기) 연결재무정보부터 한국채택국제회계기준 제11 16호에 따라 작성되었습니다.