삼지전자 / 2021.03.18 사업보고서
1. 요약재무정보
요약연결재무제표
(단위 : 원)
구분
제40기
제39기
제38기
2020년 12월말
2019년 12월말
2018년 12월말
[유동자산]
383,871,000,000
297,956,000,000
318,021,000,000
ㆍ현금및현금성자산
65,449,000,000
46,396,000,000
22,646,000,000
[비유동자산]
229,266,000,000
225,501,000,000
214,698,000,000
자산총계
613,137,000,000
559,512,000,000
567,955,000,000
[유동부채]
202,701,000,000
153,691,000,000
216,110,000,000
[비유동부채]
50,649,000,000
74,322,000,000
48,736,000,000
부채총계
253,350,000,000
228,013,000,000
264,846,000,000
[자본금]
8,309,000,000
8,309,000,000
8,309,000,000
[이익잉여금]
155,859,000,000
108,421,000,000
94,038,000,000
[비지배지분]
140,047,000,000
129,846,000,000
115,528,000,000
자본총계
359,787,000,000
331,499,000,000
303,109,000,000
매출액
1,589,477,000,000
1,494,981,000,000
1,439,626,000,000
영업이익
48,077,000,000
36,197,000,000
32,461,000,000
당기순이익
49,770,000,000
33,948,000,000
29,748,000,000
지배기업 소유주지분
26,906,000,000
13,854,000,000
13,415,000,000
비지배지분
22,865,000,000
20,095,000,000
16,333,000,000
계속영업 기본주당순이익(손실)
1,520
678
757
중단영업 기본주당순이익(손실)
225
214
107
연결에 포함된 회사수
10개
9개
7개
※ 주주총회 승인전 재무제표 이며 향후 정기주주총회에서 재무제표 승인 관련 안건이 부결되거나 수정이 발생한 경우 정정보고서를 통해 그 내용 및 사유 등을 반영할 예정입니다.