SK디앤디 / 2021.03.22 사업보고서
1. 요약재무정보
1. 요약연결재무정보
(단위 : 원)
구분
제17기
제16기
제15기
(2020년 12월말)
(2019년 12월말)
(2018년 12월말)
[유동자산]
1,005,809,000,000
818,202,000,000
914,308,000,000
[비유동자산]
706,619,000,000
578,731,000,000
575,772,000,000
자산총계
1,712,428,000,000
1,396,933,000,000
1,490,080,000,000
[유동부채]
705,305,000,000
567,435,000,000
732,672,000,000
[비유동부채]
475,651,000,000
468,073,000,000
409,600,000,000
부채총계
1,180,956,000,000
1,035,508,000,000
1,142,272,000,000
[자본금]
24,190,000,000
18,990,000,000
18,990,000,000
[이익잉여금]
213,976,000,000
172,317,000,000
160,006,000,000
비지배지분
7,075,000,000
-
-
자본총계
531,472,000,000
361,425,000,000
347,808,000,000
2020.01.01 ~ 2020.12.31
2019.01.01 ~ 2019.12.31
2018.01.01 ~ 2018.12.31
구분
제17기
제16기
제15기
(2020년 12월말)
(2019년 12월말)
(2018년 12월말)
매출액
699,753,000,000
454,720,000,000
562,772,000,000
영업이익
139,808,000,000
82,258,000,000
85,097,000,000
당기순이익
66,111,000,000
44,903,000,000
52,412,000,000
총포괄이익
54,297,000,000
45,208,000,000
53,220,000,000
주당순이익
ㆍ보통주 기본주당이익 (원)
2,505
2,365
3,237
ㆍ보통주 희석주당이익 (원)
2,498
2,339
3,077
ㆍ우선주 기본주당이익 (원)
5,762
-
-
ㆍ우선주 희석주당이익 (원)
5,752
-
-

2. 요약재무정보
(단위 : 원)
구분
제17기
제16기
제15기
(2020년 12월말)
(2019년 12월말)
(2018년 12월말)
[유동자산]
858,216,000,000
657,788,000,000
904,083,000,000
[비유동자산]
689,923,000,000
555,218,000,000
420,454,000,000
자산총계
1,548,139,000,000
1,213,006,000,000
1,324,537,000,000
[유동부채]
635,051,000,000
527,092,000,000
717,388,000,000
[비유동부채]
375,529,000,000
319,075,000,000
256,091,000,000
부채총계
1,010,580,000,000
846,167,000,000
973,479,000,000
[자본금]
24,190,000,000
18,990,000,000
18,990,000,000
[이익잉여금]
226,909,000,000
177,806,000,000
163,296,000,000
자본총계
537,559,000,000
366,839,000,000
351,058,000,000
2020.01.01 ~ 2020.12.31
2019.01.01 ~ 2019.12.31
2018.01.01 ~ 2018.12.31
매출액
547,883,000,000
356,862,000,000
555,534,000,000
영업이익
93,566,000,000
40,437,000,000
85,590,000,000
당기순이익
60,663,000,000
30,708,000,000
55,702,000,000
총포괄이익
49,230,000,000
30,978,000,000
56,511,000,000
주당순이익
ㆍ보통주 기본주당이익 (원)
2,288
1,617
3,440
ㆍ보통주 희석주당이익 (원)
2,282
1,617
3,256
ㆍ우선주 기본주당이익 (원)
5,408
-
-
ㆍ우선주 희석주당이익 (원)
5,399
-
-