삼륭물산 / 2021.03.30 사업보고서
1. 요약재무정보
요약재무정보(연결)
(단위: 원)
구분
제41기 기말
제40기 기말
제39기 기말
비고
[유동자산]
46,123,000,000
45,958,000,000
46,492,000,000
[비유동자산]
69,969,000,000
79,636,000,000
80,726,000,000
자산총계
116,093,000,000
125,594,000,000
127,218,000,000
[유동부채]
31,946,000,000
47,134,000,000
50,294,000,000
[비유동부채]
19,049,000,000
6,919,000,000
8,292,000,000
부채총계
50,996,000,000
54,053,000,000
58,587,000,000
[자본금]
7,563,000,000
7,563,000,000
7,563,000,000
[이익잉여금]
51,912,000,000
58,343,000,000
58,842,000,000
[비지배지분]
(398,000,000)
(386,000,000)
(369,000,000)
자본총계
65,097,000,000
71,541,000,000
68,632,000,000
매출액
86,906,000,000
88,705,000,000
84,960,000,000
영업이익
1,999,000,000
1,567,000,000
1,115,000,000
당기순이익
(5,503,000,000)
581,000,000
(70,000,000)
주당순이익(원)
-363
40
(3)