고스트스튜디오 / 2021.03.18 사업보고서
1. 요약재무정보
가. 요약연결재무정보
(단위 : 원)
구분
제5기
제4기
제3기
(2020년 12월말)
(2019년 12월말)
(2018년 12월말)
[유동자산]
118,810,000,000
61,488,000,000
38,163,000,000
현금 및 현금성 자산
90,220,000,000
51,285,000,000
28,856,000,000
자산총계
122,978,000,000
66,579,000,000
39,433,000,000
[유동부채]
12,874,000,000
19,753,000,000
9,715,000,000
[비유동부채]
1,794,000,000
2,753,000,000
263,000,000
부채총계
14,668,000,000
22,506,000,000
9,978,000,000
[자본금]
57,479,000,000
5,948,000,000
5,712,000,000
[이익잉여금]
55,181,000,000
41,636,000,000
28,566,000,000
자본총계
108,310,000,000
44,073,000,000
29,455,000,000
(2020.01.01~ 2020.12.31)
(2019.01.01~ 2019.12.31)
(2018.01.01~ 2018.12.31)
매출액
112,956,000,000
96,953,000,000
79,458,000,000
영업이익
47,400,000,000
43,423,000,000
32,502,000,000
당기순이익
38,733,000,000
35,245,000,000
26,946,000,000
주당순이익
기본주당이익
3,195
3,124
242,015
희석주당이익
3,195
3,124
225,731