인터지스 / 2021.03.22 사업보고서
1. 요약재무정보
가. 요약연결재무정보
(단위 : 원)
구분
2020년
2019년
2018년
2020년 12월말
2019년 12월말
2018년 12월말
[유동자산]
179,372,000,000
154,921,000,000
179,145,000,000
자산총계
385,984,000,000
419,995,000,000
470,115,000,000
[유동부채]
114,667,000,000
147,730,000,000
174,365,000,000
[비유동부채]
82,143,000,000
92,090,000,000
72,386,000,000
부채총계
196,810,000,000
239,820,000,000
246,751,000,000
[자본금]
14,874,000,000
14,874,000,000
14,874,000,000
[이익잉여금]
45,426,000,000
39,057,000,000
65,971,000,000
[비지배지분]
3,393,000,000
4,648,000,000
20,980,000,000
자본총계
189,174,000,000
180,175,000,000
223,365,000,000
2020.01.01 ~ 2020.12.31
2019.01.01 ~ 2019.12.31
2018.01.01 ~ 2018.12.31
매출액
458,317,000,000
478,169,000,000
492,443,000,000
영업이익
7,656,000,000
6,479,000,000
9,421,000,000
당기순이익(손실)
4,606,000,000
(44,027,000,000)
(14,135,000,000)
지배기업의 소유주지분
5,079,000,000
(26,833,000,000)
(13,511,000,000)
기본주당순이익(원)
180
(951)
(479)
희석주당순이익(원)
180
(951)
(479)
연결에 포함된 회사 수
10개
11개
11개

나. 요약재무정보
(단위 : 원)
구분
2020년
2019년
2018년
2020년 12월말
2019년 12월말
2018년 12월말
[유동자산]
163,558,000,000
137,447,000,000
164,843,000,000
[비유동자산]
179,033,000,000
238,561,000,000
282,724,000,000
자산총계
342,591,000,000
376,008,000,000
447,567,000,000
[유동부채]
102,628,000,000
131,854,000,000
173,015,000,000
[비유동부채]
67,328,000,000
79,568,000,000
69,906,000,000
부채총계
169,956,000,000
211,422,000,000
242,921,000,000
[자본금]
14,874,000,000
14,874,000,000
14,874,000,000
[이익잉여금]
30,321,000,000
27,171,000,000
66,886,000,000
자본총계
172,635,000,000
164,586,000,000
204,645,000,000
2020.01.01 ~ 2020.12.31
2019.01.01 ~ 2019.12.31
2018.01.01 ~ 2018.12.31
매출액
418,338,000,000
431,257,000,000
449,093,000,000
영업이익
1,466,000,000
714,000,000
4,804,000,000
당기순이익(손실)
1,194,000,000
(39,982,000,000)
(14,834,000,000)
기본주당순이익(원)
42
(1,417)
(526)
희석주당순이익(원)
42
(1,417)
(526)
※ 상기 요약재무정보는 주주총회 승인전 재무제표이며, 향후 정기주주총회에서 재무제 표 승인 관련 안건이 부결되거나 수정이 발생한 경우 정정보고서를 통해 그 내용 및 사유 등을 반영할 예정입니다.