## 대창솔루션 / 2021.03.23 사업보고서
1. 요약재무정보
가. 요약연결재무정보
(단위 : 원)
구분
제44기
제43기
제42기
[유동자산]
32,365,211,000
51,071,292,000
41,849,541,000
ㆍ현금및현금성자산
600,645,000
5,118,405,000
3,735,279,000
[비유동자산]
92,277,113,000
105,463,777,000
109,450,507,000
ㆍ유형자산
87,617,895,000
98,565,585,000
102,611,122,000
자산총계
124,642,324,000
156,535,069,000
151,300,048,000
[유동부채]
63,768,984,000
73,119,733,000
62,803,071,000
[비유동부채]
18,092,649,000
17,261,409,000
38,007,964,000
부채총계
81,861,633,000
90,381,143,000
100,811,036,000
이익잉여금(결손금)
-25,395,097,000
214,400,000
4,847,570,000
자본총계
42,780,691,000
66,153,926,000
50,489,012,000
매출액
47,539,276,000
65,192,868,000
51,667,981,000
영업이익
-11,207,420,000
982,239,000
-8,051,181,000
당기순이익
-26,672,271,000
-4,844,363,000
-11,110,792,000
총포괄이익
-24,906,699,000
-4,789,791,000
-12,175,084,000
주당손익(원)
-170
-39
-116

나. 요약재무정보
(단위 : 원)
구분
제44기
제43기
제42기
[유동자산]
26,076,815,000
39,800,044,000
36,283,819,000
ㆍ현금및현금성자산
234,455,000
4,933,037,000
3,714,188,000
[비유동자산]
71,800,791,000
87,590,415,000
90,388,808,000
ㆍ유형자산
68,187,579,000
81,334,907,000
-
ㆍ사용권자산
341,944,000
517,362,000
84,599,886,000
자산총계
97,877,606,000
127,390,459,000
126,672,627,000
[유동부채]
43,754,781,000
47,810,389,000
43,496,486,000
[비유동부채]
15,695,391,000
15,983,958,000
36,855,190,000
부채총계
59,450,173,000
63,794,347,000
80,351,676,000
이익잉여금(결손금)
-27,810,896,000
-2,583,098,000
475,621,000
자본총계
38,427,434,000
63,596,112,000
46,320,951,000
매출액
25,432,584,000
48,365,618,000
32,180,980,000
영업이익
-11,777,056,000
212,714,000
-8,858,950,000
당기순이익
-26,349,131,000
-3,320,723,000
-10,930,019,000
주당손익(원)
-168
-27
-114