쿠쿠홈시스 / 2021.03.26 [정정] 사업보고서
1. 요약재무정보
가. 요약 연결재무정보
(단위 : 원)
사업연도
제 4기
제 3기
제 2기
구분
(2020년12월말)
(2019년12월말)
(2018년12월말)
[유동자산]
280,368,351,000
249,338,082,000
205,103,363,000
자산총계
708,121,273,000
626,581,362,000
512,572,791,000
[유동부채]
145,111,409,000
141,170,477,000
106,557,730,000
[비유동부채]
26,955,309,000
27,594,971,000
26,282,808,000
부채총계
172,066,718,000
168,765,448,000
132,840,538,000
[자본금]
2,243,733,000
2,243,733,000
2,243,733,000
[이익잉여금]
156,479,107,000
85,733,333,000
24,608,136,000
[비지배지분]
34,755,078,000
24,196,864,000
7,991,853,000
자본총계
536,054,554,000
457,815,914,000
379,732,253,000
2020.01~2020.12
2019.01~2019.12
2018.12~2018.12
매출액
786,635,466,000
663,713,921,000
418,791,761,000
영업이익
135,835,951,000
120,632,415,000
67,523,700,000
연결총당기순이익
86,583,493,000
79,879,070,000
38,179,507,000
주당순이익
3,323
2,892
7,672
연결에 포함된 회사수
7
6
5