에이치엘사이언스 / 2021.03.15 사업보고서
1. 요약재무정보
(단위 : 원)
구분
제21기
제20기
제19기
(2020년 12월말)
(2019년 12월말)
(2018년 12월말)
[유동자산]
78,788,652,912,000
69,810,668,974,000
54,046,860,797,000
ㆍ현금및현금성자산
7,540,897,160,000
14,472,536,961,000
8,639,258,128,000
[비유동자산]
28,270,490,906,000
24,611,755,297,000
17,364,791,462,000
자산총계
107,059,143,818,000
94,422,424,271,000
71,411,652,259,000
[유동부채]
10,140,132,454,000
12,286,543,356,000
7,564,187,882,000
[비유동부채]
1,079,448,371,000
925,451,234,000
859,000,000,000
부채총계
11,219,580,825,000
13,211,994,590,000
8,423,187,882,000
[자본금]
2,571,074,000,000
2,571,074,000,000
2,571,074,000,000
[이익잉여금]
69,769,089,283,000
52,151,505,121,000
33,929,539,817,000
자본총계
95,839,562,993,000
81,210,429,681,000
62,988,464,377,000
종속·관계·공동기업 투자주식의 평가방법
원가법
원가법
원가법
구분
(2020.1월~12월말)
(2019.1월~12월말)
(2018.1월~12월말)
매출액
143,035,984,575,000
128,260,855,765,000
64,108,470,469,000
영업이익
23,629,399,414,000
23,683,938,378,000
12,248,793,625,000
당기순이익
19,641,574,562,000
19,742,338,937,000
10,864,766,116,000
총포괄이익
19,641,574,562,000
19,742,338,937,000
10,864,766,116,000
주당순이익(원)
3,916
3,902
2,147
[△는 음(-)의 수치임]