HD현대중공업 / 2021.04.01 사업보고서
1. 요약재무정보
가. 요약연결재무정보
(단위 : 원)
계정구분
제2기
제1기
[유동자산]
6,999,361,510,000
7,085,183,801,000
ㆍ매출채권및기타채권
892,052,823,000
1,315,268,078,000
ㆍ계약자산
2,624,966,001,000
2,548,128,451,000
ㆍ재고자산
778,986,820,000
816,502,491,000
ㆍ기타
2,703,355,866,000
2,405,284,781,000
[비유동자산]
6,800,296,339,000
6,784,274,974,000
ㆍ장기매출채권및기타채권
52,983,547,000
48,985,247,000
ㆍ유형자산
6,020,305,589,000
6,097,536,347,000
ㆍ무형자산
64,962,107,000
58,244,867,000
ㆍ기타
662,045,096,000
579,508,513,000
자산총계
13,799,657,849,000
13,869,458,775,000
[유동부채]
5,976,923,117,000
5,914,258,410,000
[비유동부채]
2,461,950,111,000
2,332,292,923,000
부채총계
8,438,873,228,000
8,246,551,333,000
[자본금]
353,865,580,000
353,865,580,000
[이익잉여금(결손금)]
(505,085,250,000)
(104,921,520,000)
자본총계
5,360,784,621,000
5,622,907,442,000
계정구분
(2020.01.01.~ 2020.12.31)
(2019.06.01.~ 2019.12.31)
매출액
8,312,009,823,000
5,456,667,592,000
영업이익(영업손실)
32,509,061,000
129,480,289,000
당기순이익(당기순손실)
(431,445,898,000)
(88,945,128,000)
주당순이익(주당순손실) (원)
(6,096)
(1,416)
연결에 포함된 회사 수
1
-
【 ( )는 부(-)의 수치임】
※ 상기 연결재무제표는 한국채택국제회계기준 작성기준에 따라 작성되었습니다.