솔본 / 2021.03.18 사업보고서
1. 요약재무정보
가. 요약연결재무정보
(단위 : 원)
구 분
제27기
(2020년 12월 말)
제26기
(2019년 12월 말)
제25기
(2018년 12월 말)
[유동자산]
105,800,000,000
97,686,000,000
112,021,000,000
현금및현금성자산
40,925,000,000
22,835,000,000
18,282,000,000
매출채권 및 기타채권
28,753,000,000
28,542,000,000
27,718,000,000
재고자산
2,402,000,000
1,549,000,000
1,072,000,000
[비유동자산]
112,008,000,000
110,459,000,000
85,249,000,000
투자자산
89,645,000,000
86,017,000,000
59,506,000,000
유형자산
13,600,000,000
13,188,000,000
14,188,000,000
자산 총계
217,808,000,000
208,145,000,000
197,270,000,000
[유동부채]
26,857,000,000
19,642,000,000
16,381,000,000
[비유동부채]
5,728,000,000
5,470,000,000
3,269,000,000
부채 총계
32,585,000,000
25,112,000,000
19,651,000,000
[지배기업 소유주지분]
138,678,000,000
140,282,000,000
138,761,000,000
자본금
13,673,000,000
13,673,000,000
13,673,000,000
이익잉여금
23,648,000,000
22,611,000,000
20,906,000,000
[비지배지분]
46,545,000,000
42,752,000,000
38,859,000,000
자본 총계
185,223,000,000
183,034,000,000
177,619,000,000
구 분
2020.01.01~ 2020.12.31
2019.01.01~ 2019.12.31
2018.01.01~ 2018.12.31
매출액
82,039,000,000
80,312,000,000
84,441,000,000
영업이익(손실)
7,272,000,000
315,000,000
15,328,000,000
당기순이익(손실)
5,140,000,000
5,774,000,000
10,064,000,000
총포괄손익
3,127,000,000
5,704,000,000
10,678,000,000
주당이익(손실) (*)
기본주당이익(손실)
65
78
434
연결에 포함된 회사수
16개
16개
16개
※ 한국채택국제회계기준 작성기준에 따라 작성되었습니다.
(*)주당이익은 원 단위 입니다.