새로닉스 / 2021.03.22 사업보고서
1. 요약재무정보
가. 연결요약재무정보
(단위 : 원)
구분
제51기
제50기
제49기
제48기
(2020년 12월말)
(2019년 12월말)
(2018년12월말)
(2017년12월말)
자산총계
138,805,991,891
134,591,385,154
131,320,111,751
116,633,451,332
부채총계
61,174,114,959
52,911,278,393
51,650,937,582
45,060,705,280
자본총계
77,631,876,932
81,680,106,761
79,669,174,169
71,572,746,052
(2020.01.01~ 2020.12.31)
(2019.01.01~ 2019.12.31)
(2018.01.01~ 2018.12.31)
(2017.01.01~ 2017.12.31)
매출액
163,005,876,920
163,776,249,977
142,092,261,176
126,219,454,066
영업이익(손실)
2,043,769,174
78,517,222
4,357,786,079
155,926,361
당기순이익(손실)
(1,616,186,782)
(1,882,398,668)
7,591,326,998
1,278,696,831
주당순이익(손실)
(140)
(154)
602
241