한화에어로스페이스 / 2021.03.19 사업보고서
1. 요약재무정보
가. 요약연결재무정보
(단위 : 원)
구 분
제44기
제43기
제42기
2020년 12월말
2019년 12월말
2018년 12월말
[유동자산]
5,122,726,000,000
4,563,607,000,000
2,835,095,000,000
- 현금 및 현금성 자산
1,330,706,000,000
1,000,122,000,000
461,380,000,000
자산 총계
9,464,816,000,000
8,708,411,000,000
5,747,573,000,000
[유동부채]
3,900,357,000,000
3,329,042,000,000
2,140,555,000,000
[비유동부채]
2,574,733,000,000
2,524,014,000,000
1,426,065,000,000
부채 총계
6,475,090,000,000
5,853,056,000,000
3,566,620,000,000
[자본금]
265,650,000,000
265,650,000,000
265,650,000,000
[이익잉여금]
1,581,200,000,000
1,475,931,000,000
1,291,118,000,000
[비지배지분]
391,979,000,000
369,296,000,000
1,566,000,000
자본 총계
2,989,726,000,000
2,855,355,000,000
2,180,953,000,000
관계·공동기업
투자주식의 평가방법
지분법
지분법
지분법
2020.1.1 ~
2020.12.31
2019.1.1 ~
2019.12.31
2018.1.1 ~
2018.12.31
매출액
5,321,444,000,000
5,264,114,000,000
4,453,177,000,000
영업이익(영업손실)
243,947,000,000
165,226,000,000
53,177,000,000
당기순이익(당기순손실)
164,740,000,000
162,427,000,000
49,251,000,000
총포괄이익
176,021,000,000
148,127,000,000
47,290,000,000
주당순이익(주당순손실)
2,390
2,558
619