제주항공 / 2022.03.31 [정정] 사업보고서
1. 요약재무정보
가. 요약연결재무정보
(단위 : 원)
구 분
제 16 기
제 15 기
제 14 기
2020년 12월말
2019년 12월말
2018년 12월말
[유동자산]
300,416,000,000
455,740,000,000
478,164,000,000
ㆍ현금 및 현금성자산
100,918,000,000
29,620,000,000
222,745,000,000
[비유동자산]
868,151,000,000
1,011,768,000,000
553,441,000,000
자산총계
1,168,566,000,000
1,467,508,000,000
1,031,605,000,000
[유동부채]
458,851,000,000
556,726,000,000
403,160,000,000
[비유동부채]
492,904,000,000
585,663,000,000
246,035,000,000
부채총계
951,755,000,000
1,142,389,000,000
649,195,000,000
[자본금]
192,498,000,000
131,784,000,000
131,784,000,000
[이익잉여금]
Δ197,137,000,000
105,815,000,000
162,745,000,000
자본총계
216,812,000,000
325,119,000,000
382,411,000,000
2020년 1월~12월
2019년 1월~12월
2018년 1월~12월
매출액
377,046,000,000
1,383,976,000,000
1,259,396,000,000
영업이익(손실)
Δ335,816,000,000
Δ32,890,000,000
101,203,000,000
연결당기순이익(손실)
Δ306,476,000,000
Δ33,118,000,000
70,878,000,000
기본주당순이익(손실)(단위:원)
Δ10,125
Δ1,260
2,696