코오롱 / 2022.08.16 [정정] 사업보고서
1. 요약재무정보
가. 요약 연결재무정보
(단위 : 원)
구분
제66기
제65기
제64기
(2020년 12월 말)
(2019년 12월 말)
(2018년 12월 말)
<유동자산>
1,351,971,000,000
1,320,349,000,000
1,255,534,000,000
현금및현금성자산
156,874,000,000
177,062,000,000
138,335,000,000
<비유동자산>
2,356,163,000,000
2,298,225,000,000
2,218,373,000,000
자산총계
3,708,134,000,000
3,618,575,000,000
3,473,907,000,000
<유동부채>
2,210,081,000,000
2,091,255,000,000
1,931,832,000,000
<비유동부채>
688,930,000,000
841,235,000,000
712,869,000,000
부채총계
2,899,011,000,000
2,932,490,000,000
2,644,701,000,000
<자본금>
68,514,000,000
68,514,000,000
68,514,000,000
<이익잉여금>
274,233,000,000
151,460,000,000
221,976,000,000
<비지배주주지분>
135,730,000,000
130,346,000,000
121,455,000,000
자본총계
809,123,000,000
686,084,000,000
829,206,000,000
연결에 포함된 회사수
15개
16개
18개
(2020.01.01~2020.12.31)
(2019.01.01~2019.12.31)
(2018.01.01~2018.12.31)
매출액
4,890,151,000,000
4,284,394,000,000
4,324,491,000,000
영업이익
271,448,000,000
134,399,000,000
105,016,000,000
구분
제66기
제65기
제64기
(2020년 12월 말)
(2019년 12월 말)
(2018년 12월 말)
법인세비용차감전순이익
182,382,000,000
4,508,000,000
11,849,000,000
당기순이익
152,515,000,000
-18,253,000,000
-4,523,000,000
<지배기업의소유주지분>
137,206,000,000
-22,266,000,000
-4,691,000,000
<비지배지분>
15,310,000,000
4,013,000,000
169,000,000
기본주당순이익(원)
10,009
-1,629
-358

나. 요약 재무정보
(단위 : 원)
구분
제66기
제65기
제64기
(2020년 12월 말)
(2019년 12월 말)
(2018년 12월 말)
[유동자산]
24,595,000,000
8,654,000,000
9,703,000,000
현금및현금성자산
5,996,000,000
2,945,000,000
3,276,000,000
[비유동자산]
1,141,553,000,000
1,263,876,000,000
1,268,072,000,000
자산총계
1,166,148,000,000
1,272,530,000,000
1,277,775,000,000
[유동부채]
493,226,000,000
561,780,000,000
468,695,000,000
[비유동부채]
153,179,000,000
210,406,000,000
309,968,000,000
부채총계
646,405,000,000
772,186,000,000
778,662,000,000
[자본금]
68,514,000,000
68,514,000,000
68,514,000,000
[이익잉여금]
56,948,000,000
37,355,000,000
35,718,000,000
자본총계
519,743,000,000
500,344,000,000
499,112,000,000
(2020.01.01~2020.12.31)
(2019.01.01~2019.12.31)
(2018.01.01~2018.12.31)
영업수익(매출액)
54,000,000,000
60,462,000,000
58,173,000,000
영업이익
29,138,000,000
31,358,000,000
28,081,000,000
법인세비용차감전순이익(손실)
30,956,000,000
2,481,000,000
-28,050,000,000
당기순이익(손실)
26,553,000,000
9,147,000,000
-25,991,000,000
기본주당이익(손실)(원)
1,934
664
-1,957