케이티앤지 / 2021.03.11 사업보고서
1. 요약재무정보
가. 요약연결재무정보
(단위 : 원)
구분
제34기
제33기
제32기
[유동자산]
6,750,383,000,000
6,417,221,000,000
6,413,404,000,000
ㆍ현금및현금성자산
1,253,611,000,000
891,306,000,000
932,969,000,000
[비유동자산]
4,718,000,000,000
4,335,218,000,000
3,784,466,000,000
자산총액
11,468,383,000,000
10,752,439,000,000
10,197,870,000,000
[유동부채]
1,991,492,000,000
1,600,094,000,000
1,640,708,000,000
[비유동부채]
385,319,000,000
412,760,000,000
388,959,000,000
부채총계
2,376,811,000,000
2,012,854,000,000
2,029,667,000,000
[지배기업소유주지분]
9,036,851,000,000
8,684,217,000,000
8,114,403,000,000
ㆍ자본금
954,959,000,000
954,959,000,000
954,959,000,000
ㆍ이익잉여금
2,102,475,000,000
1,834,646,000,000
1,605,334,000,000
[비지배지분]
54,721,000,000
55,368,000,000
53,800,000,000
자본총계
9,091,572,000,000
8,739,585,000,000
8,168,203,000,000
(20.01.01~12.31)
(19.01.01~12.31)
(18.01.01~12.31)
매출액
5,301,618,000,000
4,963,202,000,000
4,471,516,000,000
영업이익
1,481,051,000,000
1,379,591,000,000
1,253,459,000,000
당기순이익
1,171,643,000,000
1,037,199,000,000
903,359,000,000
총포괄손익
1,121,766,000,000
1,056,662,000,000
858,638,000,000
주당순이익(원)
9,320
8,196
7,178
연결에 포함된 회사수
25
25
28
※ 제34기(당기)는 주주총회 승인 전 연결재무제표입니다. 향후 정기주주총회에서 재무제표 승인 관련 안건이 부결되거나 수정이 발생한 경우 정정보고서를 통해 그 내용 및 사유 등을 반영할 예정입니다.
※ 제32기는 종전 기준서인 K-IFRS 1017호(리스) 따라 작성되었습니다.