삼양패키징 / 2021.03.16 사업보고서
1. 요약재무정보
가. 요약재무정보
(단위 : 원)
구분
2020년
(제7기)
2019년
(제6기)
2018년
(제5기)
자산총계
564,505,000,000
563,857,000,000
545,965,000,000
부채총계
256,763,000,000
277,637,000,000
280,534,000,000
자본총계
307,742,000,000
286,220,000,000
265,431,000,000
자본금
71,049,000,000
71,049,000,000
71,049,000,000
이익잉여금
120,990,000,000
99,466,000,000
78,677,000,000
2020.1.1~
2020.12.31
2019.1.1~
2019.12.31
2018.1.1~
2018.12.31
매출액
367,569,000,000
375,442,000,000
366,292,000,000
영업이익
52,266,000,000
41,584,000,000
35,012,000,000
당기순이익
32,297,000,000
28,385,000,000
21,418,000,000
주당순이익(원)
2,273
1,998
1,507