휴젤 / 2021.03.18 사업보고서
1. 요약재무정보
가. 요약 연결재무정보
(단위 : 원)
구분
제20기
(2020년)
제19기
(2019년)
제18기
(2018년)
자산 총계
956,344,000,000
894,690,000,000
918,266,000,000
부채 총계
162,275,000,000
150,419,000,000
133,483,000,000
자본 총계
794,069,000,000
744,271,000,000
784,783,000,000
매출액
211,038,000,000
204,568,000,000
182,392,000,000
영업이익
78,060,000,000
68,087,000,000
60,195,000,000
당기순이익
45,316,000,000
50,278,000,000
75,657,000,000
지배기업 소유주지분
41,992,000,000
44,612,000,000
69,736,000,000
비지배지분
3,324,000,000
5,666,000,000
5,921,000,000
주당순이익(원)
3,353
3,559
17,481
연결에 포함된 종속회사수
8
7
7
- 상기 연결재무정보는 한국채택국제회계기준(K-IFRS)을 적용하여 작성된 재무정 보입니다.