오리엔트바이오 / 2021.11.11 [정정] 사업보고서
1. 요약재무정보
가. 연결 재무정보
(단위 : 원 )
구분
제64기
제63기
제62기
[유동자산]
29,060,487,101
23,729,452,272
32,335,811,726
[비유동자산]
42,458,018,123
52,209,349,714
51,753,184,638
자산총계
71,518,505,224
75,938,801,986
84,088,996,364
[유동부채]
15,230,436,507
13,533,261,102
14,918,333,308
[비유동부채]
7,742,853,098
9,847,745,051
6,524,272,722
부채총계
22,973,289,605
23,381,006,153
21,442,606,030
[지배기업의 소유주에게 귀속되는 자본]
48,544,943,582
52,557,641,482
64,787,134,464
[비지배지분]
272,037
154,351
(2,140,744,130)
자본총계
48,545,215,619
52,557,795,833
62,646,390,334
매출액
52,020,405,167
37,214,177,862
30,373,353,893
영업이익(손실)
1,859,504,587
(12,361,005,153)
(10,123,767,392)
연결당기순이익(손실)
(15,633,406,102)
(12,759,326,319)
(30,174,299,094)
지배회사지분 순이익(손실)
(15,633,538,115)
(11,996,066,386)
(19,505,949,555)
보통주 기본주당순이익(손실)
(138)
(116)
(112)
연결에 포함된 회사수 (단위 : 개)
2
2
2
※ 한국채택국제회계기준 작성기준에 따라 작성되었습니다.