한진 / 2021.03.25 [정정] 사업보고서
1. 요약재무정보
가. 요약 연결재무정보 (K-IFRS 적용)
(단위 : 원)
사업연도
구분
제 65기
제 64기
제 63기
(2020년 12월말)
(2019년 12월말)
(2018년 12월말)
[유동자산]
577,928,300,000
417,574,741,000
440,432,811,000
ㆍ매출채권 및 기타채권
253,393,339,000
236,886,278,000
219,857,777,000
ㆍ현금 및 현금성 자산
125,635,644,000
136,645,101,000
166,243,960,000
자산총계
3,788,654,067,000
3,548,368,717,000
2,661,425,067,000
[유동부채]
755,214,144,000
516,185,800,000
783,000,859,000
[비유동부채]
1,795,514,502,000
1,978,284,155,000
811,296,481,000
부채총계
2,550,728,646,000
2,494,469,955,000
1,594,297,340,000
[자본금]
74,738,140,000
59,873,280,000
59,873,280,000
[이익잉여금]
577,699,536,000
573,139,699,000
590,436,848,000
[비지배지분]
146,522,290,000
144,207,789,000
150,639,898,000
자본총계
1,237,925,421,000
1,053,898,762,000
1,067,127,727,000
(2020.1.1 ~ 2020.12.31.)
(2019.1.1 ~ 2019.12.31.)
(2018.1.1 ~ 2018.12.31.)
매출액
2,215,686,641,000
2,062,344,427,000
1,950,771,934,000
영업이익
105,917,310,000
90,655,086,000
42,078,553,000
법인세비용차감전순이익(손실)
10,819,061,000
△5,662,718,000
67,266,701,000
당기순이익(손실)
9,096,798,000
△2,865,355,000
45,640,673,000
지배기업 소유주지분에 대한 기본주당순이익(손실) (원)
575
△265
3,873
지배기업 소유주지분에 대한 희석주당순이익(손실) (원)
548
-
3,873
연결에 포함된 회사수
16개
16개
16개