유비케어 / 2021.03.16 사업보고서
1. 요약재무정보
가. 요약 연결재무제표
(단위 : 원)
과 목
제 27(당) 기말
제 26(전) 기말
제 25(전전) 기말
2020년 12월말
2019년 12월말
2018년 12월말
Ⅰ. 유동자산
105,998,042,115
97,956,099,139
87,984,177,269
Ⅱ. 비유동자산
48,159,889,000
38,790,561,725
41,960,018,997
자산총계
154,157,931,115
136,746,660,864
129,944,196,266
Ⅰ. 유동부채
33,794,761,808
29,207,511,846
23,870,448,143
Ⅱ. 비유동부채
10,898,624,334
1,663,863,534
1,645,754,143
부채총계
44,693,386,142
30,871,375,380
25,516,202,286
Ⅰ. 지배기업의 소유주지분
106,524,502,371
102,574,379,963
101,664,748,586
Ⅱ. 비지배지분
2,940,042,602
3,300,905,521
2,763,245,394
자본총계
109,464,544,973
105,875,285,484
104,427,993,980
2020.1.1~2020.12.31
2019.1.1~2019.12.31
2018.1.1~2018.12.31
매출액
107,818,820,164
110,852,594,542
99,897,853,295
영업이익
13,409,068,958
12,354,231,137
9,560,079,252
연결당기순이익
6,848,983,162
7,334,986,397
6,088,031,593
지배기업소유주지분
6,234,240,556
6,797,326,270
5,767,607,909
비지배지분
614,742,606
537,660,127
320,423,684
연결주당순이익
123
133
121
연결에 포함된 회사수
4
4
6
※ 상기 연결재무제표는 한국채택국제회계기준(K-IFRS)에 따라 작성되었습니다