앱클론 / 2021.06.03 [정정] 사업보고서
1. 요약재무정보
사업연도
제 11 기
제 10 기
제 9기
구분
2020년
2019년
2018년말
회계처리기준
K-IFRS
K-IFRS
K-IFRS
[유동자산]
21,456,000,000
31,102,000,000
22,217,000,000
[비유동자산]
18,674,000,000
15,866,000,000
6,487,000,000
자산총계
40,130,000,000
46,968,000,000
28,703,000,000
[유동부채]
4,546,000,000
5,560,000,000
9,167,000,000
[비유동부채]
6,255,000,000
6,030,000,000
838,000,000
부채총계
10,800,000,000
11,590,000,000
10,005,000,000
[자본금]
7,639,000,000
3,785,000,000
3,580,000,000
[자본잉여금]
45,498,000,000
49,252,000,000
35,361,000,000
[결손금]
(24,086,000,000)
(17,665,000,000)
(20,262,000,000)
자본총계
29,329,000,000
35,378,000,000
18,698,000,000
부채와 자본총계
40,130,000,000
46,968,000,000
28,703,000,000
매출액
2,771,000,000
14,375,000,000
3,921,000,000
영업이익(손실)
(6,571,000,000)
4,283,000,000
(1,956,000,000)
당기순이익(손실)
(6,445,000,000)
2,567,000,000
(843,000,000)
기본주당순손익(원/주)
(447)
179
(123)