액토즈소프트 / 2021.03.23 사업보고서
1. 요약재무정보
1) 요약 연결재무제표
(단위: 원)
구분
제 25기
제 24기
제 23기
2020년 12월 31일
2019년 12월 31일
2018년12월31일
[유동자산]
155,059,387,000,000
85,343,220,000,000
74,587,255,000,000
ㆍ현금및현금성자산
105,056,537,000,000
30,919,216,000,000
45,199,163,000,000
[비유동자산]
61,834,403,000,000
90,029,514,000,000
52,609,580,000,000
자산총계
216,893,790,000,000
175,372,734,000,000
127,196,835,000,000
[유동부채]
61,415,517,000,000
54,246,258,000,000
32,746,894,000,000
[비유동부채]
4,156,467,000,000
3,021,708,000,000
2,251,255,000,000
부채총계
65,571,984,000,000
57,267,966,000,000
34,988,149,000,000
[자본금]
5,665,319,000,000
5,665,319,000,000
5,665,319,000,000
[자본잉여금]
103,974,956,000,000
103,974,956,000,000
103,974,956,000,000
[이익잉여금]
20,514,796,000,000
5,055,497,000,000
(15,948,973,000,000)
자본총계
151,321,807,000,000
118,104,767,000,000
92,189,686,000,000
구분
제 25기
제 24기
제 23기
(2020.01.01~2020.12.31)
(2019.01.01~2019.12.31)
(2018.01.01~2018.12.31)
매출액
47,543,483,000,000
62,665,219,000,000
37,652,204,000,000
영업이익(손실)
17,854,204,000,000
25,654,108,000,000
(1,075,482,000,000)
당기순이익(손실)
15,594,877,000,000
20,774,308,000,000
(14,891,821,000,000)
총포괄이익(손실)
33,217,039,000,000
26,757,239,000,000
(15,086,231,000,000)
기본주당순이익(손실)
1,428
1,897
(1,339)
희석주당순이익(손실)
1,428
1,897
(1,339)
연결에 포함된 회사수
7개
6개
7개
(주1) 상기 요약 연결재무정보는 한국채택국제회계기준에 따라서 작성하였으며, 이에 따라 3사업연도의 요약재무정보를 기재하였습니다.
(주2) 괄호()는 음(-)의 수치입니다.