롯데칠성음료 / 2021.03.15 사업보고서
1. 요약재무정보
가. 요약연결재무정보
제54기 2020년 12월 31일 현재
제53기 2019년 12월 31일 현재
제52기 2018년 12월 31일 현재
롯데칠성음료주식회사와 그 종속기업 (단위: 원)
과 목
제54기말
제53기말
제52기말
자 산
I. 유동자산
893,273,738,535
788,387,955,913
688,715,672,624
1.현금및현금성자산
158,849,601,868
199,410,280,331
98,388,437,105
2.단기금융상품
165,000,000,000
5,000,000,000
10,000,000,000
3.매출채권및기타채권
247,110,448,883
255,708,301,365
265,113,158,208
4.기타금융자산
4,301,121,711
4,412,156,155
3,976,263,376
5.만기보유금융자산
11,605,000
245,805,000
112,055,000
6.재고자산
257,369,471,186
273,940,057,416
257,098,970,295
7.반품권자산
3,955,544,037
1,707,521,890
1,865,206,874
8.당기법인세자산
4,875,218,011
1,803,381,856
1,692,016,737
9.기타자산
51,800,727,839
46,160,451,900
50,469,565,029
II. 비유동자산
2,572,839,164,390
2,468,122,036,258
2,622,564,354,037
1.장기금융상품
66,058,729,947
5,760,200,399
5,541,626,431
2.장기매출채권및기타채권
6,724,842,404
6,274,527,234
5,813,234,370
3.기타금융자산
52,569,666,699
52,788,630,010
49,704,435,855
4.당기손익-공정가치금융자산
473,412,391
335,184,376
193,925,174
5.기타포괄손익-공정가치금융자산
19,935,913,437
25,112,169,914
36,403,369,105
6.만기보유금융자산
1,795,300,000
1,649,390,000
1,820,934,050
7.이연법인세자산
401,542,376
131,080,695
-
8.관계기업및공동기업투자
130,563,634,058
23,002,553,970
56,727,720,284
9.유형자산
1,939,744,908,385
2,014,589,018,624
2,165,689,913,481
10.사용권자산
78,006,151,446
80,548,058,491
-
11.투자부동산
135,508,526,578
136,766,982,165
146,716,726,693
12.무형자산
116,565,138,073
118,580,731,417
151,697,343,776
13.기타자산
11,621,665,025
2,583,508,963
2,255,124,818
14.순확정급여자산
12,869,733,571
-
-
자 산 총 계
3,466,112,902,925
3,256,509,992,171
3,311,280,026,661
부 채
I. 유동부채
864,944,909,992
941,629,484,452
689,030,411,472
II. 비유동부채
1,296,281,906,581
1,086,875,619,764
1,384,834,565,824
부 채 총 계
2,161,226,816,573
2,028,505,104,216
2,073,864,977,296
자 본
과 목
제54기말
제53기말
제52기말
I. 지배기업의 소유주지분
1,294,627,755,325
1,212,136,194,493
1,227,269,970,030
1.자본금
4,875,216,500
4,384,385,000
4,384,385,000
2.신종자본증권
149,459,980,000
149,459,980,000
-
3.기타자본
(714,290,627,700)
(846,759,594,444)
(846,654,614,749)
4.기타포괄손익누계액
(21,659,335,701)
(3,230,608,536)
(13,723,534,778)
5.이익잉여금
1,876,242,522,226
1,908,282,032,473
2,083,263,734,557
II. 비지배지분
10,258,331,027
15,868,693,462
10,145,079,335
자 본 총 계
1,304,886,086,352
1,228,004,887,955
1,237,415,049,365
부채및자본총계
3,466,112,902,925
3,256,509,992,171
3,311,280,026,661
(2020년 1월 1일 ~ 2020년 12월 31일)
(2019년 1월 1일 ~ 2019년 12월 31일)
(2018년 1월 1일 ~ 2018년 12월 31일)
매출액
2,257,973,300,939
2,429,527,266,539
2,346,277,858,505
영업이익
97,230,309,774
107,665,774,804
84,951,863,655
연결당기순이익(손실)
(16,801,842,344)
(144,005,703,597)
(50,013,437,693)
지배기업의 소유주
(12,512,118,041)
(142,432,425,123)
(48,050,263,946)
비지배지분
(4,289,724,303)
(1,573,278,474)
(1,963,173,747)
주당이익(손실)(주1)
보통주 기본 및 희석주당순이익(손실)
(2,104)
(17,939)
(5,853)
우선주 기본 및 희석주당순이익(손실)
(2,099)
(17,934)
(5,848)
연결에 포함된 회사수
9
3
3
(주1) 당사는 2019년 5월에 보통주, 우선주 액면가 5,000원을 각각 액면가 500원으
로 1:10 주식분할하였습니다. 비교표시된 제52기의 경우 주식분할을 반영하여 재계
산된 수치입니다.
나. 요약별도재무정보
제54기 2020년 12월 31일 현재
제53기 2019년 12월 31일 현재
제52기 2018년 12월 31일 현재
롯데칠성음료주식회사 (단위: 원)
과 목
제54기말
제53기말
제52기말
자 산
I. 유동자산
827,250,488,391
770,941,930,031
670,444,609,604
1. 현금및현금성자산
130,287,948,424
197,757,291,029
96,893,804,295
2. 단기금융상품
165,000,000,000
5,000,000,000
10,000,000,000
3. 매출채권및기타채권
236,010,723,110
253,012,237,559
262,695,488,714
4. 기타금융자산
4,280,448,106
4,397,456,155
3,600,844,153
5. 만기보유금융자산
9,655,000
245,805,000
112,055,000
6. 재고자산
236,975,370,471
263,998,338,330
248,249,502,017
7. 반품권자산
3,952,976,186
1,707,521,890
1,865,206,874
8. 당기법인세자산
3,161,219,460
-
-
과 목
제54기말
제53기말
제52기말
9. 기타자산
47,572,147,634
44,823,280,068
47,027,708,551
II. 비유동자산
2,556,073,711,603
2,413,636,672,855
2,531,312,757,367
1. 장기금융상품
66,056,729,947
5,760,200,399
5,541,626,431
2. 장기매출채권및기타채권
6,724,842,404
6,274,527,234
5,813,234,370
3. 기타금융자산
51,981,972,864
52,471,237,721
49,621,815,855
4. 당기손익-공정가치금융자산
473,412,391
335,184,376
193,925,174
5. 기타포괄손익-공정가치금융자산
19,935,913,437
25,112,169,914
36,403,369,105
6. 만기보유금융자산
1,795,300,000
1,649,390,000
1,820,934,050
7. 종속기업,관계기업및공동기업투자
232,875,157,992
94,370,464,595
100,051,013,759
8. 유형자산
1,882,347,996,458
1,952,561,406,298
2,107,070,968,170
9. 사용권자산
74,034,544,984
79,781,534,320
-
10. 투자부동산
135,079,595,488
136,766,982,165
146,716,726,693
11. 무형자산
60,431,378,539
56,128,451,015
75,824,018,942
12. 기타자산
11,467,896,706
2,425,124,818
2,255,124,818
13. 순확정급여자산
12,868,970,393
-
-
자 산 총 계
3,383,324,199,994
3,184,578,602,886
3,201,757,366,971
부 채
I. 유동부채
804,266,652,244
906,480,613,729
646,366,687,149
II. 비유동부채
1,278,934,716,527
1,069,021,219,417
1,363,430,766,993
부 채 총 계
2,083,201,368,771
1,975,501,833,146
2,009,797,454,142
자 본
I. 자본금
4,875,216,500
4,384,385,000
4,384,385,000
II. 신종자본증권
149,459,980,000
149,459,980,000
-
III. 기타자본
(659,928,671,619)
(792,397,638,363)
(792,397,638,363)
IV. 기타포괄손익누계액
(521,306,709)
4,960,205,818
(7,406,075,855)
V. 이익잉여금
1,806,237,613,051
1,842,669,837,285
1,987,379,242,047
자 본 총 계
1,300,122,831,223
1,209,076,769,740
1,191,959,912,829
부채및자본총계
3,383,324,199,994
3,184,578,602,886
3,201,757,366,971
종속ㆍ관계ㆍ공동기업 투자주식의 평가방법
원가법
원가법
원가법
(2020년 1월 1일 ~ 2020년 12월 31일)
(2019년 1월 1일 ~ 2019년 12월 31일)
(2018년 1월 1일 ~ 2018년 12월 31일)
매출액
2,161,963,013,073
2,343,169,357,722
2,323,272,489,082
영업이익
97,201,022,901
108,950,078,838
87,559,706,786
당기순이익(손실)
(16,367,144,188)
(112,293,697,844)
(54,568,100,743)
주당이익(손실)(주1)
보통주 기본 및 희석주당순이익(손실)
(2,561)
(14,268)
(6,647)
우선주 기본 및 희석주당순이익(손실)
(2,556)
(14,263)
(6,642)
(주1) 당사는 2019년 5월에 보통주, 우선주 액면가 5,000원을 각각 액면가 500원으
로 1:10 주식분할하였습니다. 비교표시된 제52기의 경우 주식분할을 반영하여 재계
산된 수치입니다.