예스24 / 2021.03.31 [정정] 사업보고서
1. 요약재무정보
가. 요약연결재무정보
(단위: 원)
계정과목
제 22 기
제 21 기
제 20 기
[유동자산]
136,120,000,000
97,872,000,000
103,118,000,000
- 현금및현금성자산
33,081,000,000
7,201,000,000
10,808,000,000
- 매출채권및기타수취채권
45,900,000,000
39,106,000,000
34,122,000,000
- 재고자산
40,728,000,000
34,601,000,000
31,799,000,000
[비유동자산]
224,727,000,000
142,070,000,000
101,255,000,000
- 유형자산
58,466,000,000
51,474,000,000
43,927,000,000
- 무형자산
7,915,000,000
10,577,000,000
6,909,000,000
자산총계
360,847,000,000
239,942,000,000
204,373,000,000
[유동부채]
165,242,000,000
152,981,000,000
127,605,000,000
[비유동부채]
30,157,000,000
22,531,000,000
8,963,000,000
부채총계
195,399,000,000
175,512,000,000
136,568,000,000
[자본금]
8,600,000,000
8,600,000,000
8,600,000,000
[이익잉여금]
53,495,000,000
28,249,000,000
30,833,000,000
[비지배지분]
(19)
530
707
자본총계
165,447,000,000
64,430,000,000
67,804,000,000
부채와 자본총계
360,847,000,000
239,942,000,000
204,373,000,000
매출액
615,617,000,000
498,722,000,000
506,444,000,000
영업이익(손실)
8,781,000,000
6,613,000,000
(1,843,000,000)
당기순이익(손실)
(138,000,000)
(167,000,000)
(5,431,000,000)
총포괄이익(손실)
106,073,000,000
(1,310,000,000)
(6,021,000,000)
주당순이익(원)
8
-
(305)