넥슨게임즈 / 2021.03.17 사업보고서
1. 요약재무정보
(단위 : 원)
과목
제 6기
제 5기
제 4기
2020년 12월말
2019년 12월말
2018년 12월말
[유동자산]
75,446,756,111
53,650,461,527
22,159,210,178
현금및현금성자산
18,909,488,405
8,938,903,939
12,567,427,985
[비유동자산]
18,971,004,018
19,295,571,567
7,256,714,003
자산총계
94,417,760,129
72,946,033,094
29,415,924,181
[유동부채]
14,118,609,555
11,218,064,116
4,510,336,944
[비유동부채]
13,911,803,951
23,577,196,403
6,237,056,529
부채총계
28,030,413,506
34,795,260,519
10,747,393,473
[자본금]
14,419,416,000
14,419,416,000
12,001,714,000
[결손금]
(4,395,313,416)
(30,378,569,716)
(12,609,484,495)
자본총계
66,387,346,623
38,150,772,575
18,668,530,708
(2020.01.01~2020.12.31)
(2019.01.01~2019.12.31)
(2018.01.01~2018.12.31)
영업수익
81,404,202,243
28,498,281,789
23,584,094,252
영업이익(손실)
25,510,968,159
(17,109,995,518)
(10,770,463,240)
당기순이익(손실)
26,097,251,296
(17,072,539,330)
(12,575,176,903)
당기총포괄손익
25,983,256,300
(17,769,085,221)
(12,837,462,495)
기본주당순이익(손실)
916
(710)
(539)