파세코 / 2021.03.23 사업보고서
1. 요약재무정보
(단위 : 원)
구분
제35기
제34기
제33기
자산
유동자산
54,478,000,000
52,984,000,000
45,032,000,000
현금및현금성자산
12,006,000,000
14,491,000,000
2,415,000,000
매출채권 및 기타유동채권
12,606,000,000
17,273,000,000
20,205,000,000
재고자산
24,445,000,000
17,600,000,000
18,706,000,000
비유동자산
60,779,000,000
58,420,000,000
56,511,000,000
유형자산
56,030,000,000
55,414,000,000
54,665,000,000
자산총계
115,256,000,000
111,404,000,000
101,543,000,000
부채
유동부채
23,471,000,000
31,031,000,000
28,542,000,000
매입채무 및 기타유동채무
13,880,000,000
15,908,000,000
16,560,000,000
단기차입금
516,000,000
9,604,000,000
6,700,000,000
비유동부채
5,219,000,000
4,556,000,000
3,031,000,000
장기차입금
1,900,000,000
1,616,000,000
0
부채총계
28,690,000,000
35,587,000,000
31,573,000,000
자본
자본금
7,000,000,000
7,000,000,000
7,000,000,000
이익잉여금(결손금)
75,450,000,000
64,772,000,000
58,971,000,000
자본총계
86,567,000,000
75,817,000,000
69,970,000,000
매출액
198,110,000,000
180,410,000,000
149,412,000,000
영업이익(손실)
16,875,000,000
10,782,000,000
5,311,000,000
당기순이익(손실)
14,173,000,000
8,643,000,000
4,750,000,000
주당순이익(원)
1,014
618
340