선익시스템 / 2021.03.19 사업보고서
1. 요약재무정보
가. 요약 연결 재무정보
- 하기 재무정보는 한국채택국제회계기준(K-IFRS)에 따라 작성되었습니다.
- 제29기부터 기업회계기준서 제1115호'고객과의 계약에서 생기는 수익'과 제1109호'금융 상품'을 적용하였습니다.
- 제30기부터 기업회계기준서 제1116호 '리스'를 적용하였습니다.
[K-IFRS 연결] (단위 : 원)
과 목
제 31 기
제 30 기
제 29 기
2020년말
2019년말
2018년말
자 산
Ⅰ. 유동자산
62,447,487,010
78,160,198,892
80,791,947,867
현금 및 현금성 자산
4,576,185,579
15,619,816,492
35,569,281,170
단기금융상품
32,101,031,961
13,000,713,512
5,010,488,849
매출채권 및 기타 유동채권
21,614,801,847
36,184,956,511
20,966,564,941
재고자산
3,608,649,407
12,125,996,357
17,816,654,770
기타유동자산
546,818,216
1,228,716,020
1,428,958,137
Ⅱ. 비유동자산
45,049,723,748
41,971,592,602
35,214,837,501
장기금융상품
2,229,915,759
2,978,667,907
-
장기매출채권 및 기타비유동채권
1,595,951,844
2,363,545,475
2,702,698,611
유형자산
35,053,311,226
31,160,923,866
28,267,526,724
무형자산
1,172,775,964
1,819,925,662
1,186,069,142
장기대여금
40,833,326
29,166,666
-
기타비유동금융자산
1,231,548,072
954,167,430
815,833,986
퇴직급여자산
186,406,202
26,822,837
-
이연법인세자산
3,538,981,355
2,638,372,759
2,242,709,038
자 산 총 계
107,497,210,758
120,131,791,494
116,006,785,368
부 채
Ⅰ. 유동부채
16,187,346,917
28,016,797,410
29,363,407,764
Ⅱ. 비유동부채
675,623,639
1,489,391,492
2,710,268,637
부 채 총 계
16,862,970,556
29,506,188,902
32,073,676,401
자 본
Ⅰ. 지배기업 소유주지분
자본금
4,499,647,500
4,499,647,500
4,499,647,500
자본잉여금
46,296,777,696
46,296,777,696
46,296,777,696
기타자본구성요소
(2,752,061,496)
(904,518,248)
(502,227,091)
이익잉여금
42,589,876,503
40,733,695,644
33,638,910,862
Ⅱ. 비지배지분
자 본 총 계
90,634,240,202
90,625,602,592
83,933,108,967
부채와자본총계
107,497,210,758
120,131,791,494
116,006,785,368
구분
(2020.01.01~ 2020.12.31)
(2019.01.01~ 2019.12.31)
(2018.01.01~ 2018.12.31)
매출액
65,640,857,994
87,647,565,810
117,997,698,578
영업이익
3,677,986,506
11,430,479,238
8,494,074,274
당기순이익
2,316,576,950
7,145,804,024
5,158,263,837
지배기업소유지분순이익
2,316,576,950
7,145,804,024
5,158,263,837
비지배지분순이익
-
-
-
주당순이익
기본주당순이익(원)
275
829
576
희석주당순이익(원)
275
829
576
연결에 포함된 회사수
3
3
3
주1) 연결에 포함된 회사수는 (주)선익시스템이 포함된 숫자입니다.
나. 요약 별도 재무정보
- 하기 재무정보는 한국채택국제회계기준(K-IFRS)에 따라 작성되었습니다.
- 제29기부터 기업회계기준서 제1115호'고객과의 계약에서 생기는 수익'과 제1109호'금융 상품'을 적용하였습니다.
- 제30기부터 기업회계기준서 제1116호 '리스'를 적용하였습니다.
[K-IFRS 별도] (단위 : 원)
과 목
제 31 기
제 30 기
제 29 기
2020년말
2019년말
2018년말
자 산
Ⅰ. 유동자산
61,181,648,779
77,420,557,535
79,838,254,353
현금및현금성자산
3,615,207,344
14,995,848,178
34,891,674,544
단기금융상품
32,100,331,961
12,998,312,340
4,998,818,641
매출채권 및 기타유동채권
21,412,408,055
36,353,934,911
20,863,653,574
재고자산
3,506,883,203
11,865,900,971
17,655,149,457
기타유동자산
546,818,216
1,206,561,135
1,428,958,137
Ⅱ. 비유동자산
45,447,570,287
42,178,380,622
35,660,498,265
장기금융상품
2,229,915,759
2,978,667,907
-
장기매출채권 및 기타비유동채권
2,559,111,394
2,336,127,877
2,620,198,611
유형자산
33,531,938,401
28,965,738,040
26,205,875,957
무형자산
1,170,096,385
1,495,109,458
854,172,915
종속기업투자주식
2,207,224,773
3,428,989,415
3,428,989,415
퇴직급여자산
186,406,202
26,822,837
-
이연법인세자산
3,562,877,373
2,946,925,088
2,551,261,367
자 산 총 계
106,629,219,066
119,598,938,157
115,498,752,618
부 채
Ⅰ. 유동부채
15,182,466,357
28,189,508,128
29,647,222,795
Ⅱ. 비유동부채
542,795,701
456,701,129
1,609,868,527
부 채 총 계
15,725,262,058
28,646,209,257
31,257,091,322
자 본
Ⅰ. 자본금
4,499,647,500
4,499,647,500
4,499,647,500
Ⅱ. 자본잉여금
46,296,777,696
46,296,777,696
46,296,777,696
Ⅲ. 기타자본구성요소
(2,752,061,496)
(904,518,248)
(502,227,091)
Ⅳ. 이익잉여금
42,859,593,308
41,060,821,952
33,947,463,191
자 본 총 계
90,903,957,008
90,952,728,900
84,241,661,296
부채와자본총계
106,629,219,066
119,598,938,157
115,498,752,618
종속·관계·공동기업투자주식의 평가방법
원가법
원가법
원가법
구분
(2020.01.01~ 2020.12.31)
(2019.01.01~ 2019.12.31)
(2018.01.01~ 2018.12.31)
매출액
65,079,015,044
87,328,757,290
117,997,698,578
영업이익
3,881,558,922
11,509,294,492
8,521,503,174
당기순이익
2,259,167,448
7,163,682,470
5,452,247,410
주당순이익
기본주당순이익(원)
269
831
609
희석주당순이익(원)
269
831
609