포스코엠텍 / 2021.03.05 사업보고서
1. 요약재무정보
(단위 : 원)
구분
제 47기
제 46기
제 45기
(2020년 12월말)
(2019년 12월말)
(2018년 12월말)
[유동자산]
107,317,529,709
101,544,692,983
93,650,960,365
ㆍ현금및현금성자산
6,557,602,443
1,443,562,374
2,120,789,750
[비유동자산]
22,985,878,564
27,472,276,842
29,081,622,372
자산총계
130,303,408,273
129,016,969,825
122,732,582,737
[유동부채]
30,799,660,646
32,758,218,185
30,623,971,183
[비유동부채]
3,103,153,438
6,298,480,660
3,857,429,376
부채총계
33,902,814,084
39,056,698,845
34,481,400,559
자본금
20,821,351,500
20,821,351,500
20,821,351,500
이익잉여금
41,342,999,424
34,902,676,215
33,193,587,413
자본총계
96,400,594,189
89,960,270,980
88,251,182,178
('20.01~'20.12)
('19.01~'19.12)
('18.01~'18.12)
매출액
255,399,800,061
288,697,939,148
300,968,993,833
영업이익
11,611,240,621
13,060,614,300
18,991,650,434
당기순이익(손실)
9,409,919,553
10,576,708,447
14,101,413,158
주당순이익(원)
226
254
339