현대제철 / 2021.03.15 사업보고서
1. 요약재무정보
가. 연결재무제표
(단위 : 원)
구분
제56기
제55기
제54기
(2020년 12월 말)
(2019년 12월 말)
(2018년 12월 말)
[유동자산]
9,934,769,000,000
9,578,738,000,000
8,769,003,000,000
ㆍ현금 및 현금성자산
917,233,000,000
915,767,000,000
762,113,000,000
[비유동자산]
24,910,271,000,000
24,787,595,000,000
24,535,914,000,000
자산총계
34,845,040,000,000
34,366,333,000,000
33,304,917,000,000
[유동부채]
6,072,727,000,000
6,420,343,000,000
6,702,510,000,000
[비유동부채]
12,079,282,000,000
10,712,249,000,000
9,579,273,000,000
부채총계
18,152,009,000,000
17,132,592,000,000
16,281,783,000,000
[자본금]
667,229,000,000
667,229,000,000
667,229,000,000
[연결이익잉여금]
10,933,099,000,000
11,488,336,000,000
11,560,630,000,000
[비지배지분]
347,589,000,000
335,364,000,000
327,120,000,000
자본총계
16,693,031,000,000
17,233,740,000,000
17,023,134,000,000
기간
(2020.01.01 ~2020.12.31)
(2019.01.01 ~2019.12.31)
(2018.01.01 ~ 2018.12.31)
매출액
18,023,398,000,000
20,512,590,000,000
20,780,382,000,000
영업이익
73,032,000,000
331,298,000,000
1,026,089,000,000
연결총당기순이익
(440,120,000,000)
25,613,000,000
407,959,000,000
연결주당순이익(원)
(3,272)
130
3,037
연결에 포함된 회사수
23개
22개
22개