SK텔레콤 / 2021.03.17 사업보고서
1. 요약재무정보
가. 요약연결재무정보
(단위: 백만원)
과목
제37기말
제36기말
제35기말
자산
Ⅰ.유동자산
8,775,086
8,088,507
7,958,839
현금및현금성자산
1,369,653
1,270,824
1,506,699
매출채권
2,188,893
2,230,979
2,008,640
미수금
979,044
903,509
937,837
기타의유동자산
4,237,496
3,683,195
3,505,663
Ⅱ.비유동자산
39,131,871
37,113,861
34,410,272
장기투자자산
1,648,837
857,215
664,726
관계기업및공동기업투자
14,354,113
13,385,264
12,811,771
유형자산
13,377,077
12,933,460
10,718,354
무형자산
4,436,194
4,866,092
5,513,510
영업권
3,357,524
2,949,530
2,938,563
기타의비유동자산
1,958,126
2,122,300
1,763,348
자산총계
47,906,957
45,202,368
42,369,111
부채
Ⅰ.유동부채
8,177,967
7,851,673
6,847,557
Ⅱ.비유동부채
15,332,747
14,533,761
13,172,304
부채총계
23,510,714
22,385,434
20,019,861
자본
Ⅰ.지배기업 소유주지분
23,743,894
22,950,227
22,470,822
자본금
44,639
44,639
44,639
기타불입자본
677,203
1,006,481
655,084
이익잉여금
22,981,913
22,228,683
22,144,541
기타자본구성요소
40,139
-329,576
-373,442
Ⅱ.비지배지분
652,349
-133,293
-121,572
자본총계
24,396,243
22,816,934
22,349,250
부채와자본총계
47,906,957
45,202,368
42,369,111
연결에 포함된 회사수
49
48
44
과목
제37기
제36기
제35기
Ⅰ.영업수익
18,624,651
17,740,716
16,873,960
Ⅱ.영업이익
1,349,324
1,108,177
1,201,760
Ⅲ.법인세비용차감전계속영업순이익
1,877,040
1,161,001
3,975,966
Ⅳ.연결당기순이익
1,500,538
860,733
3,131,988
Ⅴ.연결당기순이익의귀속:
지배기업의 소유주지분
1,504,352
888,698
3,127,887
비지배지분
-3,814
-27,965
4,101
Ⅵ.지배기업 소유주 지분에 대한 주당이익:
기본 주당순이익(원)
20,463
12,127
44,066
희석 주당순이익(원)
20,459
12,127
44,066
* 제37기 재무재표는 주주총회 승인전 재무제표이며, 향후 정기주주총회에서 재무제 표 승인 관련 안건이 부결되거나 수정이 발생한 경우 정정보고서를 통해 그 내용 및 사유 등을 반영할 예정임
나. 요약 재무정보
(단위 : 백만원)
과목
제37기말
제36기말
제35기말
자산
Ⅰ.유동자산
5,047,115
4,998,465
4,679,378
현금및현금성자산
329,208
497,282
877,823
매출채권
1,503,552
1,479,971
1,354,260
미수금
434,713
506,642
518,451
기타의유동자산
2,779,642
2,514,570
1,928,844
Ⅱ.비유동자산
26,939,336
26,619,167
24,168,645
장기투자자산
983,688
510,633
410,672
종속기업, 관계기업 및 공동 기업투자
11,357,504
10,578,158
10,188,914
유형자산
9,157,548
9,052,709
6,943,490
무형자산
2,665,083
3,461,152
4,010,864
영업권
1,306,236
1,306,236
1,306,236
기타의비유동자산
1,469,277
1,710,279
1,308,469
자산총계
31,986,451
31,617,632
28,848,023
부채
Ⅰ.유동부채
5,076,404
5,165,744
4,178,068
Ⅱ.비유동부채
9,560,189
9,067,989
7,782,468
부채총계
14,636,593
14,233,733
11,960,536
자본
Ⅰ.자본금
44,639
44,639
44,639
Ⅱ.기타불입자본
289,134
715,619
415,324
Ⅲ.이익잉여금
16,684,640
16,672,947
16,467,789
Ⅳ.기타자본항목
331,445
-49,306
-40,265
자본총계
17,349,858
17,383,899
16,887,487
종속·관계·공동기업 투자주식의 평가방법
원가법
원가법
원가법
부채와자본총계
31,986,451
31,617,632
28,848,023
과목
제37기
제36기
제35기
Ⅰ.영업수익
11,746,630
11,421,342
11,705,639
Ⅱ.영업이익
1,023,067
951,803
1,307,494
Ⅲ.법인세비용차감전순이익
941,455
1,184,878
1,221,244
Ⅳ.당기순이익
758,792
979,891
933,902
Ⅴ.주당이익:
기본 주당순이익(원)
10,221
13,393
13,000
희석 주당순이익(원)
10,219
13,393
13,000
* 제37기 재무재표는 주주총회 승인전 재무제표이며, 향후 정기주주총회에서 재무제 표 승인 관련 안건이 부결되거나 수정이 발생한 경우 정정보고서를 통해 그 내용 및 사유 등을 반영할 예정임