인화정공 / 2021.03.17 사업보고서
1. 요약재무정보
1) 요약 연결 재무정보
(단위:원)
구분
제22기(2020년말)
제21기(2019년말)
제20기(2018년말)
[유동자산]
92,039,694,490
96,512,595,222
106,839,645,879
[비유동자산]
224,657,944,439
189,918,097,482
199,298,499,066
자산총계
316,697,638,929
286,430,692,704
306,138,144,945
[유동부채]
148,709,456,021
149,942,412,508
151,037,070,799
[비유동부채]
3,587,380,735
3,706,728,843
13,024,459,866
부채총계
152,296,836,756
153,649,141,351
164,061,530,665
[자본금]
4,665,852,500
4,665,852,500
4,665,852,500
[이익잉여금]
115,788,437,311
84,063,776,247
93,104,736,920
자본총계
164,400,802,173
132,781,551,353
142,076,614,280
매출액
105,747,185,253
129,288,748,072
99,817,006,776
영업이익
(629,693,726)
2,998,542,123
(2,025,352,731)
당기순이익
31,817,708,013
(8,467,080,367)
(1,770,935,039)
총포괄손익
32,128,380,128
(8,625,983,365)
(1,962,913,659)
기본주당순이익
3,466
(922)
(193)

연결에 포함된 회사수
4
4
5