인크로스 / 2021.03.17 사업보고서
1. 요약재무정보
가. 요약연결재무정보
(단위 : 원)
구분
2020년
(제14기말)
2019년
(제13기말)
2018년
(제12기말)
유동자산
165,667,220,000
133,740,880,000
111,020,949,000
현금및현금성자산
26,545,136,000
8,477,826,000
13,027,758,000
자산총계
179,307,691,000
144,263,390,000
121,311,103,000
유동부채
101,064,941,000
77,530,280,000
58,000,393,000
비유동부채
3,712,597,000
988,618,000
371,368,000
부채총계
104,777,538,000
78,518,898,000
58,371,761,000
자본금
4,028,389,000
4,028,389,000
4,005,898,000
이익잉여금(결손금)
47,814,441,000
35,589,940,000
26,487,845,000
자본총계
74,530,153,000
65,744,492,000
62,939,341,000
연결에 포함된 종속 회사수
2
2
2
(2020.01.01.~2020.12.31.)
(2019.01.01.~2019.12.31.)
(2018.01.01.~2018.12.31.)
수익(매출액)
39,440,174,000
34,463,400,000
35,769,759,000
영업이익(손실)
14,847,199,000
12,209,437,000
11,087,813,000
당기순이익(손실)
12,307,080,000
9,314,082,000
8,627,690,000
영업기본주당이익(손실)
1,701
1,240
1,096
영업희석주당이익(손실)
1,694
1,232
1,081