이상네트웍스 / 2021.04.05 [정정] 사업보고서
1.
요약재무정보
가. 연결요약재무제표
주식회사 이상네트웍스 및 그 종속기업
(단위:원)
구분
제21기
제20기
제19기
2020년 12월말
2019년 12월말
2018년 12월말
[유동자산]
52,613,740,329
70,206,511,052
44,375,399,003
-당좌자산
38,583,553,592
47,022,019,832
21,438,979,973
-재고자산
12,945,115,997
10,611,512,216
9,117,962,678
-매각예정비유동자산
1,085,070,740
12,572,979,004
13,818,456,352
[비유동자산]
101,309,830,376
82,739,231,479
92,881,318,067
-투자자산
35,012,643,194
33,952,572,899
25,271,251,762
-유형자산
33,881,309,222
27,074,098,001
48,443,092,475
-무형자산
18,009,149,340
18,464,363,997
18,142,059,836
-사용권자산
12,884,309,060
802,506,337
-
-기타비유동자산
1,522,419,560
2,445,690,245
1,024,913,994
자산총계
153,923,570,705
152,945,742,531
137,256,717,070
[유동부채]
27,566,293,624
43,254,166,872
20,172,535,643
[비유동부채]
15,725,512,424
3,988,081,204
27,133,018,603
부채총계
43,291,806,048
47,242,248,076
47,305,554,246
[자본금]
4,507,500,000
4,507,500,000
4,507,500,000
[자본잉여금]
27,194,534,731
27,194,534,731
27,077,821,520
[기타자본항목]
(347,530,605)
(128,163,675)
(1,174,999,259)
[기타포괄손익누계액]
(216,667,666)
(10,737,062)
3,653,516,138
[이익잉여금]
68,825,329,779
63,251,201,290
50,861,554,162
[비지배지분]
10,668,598,418
10,889,159,171
5,025,770,263
자본총계
110,631,764,657
105,703,494,455
89,951,162,824
구분
제21기
제20기
제19기
2020.01.01~2020.12.31
2019.01.01~2019.12.31
2018.01.01~2018.12.31
매출액
44,219,745,566
58,153,972,197
53,729,890,468
영업이익
3,074,989,616
7,530,463,105
6,828,534,111
당기순이익
5,992,694,048
10,932,725,045
6,356,877,102
지배지분순이익
6,215,841,888
9,021,416,548
6,837,209,797
구분
제21기
제20기
제19기
2020.01.01~2020.12.31
2019.01.01~2019.12.31
2018.01.01~2018.12.31
기본주당순이익
697
1,009
776
희석주당순이익
697
1,009
776
연결종속회사의 수
4
4
4
나. 별도요약재무제표
주식회사 이상네트웍스 (단위:원)
구분
제21기
제20기
제19기
2020년 12월말
2019년 12월말
2018년 12월말
[유동자산]
32,567,679,288
49,292,916,339
33,760,091,759
-당좌자산
19,941,431,452
26,130,352,720
11,005,288,277
-재고자산
12,626,247,836
10,589,584,615
9,081,824,478
-매각예정비유동자산
-
12,572,979,004
13,672,979,004
[비유동자산]
80,889,742,819
70,058,662,708
86,498,087,214
-투자자산
47,855,995,421
48,055,937,914
38,464,517,929
-유형자산
26,544,159,520
20,556,424,527
47,387,564,451
-무형자산
409,115,959
420,514,459
439,494,834
-사용권자산
4,752,969,779
505,920,596
-
-기타비유동자산
1,327,502,140
519,865,212
206,510,000
자산총계
113,457,422,107
119,351,579,047
120,258,178,973
[유동부채]
22,177,409,362
37,532,588,403
17,227,517,820
[비유동부채]
5,415,775,335
1,376,953,271
25,823,546,687
부채총계
27,593,184,697
38,909,541,674
43,051,064,507
[자본금]
4,507,500,000
4,507,500,000
4,507,500,000
[자본잉여금]
27,194,534,731
27,194,534,731
27,077,821,520
[기타자본항목]
(752,598,140)
(533,231,210)
(2,673,501,789)
[이익잉여금]
54,914,800,819
49,273,233,852
44,637,897,238
[기타포괄손익누계액]
-
-
3,657,397,497
자본총계
85,864,237,410
80,442,037,373
77,207,114,466
종속·관계기업 투자주식의 평가방법
원가법
원가법
원가법
구분
제21기
제20기
제19기
2020.01.01~2020.12.31
2019.01.01~2019.12.31
2018.01.01~2018.12.31
매출액
23,831,504,877
24,699,899,624
39,322,369,382
영업이익
2,272,649,005
1,133,535,699
6,371,606,227
당기순이익
6,500,692,832
546,055,267
4,242,228,897
기본주당순이익
729
61
482
희석주당순이익
729
61
482
※ 상기 재무제표는 한국채택 국제회계기준에 따라 작성되었으며, 외부감사인의 감
사를 받은 재무제표입니다.