한진중공업홀딩스 / 2021.03.18 사업보고서
1. 요약재무정보
가. 요약연결재무정보
(단위 : 원)
구분
제59기
제58기
제57기
(2020년 12월 31일)
(2019년 12월 31일)
(2018년 12월 31일)
[유동자산]
333,600,000,000
353,502,000,000
357,667,000,000
ㆍ현금및현금성자산
24,285,000,000
27,349,000,000
51,091,000,000
[비유동자산]
1,503,585,000,000
1,507,161,000,000
1,515,936,000,000
자산총계
1,837,185,000,000
1,860,663,000,000
1,873,603,000,000
[유동부채]
550,186,000,000
625,262,000,000
486,807,000,000
[비유동부채]
930,414,000,000
874,926,000,000
1,019,750,000,000
부채총계
1,480,600,000,000
1,500,188,000,000
1,506,557,000,000
[자본금]
155,149,000,000
155,149,000,000
155,149,000,000
[결손금]
(477,362,000,000)
(473,371,000,000)
(502,103,000,000)
[비지배지분]
27,046,000,000
26,836,000,000
26,764,000,000
자본총계
356,585,000,000
360,475,000,000
367,046,000,000
( 2020.01.01
~2020.12.31)
( 2019.01.01
~2019.12.31)
( 2018.01.01
~2018.12.31)
영업수익
795,207,000,000
877,642,000,000
946,003,000,000
영업이익
50,389,000,000
38,422,000,000
27,659,000,000
당기순이익
(3,605,000,000)
30,355,000,000
(270,000,000)
총포괄이익
(3,890,000,000)
(6,571,000,000)
(2,644,000,000)
주당순이익
(146)
1,160
346
연결에포함된 회사수
6
6
6
[△는 부(-)의 수치임]
※ 제59기(당기)는 주주총회 승인 전 연결재무제표입니다. 향후 정기주주총회에서 재무제
표 승인 관련 안건이 부결되거나 수정이 발생한 경우 정정보고서를 통해 그 내용 및 사유
등을 반영할 예정입니다.