노루페인트 / 2021.03.18 사업보고서
1. 요약재무정보
가. 요약연결재무정보
(단위 : 원)
과목
제 15 기
제 14 기
제 13 기
[유동자산]
302,997,190,000,000
263,742,589,000,000
239,631,541,000,000
현금및현금성자산
62,474,302,000,000
26,513,010,000,000
7,529,606,000,000
매출채권
151,076,847,000,000
145,172,424,000,000
157,466,024,000,000
재고자산
78,142,777,000,000
69,994,145,000,000
60,365,063,000,000
[비유동자산]
363,661,941,000,000
363,599,916,000,000
367,813,402,000,000
유형자산
288,587,027,000,000
289,546,656,000,000
287,200,884,000,000
자산총계
666,659,131,000,000
627,342,505,000,000
607,444,943,000,000
[유동부채]
254,383,265,000,000
194,853,854,000,000
196,120,881,000,000
[비유동부채]
78,413,710,000,000
110,120,040,000,000
103,518,199,000,000
부채총계
332,796,975,000,000
304,973,894,000,000
299,639,080,000,000
자본금
10,231,563,000,000
10,231,563,000,000
10,231,563,000,000
이익잉여금
220,228,211,000,000
207,461,188,000,000
193,802,310,000,000
자본총계
333,862,156,000,000
322,368,611,000,000
307,805,863,000,000
(2020.01.01~2020.12.31)
(2019.01.01~2019.12.31)
(2018.01.01~2018.12.31)
매출액
642,935,197,000,000
647,452,120,000,000
614,726,256,000,000
영업이익
32,297,043,000,000
29,162,610,000,000
22,666,974,000,000
당기순이익
17,981,479,000,000
18,899,753,000,000
12,742,107,000,000
총포괄손익
17,123,220,000,000
19,728,061,000,000
14,220,098,000,000
보통주 기본및희석주당이익(단위: 원)
879
923
623
우선주 기본및희석주당이익(단위: 원)
884
928
628