에이피알 / 2021.03.31 사업보고서
1. 요약재무정보
가. 요약연결재무정보
(단위 : 원)
과 목
제7기
제 6기
제 5기
2020년12월말
2019년12월말
2018년12월말
[유동자산]
62,817,954,586
47,475,785,739
44,799,712,618
ㆍ당좌자산
44,257,374,034
31,376,662,549
22,945,507,777
ㆍ재고자산
18,560,580,552
16,099,123,190
21,854,204,841
[비유동자산]
29,010,706,735
13,049,423,769
13,264,308,272
ㆍ투자자산
-
28,532,686
1,383,281,793
ㆍ유형자산
4,975,399,413
3,698,611,184
3,951,740,880
ㆍ사용권자산
13,197,575,572
2,871,845,622
3,025,725,629
ㆍ무형자산
1,506,276,955
1,001,951,822
596,446,720
ㆍ기타비유동자산
9,331,454,795
5,448,482,455
4,307,113,250
자산총계
91,828,661,321
60,525,209,508
58,064,020,890
[유동부채]
29,046,487,205
48,864,802,988
48,013,307,638
[비유동부채]
11,082,258,968
2,263,653,555
1,784,344,132
부채총계
40,128,746,173
51,128,456,543
49,797,651,770
[지배기업 소유주지분]
51,699,915,148
8,750,181,259
7,439,980,985
[자본금]
3,447,104,000
2,982,160,000
2,982,160,000
[자본잉여금]
44,262,935,494
8,852,506,275
8,031,071,952
[자본조정]
2,107,948,808
2,179,608,045
1,244,162,365
[기타포괄손익누계액]
(616,682,991)
(72,725,606)
(5,095,983)
[이익잉여금]
2,498,609,837
(5,191,367,455)
(4,812,317,349)
[비지배지분]
-
646,571,706
826,388,135
자본총계
51,699,915,148
9,396,752,965
8,266,369,120
부채및자본총계
91,828,661,321
60,525,209,508
58,064,020,890
2020년 1월 1일~ 2020년 12월 31일
2019년 1월 1일~ 2019년 12월 31일
2018년 1월 1일~ 2018년 12월 31일
매출액
219,939,337,665
158,999,740,099
102,627,923,034
영업이익
14,469,696,877
7,152,417,688
(5,970,927,570)
법인세비용차감전순이익
8,853,878,654
1,077,420,317
(8,823,615,362)
당기순이익
7,891,717,267
(68,802,895)
(7,586,371,672)
지배기업 소유주지분
7,891,717,267
(319,045,438)
(8,213,685,126)
비지배지분
-
250,242,543
627,313,454
보통주기본주당순이익
1,269
(12)
(1,348)
보통주희석주당순이익
1,251
(12)
(1,348)
연결에 포함된 회사 수
9
8
8
(주1) 전기와 전전기에 주당손익은 희석주당손익이 기본주당손익 보다 높게 나타나 반희석효과를 나타내므로, 기본주당손익과 희석주당손익은 동일합니다.
(주2) 연결에 포함된 회사 수는 각 기말 현재 기준 연결대상 기업 수 입니다.
나. 요약별도재무정보
(단위 : 원)
과 목
제7기
제 6기
제 5기
2020년12월말
2019년12월말
2018년12월말
[유동자산]
39,816,433,876
33,402,233,498
36,916,049,571
ㆍ당좌자산
27,889,531,632
22,377,876,574
24,562,555,523
ㆍ재고자산
11,926,902,244
11,024,356,924
12,353,494,048
[비유동자산]
46,047,234,174
22,752,153,677
18,847,583,152
ㆍ투자자산
25,272,831,619
15,439,730,770
11,951,409,114
ㆍ유형자산
2,964,467,806
1,289,180,385
1,738,366,914
ㆍ사용권자산
8,957,495,896
402,691,139
1,045,944,154
ㆍ무형자산
1,090,052,298
899,693,819
527,587,965
ㆍ기타비유동자산
7,762,386,555
4,720,857,564
3,584,275,005
자산총계
85,863,668,050
56,154,387,175
55,763,632,723
[유동부채]
23,187,037,268
45,704,192,828
45,785,679,380
[비유동부채]
8,586,576,106
710,760,393
798,079,941
부채총계
31,773,613,374
46,414,953,221
46,583,759,321
[자본금]
3,447,104,000
2,982,160,000
2,982,160,000
[자본잉여금]
45,286,304,816
8,031,071,952
8,031,071,952
[자본조정]
2,088,667,568
2,751,702,156
1,244,162,365
[기타포괄손익누계액]
(628,084,486)
194,252,192
(5,095,983)
[이익잉여금]
3,896,062,778
(4,219,752,346)
(3,072,424,932)
자본총계
54,090,054,676
9,739,433,954
9,179,873,402
부채및자본총계
85,863,668,050
56,154,387,175
55,763,632,723
종속·관계·공동기업 투자주식의 평가방법
지분법
지분법
지분법
2020년 1월 1일~ 2020년 12월 31일
2019년 1월 1일~ 2019년 12월 31일
2018년 1월 1일~ 2018년 12월 31일
매출액
170,610,580,231
118,727,116,052
77,447,978,449
영업이익
2,703,057,609
2,310,983,450
(7,024,891,500)
법인세비용차감전순이익
6,688,165,786
(70,839,757)
(8,010,249,438)
당기순이익
8,317,555,099
(1,087,322,746)
(6,505,605,686)
보통주기본주당순이익
1,338
(182)
(1,156)
보통주희석주당순이익
1,318
(182)
(1,156)
(주1) 전기와 전전기에 주당손익은 희석주당손익이 기본주당손익 보다 높게 나타나 반희석효과를 나타내므로, 기본주당손익과 희석주당손익은 동일합니다.