현대코퍼레이션홀딩스 / 2021.03.18 사업보고서
1. 요약재무정보
가. 요약 연결 재무정보
(단위 : 천원)
구분
제 6 기말
제 5 기말
제 4 기말
[유동자산]
86,387,368
111,052,684
97,626,015
ㆍ당좌자산
56,863,402
63,928,715
56,736,241
ㆍ재고자산
29,523,966
47,123,969
40,889,774
[비유동자산]
130,531,408
130,366,663
91,173,153
ㆍ투자자산
76,423,658
77,896,402
63,068,947
ㆍ유형자산
11,141,058
8,521,165
4,372,570
ㆍ무형자산
20,742,094
20,830,539
20,964,931
ㆍ기타비유동자산
22,224,598
23,118,557
2,766,706
자산총계
216,918,776
241,419,346
188,799,168
[유동부채]
18,128,066
40,301,578
20,356,974
[비유동부채]
21,843,286
21,643,685
169,706
부채총계
39,971,352
61,945,264
20,526,680
ㆍ자본금
45,504,180
45,504,180
45,504,180
ㆍ연결자본잉여금
68,256,270
68,256,270
68,256,270
ㆍ연결기타자본
(47,387,239)
(30,791,871)
(36,974,295)
ㆍ연결이익잉여금
109,463,322
96,355,288
90,806,405
ㆍ비지배지분
1,110,890
150,216
679,928
자본총계
176,947,423
179,474,083
168,272,488
자본과 부채
216,918,776
241,419,346
188,799,168
구분
제 6기
제 5기
제 4기
[매출액]
151,595,478
183,922,453
165,419,713
[영업이익]
10,102,433
9,283,406
7,895,717
[당기순이익]
17,633,690
9,708,952
3,734,854
ㆍ지배기업 소유주 지분
17,722,765
10,278,626
4,461,020
ㆍ비지배지분
(89,075)
(569,675)
(726,166)
[총포괄이익]
3,614,621
15,545,013
(5,147,747)
ㆍ지배기업 소유주 지분
3,842,047
16,074,724
(4,414,793)
구분
제 6기
제 5기
제 4기
ㆍ비지배지분
(227,426)
(529,712)
(732,954)
주당순이익(원)
2,063
1,183
513
연결에 포함된 종속기업 수
9
9
7
나. 요약 재무정보
구분
제 6 기말
제 5 기말
제 4 기말
[유동자산]
77,631,309
104,822,211
89,629,394
ㆍ당좌자산
53,242,595
60,077,571
50,519,244
ㆍ재고자산
24,388,714
44,744,640
39,110,150
[비유동자산]
131,972,526
133,061,530
95,109,754
ㆍ투자자산
88,948,249
86,068,578
70,364,031
ㆍ유형자산
1,225,642
1,649,316
7,296
ㆍ무형자산
20,711,747
20,799,051
20,906,269
ㆍ기타비유동자산
21,086,889
24,544,585
3,832,158
자산총계
209,603,835
237,883,741
184,739,148
[유동부채]
12,691,509
36,961,888
16,980,539
[비유동부채]
21,075,793
21,597,987
166,049
부채총계
33,767,302
58,559,875
17,146,588
ㆍ자본금
45,504,180
45,504,180
45,504,180
ㆍ자본잉여금
68,256,270
68,256,270
68,256,270
ㆍ기타자본
(47,387,239)
(30,791,871)
(36,974,295)
ㆍ이익잉여금
109,463,322
96,355,288
90,806,405
자본총계
175,836,533
179,323,866
167,592,560
자본과 부채
209,603,835
237,883,741
184,739,148
종속,관계,공동기업 투자주식의 평가방법
지분법
지분법
지분법
구분
제 6기
제5기
제 4기
[매출액]
129,025,893
177,355,011
163,042,118
[영업이익]
9,665,964
10,496,825
9,862,593
[당기순이익]
17,722,765
10,278,626
4,461,020
[총포괄이익]
3,842,047
16,074,724
(4,414,793)
주당순이익(원)
2,063
1,183
513