한진칼 / 2021.03.18 사업보고서
1. 요약재무정보
가. 요약 연결재무제표
(단위 : 원)
구분
2020년 12월말 (제8기)
2019년 12월말 (제7기)
2018년 12월말 (제6기)
[유동자산]
1,198,348,000,000
666,698,000,000
854,305,000,000
ㆍ현금및현금성자산
124,778,000,000
141,185,000,000
97,181,000,000
자산총계
3,488,568,000,000
2,693,659,000,000
2,850,067,000,000
[유동부채]
888,568,000,000
599,447,000,000
652,071,000,000
[비유동부채]
935,736,000,000
673,535,000,000
474,066,000,000
부채총계
1,824,304,000,000
1,272,982,000,000
1,126,138,000,000
[자본금]
166,998,000,000
149,268,000,000
149,268,000,000
[이익잉여금]
(840,205,000,000)
(577,633,000,000)
(363,691,000,000)
[비지배지분]
150,230,000,000
173,867,000,000
201,966,000,000
자본총계
1,664,265,000,000
1,420,677,000,000
1,723,929,000,000
(2020.1.1 ~
2020.12.31)
(2019.1.1 ~
2019.12.31)
(2018.1.1 ~
2018.12.31)
매출액
408,827,000,000
1,203,498,000,000
1,304,893,000,000
영업이익(손실)
(221,141,000,000)
(3,881,000,000)
108,792,000,000
당기순이익(손실)
(341,533,000,000)
(260,571,000,000)
(12,796,000,000)
기본및희석주당보통주순손실 (원)
(4,480)
(4,094)
(602)
기본및희석주당우선주순손실 (원)
(4,040)
(4,094)
(602)
연결에 포함된 회사수 (개)
8
8
8