유비쿼스 / 2021.03.17 사업보고서
1. 요약재무정보
(단위 : 원)
구분
제4기
제3기
제2기
[유동자산]
119,664,311,850
98,678,593,054
82,474,535,474
ㆍ현금및현금성자산
37,495,226,113
38,324,494,350
24,162,541,814
[비유동자산]
22,385,610,670
29,073,198,096
29,438,489,348
자산총계
142,049,922,520
127,751,791,150
111,913,024,822
[유동부채]
34,094,476,408
34,342,278,296
26,980,443,845
[비유동부채]
5,880,365,276
5,242,070,824
4,843,635,923
부채총계
39,974,841,684
39,584,349,120
31,824,079,768
ㆍ자본금
5,122,853,000
2,561,977,500
2,561,977,500
ㆍ이익잉여금
46,274,615,702
32,480,824,858
24,415,179,323
자본총계
102,075,080,836
88,167,442,030
80,088,945,054
종속ㆍ관계기업 투자주식 평가방법
지분법
지분법
지분법
기간
(2020.01.01 ~ 2020.12.31)
(2019.01.01 ~ 2019.12.31)
(2018.01.01 ~ 2018.12.31)
매출액
110,460,864,903
103,877,217,025
95,274,468,463
영업이익
18,961,066,096
12,218,124,393
16,690,312,674
당기순이익
16,098,578,794
11,138,696,135
14,883,174,305
기본주당순이익
1,572
1,087
1,453