성창기업지주 / 2021.03.16 사업보고서
1. 요약재무정보
가. 요약 연결재무정보
(단위 : 원)
구분
제91기
제90기
제89기
[비유동자산]
628,685,000,000
622,687,000,000
562,966,000,000
[유동자산]
78,708,000,000
80,226,000,000
85,695,000,000
자산총계
707,393,000,000
703,302,000,000
648,661,000,000
[자본금]
36,000,000,000
36,000,000,000
36,000,000,000
[이익잉여금]
195,709,000,000
190,281,000,000
200,839,000,000
[비지배지분]
210,000,000
220,000,000
225,000,000
자본총계
532,938,000,000
525,405,000,000
489,379,000,000
[비유동부채]
85,639,000,000
82,903,000,000
82,544,000,000
[유동부채]
88,816,000,000
94,994,000,000
76,738,000,000
부채총계
174,455,000,000
177,897,000,000
159,282,000,000
매출액
170,917,000,000
151,042,000,000
137,048,000,000
영업이익(손실)
8,033,000,000
(2,951,000,000)
(6,886,000,000)
당기순이익(손실)
5,064,000,000
(10,875,000,000)
(7,934,000,000)
총포괄손익
7,865,000,000
37,102,000,000
(9,616,000,000)
주당순이익
78
(166)
(119)