그린플러스 / 2021.03.19 사업보고서
1. 요약재무정보
가. 요약연결재무정보
(단위 : 원)
사업연도
구분
제 24 기말
제 23 기말
제 22 기말
회계처리 기준
K-IFRS
K-IFRS
K-IFRS
감사인(감사의견)
적정
[유동자산]
49,804,000,000
38,480,000,000
28,102,000,000
[비유동자산]
39,306,000,000
33,842,000,000
35,615,000,000
자산총계
89,110,000,000
72,322,000,000
63,717,000,000
[유동부채]
34,179,000,000
17,449,000,000
17,990,000,000
[비유동부채]
20,898,000,000
17,482,000,000
21,732,000,000
부채총계
55,077,000,000
34,931,000,000
39,722,000,000
[자본금]
4,804,000,000
2,412,000,000
1,740,000,000
[이익잉여금]
10,531,000,000
12,461,000,000
9,966,000,000
[비지배지분]
744,000,000
893,000,000
855,000,000
자본총계
34,033,000,000
37,391,000,000
23,995,000,000
부채와 자본총계
89,110,000,000
72,322,000,000
63,717,000,000
(단위: 원)
사업연도
구분
제 24 기
제 23 기
제 22 기
매출액
62,676,000,000
48,832,000,000
46,357,000,000
영업이익
5,936,000,000
5,077,000,000
5,107,000,000
당기순이익
(2,139,000,000)
2,533,000,000
2,270,000,000
기본주당순이익
(208)
222
799
연결에 포함된 회사수
3
3
3