GS / 2021.03.19 사업보고서
1. 요약재무정보
가. 요약연결재무정보
(단위 : 원)
구분
제17 기
(2020년 12월말)
제16 기
(2019년 12월말)
제15 기
(2018년 12월말)
[유동자산]
3,436,836,000,000
3,117,465,000,000
3,285,134,000,000
[비유동자산]
21,040,007,000,000
21,616,621,000,000
19,345,844,000,000
자산총계
24,476,843,000,000
24,734,086,000,000
22,630,978,000,000
[유동부채]
3,997,764,000,000
4,789,648,000,000
4,568,776,000,000
[비유동부채]
9,722,534,000,000
8,928,635,000,000
7,537,217,000,000
부채총계
13,720,298,000,000
13,718,283,000,000
12,105,993,000,000
[자본금]
473,501,000,000
473,501,000,000
473,501,000,000
[이익잉여금]
9,834,844,000,000
10,282,946,000,000
9,905,935,000,000
[비지배주주지분]
2,402,795,000,000
2,127,325,000,000
2,034,559,000,000
자본총계
10,756,545,000,000
11,015,803,000,000
10,524,985,000,000
(2020.01.01~ 2020.12.31)
(2019.01.01~ 2019.12.31)
(2018.01.01~ 2018.12.31)
매출액
15,444,214,000,000
17,786,063,000,000
17,744,385,000,000
영업이익(손실)
920,569,000,000
2,033,142,000,000
2,209,837,000,000
당기순이익(손실)
(187,776,000,000)
668,945,000,000
1,030,460,000,000
지배주주지분순이익(손실)
(242,685,000,000)
543,971,000,000
903,198,000,000
기본주당순이익(손실)
(2,564)원
5,745원
9,539원
연결에 포함된 회사수
54
52
49
[(수치)는 부(-)의 수치임]
※ '19.1.1일부로 리스회계기준서(K-IFRS 제1116호)를 적용함에 따라 제16기 재무정보부터 리스회계기준서(K-IFRS 제1116호)를 적용하여 작성하였습니다. 제15기는 리스회계기준서(K-IFRS 제1116호)를 소급 적용하지 않고 종전 기준서에 따라 작성되었습니다.