강남제비스코 / 2021.03.17 사업보고서
1. 요약재무정보
가. 요약연결재무정보
(단위 : 원)
구분
제69기
제68기
제67기
(2020년 12월말)
(2019년 12월말)
(2018년 12월말)
[유동자산]
196,688,000,000
178,788,000,000
187,925,000,000
ㆍ현금및현금성자산
75,833,000,000
54,296,000,000
35,903,000,000
[비유동자산]
511,068,000,000
493,482,000,000
469,941,000,000
자산총계
712,156,000,000
672,270,000,000
657,866,000,000
[유동부채]
68,583,000,000
59,914,000,000
60,379,000,000
[비유동부채]
61,074,000,000
51,176,000,000
47,944,000,000
부채총계
129,657,000,000
111,090,000,000
108,323,000,000
[자본금]
13,822,000,000
13,822,000,000
13,822,000,000
[이익잉여금]
471,023,000,000
450,525,000,000
440,065,000,000
[비지배지분]
36,330,000,000
34,556,000,000
32,171,000,000
자본총계
582,499,000,000
561,180,000,000
549,543,000,000
(2020.1.1~2020.12.31)
(2019.1.1~2019.12.31)
(2018.1.1~2018.12.31)
매출액
340,807,000,000
332,539,000,000
307,021,000,000
영업이익(손실)
2,725,000,000
(1,964,000,000)
1,697,000,000
당기순이익
25,068,000,000
17,413,000,000
38,842,000,000
지배기업지분에대한주당이익
3,583
2,250
5,942
연결에 포함된 회사수
10
10
11
[△는 부(-)의 수치임]
※ 당기 연결에 포함된 회사수는 강남제비스코(주), 종속회사 4개사 및 관계기업 5개
사입니다.