케이엠더블유 / 2021.03.23 사업보고서
1. 요약재무정보
가. 요약연결재무정보
(단위 : 원)
구분
제 27기말
(2020년 12월말)
제 26기말
(2019년 12월말)
제 25기말
(2018년 12월말)
[유동자산]
268,935,000,000
313,297,000,000
173,107,000,000
- 현금및현금성자산
129,756,000,000
49,552,000,000
53,625,000,000
- 매출채권
76,831,000,000
178,483,000,000
51,579,000,000
- 재고자산
57,135,000,000
73,586,000,000
52,336,000,000
[비유동자산]
118,889,000,000
113,749,000,000
100,391,000,000
자산총계
387,824,000,000
427,047,000,000
273,498,000,000
[유동부채]
109,595,000,000
181,669,000,000
162,951,000,000
[비유동부채]
34,239,000,000
27,611,000,000
24,328,000,000
부채총계
143,834,000,000
209,280,000,000
187,279,000,000
[자본금]
19,910,000,000
19,910,000,000
9,405,000,000
[이익잉여금]
88,763,000,000
62,480,000,000
(41,380,000,000)
자본총계
243,990,000,000
217,767,000,000
86,219,000,000
구분
(2020년 1월 1일부터 2020년 12월 30일까 지)
(2019년 1월 1일부터 2019년 12월 31일까 지)
(2018년 1월 1일부터 2018년 12월 31일까 지)
매출액
338,496,000,000
682,876,000,000
296,268,000,000
영업이익
32,662,000,000
137,774,000,000
(26,227,000,000)
당기순이익(손실)
26,638,000,000
103,738,000,000
(31,292,000,000)
지배기업소유주의
기본 주당순이익(원)
669
2,682
(975)