한국기업평가 / 2021.03.17 사업보고서
1. 요약재무정보
가. 요약연결재무정보(K-IFRS)
(단위 : 원)
구분
제39기
(2020년 12월 말)
제38기
(2019년 12월 말)
제37기
(2018년 12월 말)
[유동자산]
110,795,428,007
129,534,221,688
103,236,120,999
1. 현금및현금성자산
102,977,624,189
15,017,238,111
12,920,003,049
3. 매출채권 및 기타유동채권
6,817,803,818
8,916,983,577
8,116,117,950
[비유동자산]
39,815,447,472
30,802,932,555
27,490,954,024
1. 장기투자증권
15,660,601,600
9,845,396,600
9,310,403,400
2. 매출채권 및 기타채권
10,582,548,563
10,333,294,309
9,689,090,429
3. 유형자산 (사용권자산 포함)
5,044,603,903
7,546,564,771
5,183,765,239
4. 무형자산
8,086,078,111
2,381,644,431
2,474,799,808
자산 총계
150,610,875,479
160,337,154,243
130,727,075,023
[유동부채]
29,142,273,320
28,400,571,337
23,020,554,820
[비유동부채]
9,210,708,735
7,510,728,672
5,094,821,328
부채 총계
38,352,982,055
35,911,300,009
28,115,376,148
[지배기업 소유주지분]
93,611,445,199
107,113,326,741
87,098,437,076
1. 자본금
24,452,570,000
24,452,570,000
24,452,570,000
5. 이익잉여금
57,607,593,439
75,648,454,881
56,050,859,912
[비지배지분]
18,646,448,225
17,312,527,493
15,513,261,799
자본 총계
112,257,893,424
124,425,854,234
102,611,698,875
연결에 포함된 회사수
2
2
2
연결에 포함된 회사명
이크레더블
이크레더블네트웍스
이크레더블
이크레더블네트웍스
이크레더블
이크레더블네트웍스
연결대상회사의 동이유
-
-
-
기간
제39기
(2020.01.01
~2020.12.31)
제38기
(2019.01.01
~2019.12.31)
제37기
(2018.01.01
~2018.12.31)
매출액
95,884,738,631
92,749,504,451
84,153,908,805
영업이익
32,710,069,584
31,647,801,133
25,376,676,319
당기순이익
24,163,312,668
24,756,034,833
20,233,820,439
1. 지배기업 소유주지분
19,956,837,736
20,355,943,039
16,194,415,181
2. 비지배지분
4,206,474,932
4,400,091,794
4,039,405,258
주당순이익(원)
4,474
4,563
3,630
[(-)는 부의 수치임]
주) 당기는 주주총회 승인전 재무제표로서 향후 정기주주총회에서 재무제표 승인 관련 안건이 부 결되나 수정이 발생한 경우 정정보고서를 통해 그 내용 및 사유 등을 반영할 예정임