대한광통신 / 2021.03.16 사업보고서
1. 요약재무정보
1.1 연결 기준 재무에 관한 사항
(단위 : 원)
구분
제47기
(감사받은 재무제 표)
제46기
(감사받은 재무제 표)
제45기
(감사받은 재무제 표)
[유동자산]
139,592,000,000
161,272,000,000
204,855,000,000
[비유동자산]
129,297,000,000
128,427,000,000
112,174,000,000
자산총계
268,889,000,000
289,699,000,000
317,029,000,000
[유동부채]
71,273,000,000
79,954,000,000
83,419,000,000
[비유동부채]
45,075,000,000
30,345,000,000
42,541,000,000
부채총계
116,348,000,000
110,299,000,000
125,960,000,000
[자본금]
36,871,000,000
36,871,000,000
36,871,000,000
[자본잉여금]
135,123,000,000
135,123,000,000
135,123,000,000
[이익잉여금]
(19,610,000,000)
7,393,000,000
19,051,000,000
자본총계
152,541,000,000
179,400,000,000
191,070,000,000
매출액
136,088,000,000
154,296,000,000
167,150,000,000
영업이익
(22,660,000,000)
(9,631,000,000)
15,494,000,000
당기순이익(손실)
(27,399,000,000)
(11,701,000,000)
21,282,000,000
- 지배기업의 소유주에게 귀속되는 당기 순이익(손실)
(27,399,000,000)
(11,701,000,000)
21,525,000,000
- 기본주당이익(손실)
(372)
(159)
318
- 희석주당이익(손실)
(372)
(159)
318
연결에 포함된 회사수
3
3
3