KT나스미디어 / 2021.03.18 사업보고서
1. 요약재무정보
가. 요약연결재무정보
(단위 : 원)
과목
제21기
(2020년 12월말)
제20기
(2019년 12월말)
제19기
(2018년 12월말)
[유동자산]
360,553,470,000
280,030,917,000
229,307,714,000
ㆍ현금및현금성자산
53,719,959,000
28,879,878,000
15,274,734,000
자산총계
422,038,864,000
356,236,026,000
303,112,420,000
[유동부채]
208,834,002,000
189,476,495,000
145,807,914,000
[비유동부채]
12,537,305,000
13,628,135,000
15,355,744,000
부채총계
221,371,307,000
203,104,630,000
161,163,658,000
[자본금]
4,557,703,000
4,557,703,000
4,557,703,000
[이익잉여금]
118,583,374,000
101,594,616,000
84,215,429,000
[비지배지분]
33,898,222,000
11,610,995,000
9,858,530,000
자본총계
200,667,557,000
153,131,396,000
141,948,762,000
영업수익
111,641,077,000
117,006,838,000
106,607,030,000
영업이익
26,967,943,000
30,558,603,000
24,946,232,000
당기순이익
23,134,215,000
22,484,088,000
20,596,334,000
주당순이익(단위 : 원)
2,692
2,362
2,161
연결에 포함된 회사수
2
2
2
주) 상기 재무정보는 K-IFRS 연결기준을 적용하여 작성 되었습니다.