케어젠 / 2021.03.19 사업보고서
1. 요약재무정보
가. 요약연결재무제표
(단위: 원)
구분
2020년
2019년
2018년
(제20기)
(제19기)
(제18기)
[유동자산]
140,561,000,000
177,458,000,000
166,013,000,000
[비유동자산]
75,995,000,000
54,389,000,000
52,925,000,000
자산총계
216,556,000,000
231,847,000,000
218,938,000,000
[유동부채]
4,592,000,000
9,041,000,000
10,649,000,000
[비유동부채]
6,722,000,000
5,930,000,000
3,618,000,000
부채총계
11,314,000,000
14,971,000,000
14,266,000,000
[지배기업 소유주지분]
205,160,000,000
217,009,000,000
204,754,000,000
[비지배지분]
82,000,000
(133,000,000)
(83,000,000)
자본총계
205,242,000,000
216,876,000,000
204,672,000,000
공시대상 기간
(2020.01.01~12.31)
(2019.01.01~12.31)
(2018.01.01~12.31)
수익(매출액)
60,295,000,000
64,699,000,000
51,211,000,000
영업이익
31,978,000,000
35,375,000,000
19,744,000,000
연결총당기순이익
31,449,000,000
28,019,000,000
16,252,000,000
지배기업 소유주지분
31,478,000,000
28,070,000,000
16,491,000,000
비지배지분
(29,000,000)
(50,000,000)
(239,000,000)
기본주당이익(손실)
3,193
2,814
1,613
희석주당이익(손실)
3,193
2,814
1,613
연결에 포함된 회사수
5개
4개
4개
※ 상기 재무제표는 '주주총회 승인전 재무제표'로서, 향후 정기주주총회에서 재무제표 승인 관련 안건이 부결되거나 수정이 발생한 경우 정정보고서를 통해 그 내용 및 사유 등을 반영할 예정입니 다.