아크솔루션스 / 2025.03.11 [정정] 사업보고서
1. 요약재무정보
가. 연결 요약재무정보
(단위 : 원)
구분
제 7(전)기
제 6(전전)기
2020년 12월말
2019년 12월말
[유동자산]
27,997,972,436
15,214,194,662
현금및현금성자산
9,784,756,095
6,062,764,061
매출채권 및 기타유동채권
6,547,859,248
1,511,660,729
재고자산
5,063,334,768
653,267,690
기타유동금융자산
6,601,960,545
6,940,916,212
당기법인세자산
61,780
45,585,970
[비유동자산]
31,813,110,003
16,624,875,728
장기매출채권 및 기타비유동채권
640,337,010
550,373,609
기타비유동금융자산
2,385,785,609
1,379,681,875
관계기업투자주식
5,947,328
26,553,433
유형자산
18,399,953,467
12,500,273,324
투자부동산
-
-
사용권자산
2,915,294,938
1,698,564,296
영업권
4,483,945,489
-
영업권외무형자산
2,842,777,356
469,429,191
이연법인세자산
139,068,806
-
자산총계
59,811,082,439
31,839,070,390
[유동부채]
33,720,829,465
1,588,538,006
[비유동부채]
4,980,990,596
1,896,788,428
부채총계
38,701,820,061
3,485,326,434
[납입자본]
13,856,854,341
13,599,408,941
[기타자본구성요소]
(2,652,238,862)
(2,556,282,206)
[이익잉여금]
9,904,646,899
17,310,617,221
자본총계
21,109,262,378
28,353,743,956
구분
제 7(전)기
제 6(전전)기
2020.1.1~2020.12.31
2019.1.1~2019.12.31
매출액
17,692,969,976
7,127,477,216
영업이익(손실)
(1,578,175,287)
(2,274,174,027)
당기순이익(순손실)
(7,629,189,714)
(3,183,337,430)
기본주당이익(손실) (원)
(162)
(71)
희석주당이익(손실) (원)
162
(71)
연결에 포함된 회사 수
3
2
나. 별도 요약재무정보
(단위 : 원)
구분
제 7(전)기
제 6(전전)기
2020년 12월말
2019년 12월말
[유동자산]
26,493,903,869
14,729,430,775
현금및현금성자산
8,385,799,516
5,553,643,943
매출채권 및 기타유동채권
6,810,541,840
1,552,140,506
재고자산
4,720,601,968
637,144,144
기타유동금융자산
6,576,960,545
6,940,916,212
구분
제 7(전)기
제 6(전전)기
2020년 12월말
2019년 12월말
당기법인세자산
-
45,585,970
[비유동자산]
33,197,990,331
17,251,330,646
장기매출채권 및 기타비유동채권
1,534,999,955
550,373,609
기타비유동금융자산
2,566,256,883
1,379,681,875
종속기업 및 관계기업투자주식
3,815,568,377
999,782,366
유형자산
16,121,676,977
12,153,499,309
투자부동산
-
-
사용권자산
1,697,207,094
1,698,564,296
영업권
4,483,945,489
-
영업권외무형자산
2,839,266,730
469,429,191
이연법인세자산
139,068,806
-
자산총계
59,691,894,180
31,980,761,421
[유동부채]
33,579,522,080
1,524,600,147
[비유동부채]
4,839,832,723
1,896,788,428
부채총계
38,419,354,803
3,421,388,575
[납입자본]
13,856,854,341
13,599,408,941
[기타자본구성요소]
(2,865,166,872)
(2,760,857,427)
[이익잉여금]
10,280,851,908
17,720,821,332
자본총계
21,272,539,377
28,559,372,846
종속·관계·공동기업 투자주식의 평가방법
원가법
원가법
구분
제 7(전)기
제 6(전전)기
2020.1.1 ~ 2020.12.31
2019.1.1~2019.12.31
매출액
13,333,206,467
6,827,727,438
영업이익(손실)
60,666,441
(2,006,315,921)
당기순이익(순손실)
(8,386,055,363)
(2,911,724,751)
기본주당이익(손실) (원)
(179)
(65)
희석주당이익(손실) (원)
(179)
(65)