AP위성 / 2021.03.19 사업보고서
1. 요약재무정보
AP위성/사업보고서/2021.03.19
(단위: 원)
구분
제10기
제9기
제8기
(2020.12.31)
(2019.12.31)
(2018.12.31)
자산총계
112,747,417,633
102,642,812,999
99,703,730,899
부채총계
32,846,512,777
20,383,419,070
18,203,168,074
자본총계
79,900,904,856
82,259,393,929
81,500,562,825
2020.1.1~2020.12.31
2019.1.1~2019.12.31
2018.1.1~2018.12.31
매출액
45,379,281,619
45,653,106,268
42,843,708,317
영업이익
4,376,442,736
7,123,981,451
881,104,551
당기순이익(당기순손실)
(1,361,421,642)
713,709,314
-664,742,250
주당순이익(주당순손실)
(97)
51
-47
https://dart.fss.or.kr/dsaf001/main.do?rcpNo=20210319001270
1/1