신한알파리츠 / 2021.06.15 사업보고서
1. 요약재무정보
가. 요약 연결 재무정보
(단위 : 원)
구분
제6기
(2021년 3월말)
제5기
(2020년 9월말)
제4기
(2020년 3월말)
1. 유동자산
31,899,935,510
40,423,312,494
19,818,825,983
2. 비유동자산
1,501,536,288,189
1,338,341,109,661
790,006,659,505
자산총계
1,533,436,223,699
1,378,764,422,155
809,825,485,488
1. 유동부채
205,853,807,153
155,048,437,274
33,381,588,914
2. 비유동부채
974,076,848,303
866,813,532,827
498,484,683,764
부채총계
1,179,930,655,456
1,021,861,970,101
531,866,272,678
1. 지배지분
293,222,206,127
297,067,768,654
276,024,627,696
(1) 자본금
56,330,123,000
56,330,123,000
51,630,123,000
(3) 이익잉여금(결손금)
(11,737,617,472)
(7,892,054,945)
(1,787,093,145)
2. 비지배지분
60,283,362,116
59,834,683,400
1,934,585,114
자본총계
353,505,568,243
356,902,452,054
277,959,212,810
구분
제6기
(2020.10.01.~ 2021.03.31)
제5기
(2020.04.01.~ 2020.09.30)
제4기
(2019.10.01.~ 2020.03.31)
1. 영업수익
37,796,038,149
26,357,171,091
23,086,429,117
3. 영업이익
22,814,306,766
13,350,362,969
13,968,000,283
6. 당기순이익
6,932,231,565
2,526,240,050
5,722,267,683
(1) 지배지분순이익
5,808,946,292
2,691,556,650
5,786,244,396
(2) 비지배지분순이익
1,123,285,273
(165,316,600)
(63,976,713)
7. 주당순이익
80
21
87