모비릭스 / 2021.03.17 사업보고서
1. 요약재무정보
(단위 : 원)
구분
제14기
제13기
제12기
(2020.12.31)
(2019.12.31)
(2018.12.31)
자산총계
40,751,220,934
27,542,814,944
21,338,487,161
부채총계
5,715,581,552
2,582,502,660
3,881,911,036
자본총계
35,035,639,382
24,960,312,284
17,456,576,125
자본 및 부채 총계
40,751,220,934
27,542,814,944
21,338,487,161
구분(단위 : 원)
제14기
제13기
제12기
(2020.01.01~2020.12.31)
(2019.01.01~2019.12.31)
(2018.01.01~2018.12.31)
영업수익
43,726,831,777
40,340,220,321
35,380,410,558
영업이익(손실)
10,259,248,851
7,435,235,023
8,069,808,593
당기순이익(손실)
8,154,813,308
6,188,922,372
5,272,079,148
당기총포괄이익(손실)
10,075,327,098
7,508,794,699
4,966,894,929
기본주당이익
1,098
834
821
희석주당이익
1,055
799
736