25. 11. 13. 오후 1:26
키다리스튜디오 / 2021.03.18 사업보고서
키다리스튜디오/사업보고서/2021.03.18
1. 요약재무정보
가. 연결재무제표의 요약재무정보
(단위 : 원)
과 목
제34기
(2020.12.31)
제33기
(2019.12.31)
제32기
(2018.12.31)
[자산]
1. 유동자산
25,249,526,745
22,268,713,986
7,178,925,730
(1) 현금및현금성자산
11,000,259,386
10,863,705,619
879,235,466
(2) 매출채권
2,776,895,769
1,690,804,596
926,802,207
(3) 기타금융자산
80,263,744
83,585,173
1,101,448,424
(4) 기타유동자산
11,392,107,846
9,630,618,598
4,271,439,633
2. 비유동자산
22,905,756,444
19,705,270,237
11,524,046,594
(1) 대여금및수취채권
315,366,676
185,616,654
265,724,989
(2) 당기손익-공정가치측정금융자산
223,605,399
317,505,830
250,000,000
(3) 관계기업투자
5,439,565,394
5,009,753,687
5,555,954,198
(4) 유형자산
1,564,247,992
483,193,318
162,568,438
(5) 무형자산
12,779,068,741
12,283,345,291
3,972,594,835
(6) 기타금융자산
1,452,800,979
1,228,069,696
1,120,460,400
(7) 기타비유동자산
1,131,101,263
197,785,761
196,743,734
[자산총계]
48,155,283,189
41,973,984,223
18,702,972,324
[부채]
1. 유동부채
20,219,010,255
8,193,658,715
1,978,663,720
2. 비유동부채
744,810,003
12,811,451,355
154,946,565
[부채총계]
20,963,820,258
21,005,110,070
2,133,610,285
[자본]
1. 자본금
9,252,845,500
8,479,633,000
7,916,274,500
2. 자본잉여금
13,081,291,849
6,011,917,200
2,075,290,610
3. 기타자본구성요소
(4,545,917,065)
(3,140,356,901)
(176,345,145)
4. 기타포괄손익누계액
167,150,689
(16,914,446)
1,040,859
5. 이익잉여금
9,230,280,103
9,230,241,427
6,753,101,215
6. 비지배지분
5,811,855
404,353,873
-
[자본총계]
27,191,462,931
20,968,874,153
16,569,362,039
[부채및자본총계]
48,155,283,189
41,973,984,223
18,702,972,324
과 목
제34기
(2020.01.01~2020.12.31)
제33기
(2019.01.01~2019.12.31)
제32기
(2018.01.01~2018.12.31)
1. 매출액
45,506,775,565
26,737,869,784
19,622,960,624
2. 영업이익
4,586,128,252
702,896,894
266,947,738
3. 법인세차감전계속사업순이익
141,879,615
2,272,204,328
388,092,541
4. 계속사업순이익
72,730,259
2,273,233,726
236,391,113
5. 중단사업손익
-
-
(85,404,545)
6. 총당기순이익
72,730,259
2,273,233,726
150,986,568
7. 지배기업 소유주지분
53,154,794
2,693,115,706
150,986,568
8. 비지배지분
19,575,465
(419,881,980)
-
9. 기본주당순이익
3
139
10
연결에 포함된 회사수
1
1
-
※ 한국채택국제회계기준(K-IFRS)에 따라 작성 되었습니다.
※ 1) 당기의 재무제표는 연결재무제표입니다.
25. 11. 13. 오후 1:26 키다리스튜디오/사업보고서/2021.03.18 2) 비교 표시목적으로 첨부한 제32기의 재무제표는 관계기업투자에 대해 지분법 을 적용한 개별재무제표(연결대상 종속기업이 없는 연결재무제표의 개념)입니다.
나. 별도재무제표의 요약재무정보
과 목
제34기
(2020.12.31)
제33기
(2019.12.31)
제32기
(2018.12.31)
[자산]
1. 유동자산
24,883,982,012
20,554,072,956
7,178,925,730
(1) 현금및현금성자산
10,022,009,590
9,348,130,929
879,235,466
(2) 매출채권
3,596,701,490
1,716,287,094
926,802,207
(3) 기타금융자산
123,435,733
92,877,083
1,101,448,424
(4) 기타유동자산
11,141,835,199
9,396,777,850
4,271,439,633
2. 비유동자산
23,113,699,185
18,802,078,491
11,524,046,594
(1) 대여금및수취채권
315,366,676
185,616,654
265,724,989
(2) 당기손익-공정가치측정금융자산
1,630,420,831
1,248,439,101
250,000,000
(3) 관계기업투자
5,439,565,394
5,009,753,687
5,555,954,198
(4) 종속기업투자주식
8,133,437,698
6,706,820,502
-
(5) 유형자산
1,545,492,130
469,777,891
162,568,438
(6) 무형자산
3,489,576,398
3,776,462,500
3,972,594,835
(7) 기타금융자산
1,428,738,795
1,207,422,395
1,120,460,400
(8) 기타비유동자산
1,131,101,263
197,785,761
196,743,734
[자산총계]
47,997,681,197
39,356,151,447
18,702,972,324
[부채]
1. 유동부채
16,288,830,451
7,809,700,815
1,978,663,720
2. 비유동부채
744,810,003
10,887,806,386
154,946,565
[부채총계]
17,033,640,454
18,697,507,201
2,133,610,285
[자본]
1. 자본금
9,252,845,500
8,479,633,000
7,916,274,500
2. 자본잉여금
13,081,291,849
6,011,917,200
2,075,290,610
3. 기타자본구성요소
(386,260,647)
(718,444,486)
(176,345,145)
4. 기타포괄손익누계액
28,999,300
9,388,994
1,040,859
5. 이익잉여금
8,987,164,741
6,876,149,538
6,753,101,215
[자본총계]
30,964,040,743
20,658,644,246
16,569,362,039
[부채및자본총계]
47,997,681,197
39,356,151,447
18,702,972,324
종속, 관계, 공동기업 투자주식의 평가방법
지분법
지분법
지분법
과 목
제34기
(2020.01.01~2020.12.31)
제33기
(2019.01.01~2019.12.31)
제32기
(2018.01.01~2018.12.31)
1. 매출액
40,440,529,013
25,189,265,940
19,622,960,624
2. 영업이익
5,382,998,512
1,007,834,807
266,947,738
3. 법인세차감전계속사업순이익
2,233,280,677
337,994,419
388,092,541
4. 계속사업순이익
2,164,131,321
339,023,817
236,391,113
5. 중단사업손익
-
-
(85,404,545)
6. 총당기순이익
2,164,131,321
339,023,817
150,986,568
7. 기본주당순이익
124
21
10
※ 한국채택국제회계기준(K-IFRS)에 따라 작성 되었습니다.
(단위 : 원)