SK디스커버리 / 2021.03.23 사업보고서
1. 요약재무정보
가. 요약 연결재무제표
(단위 : 원)
과목
제52기
제51기
제50기
[유동자산]
2,456,597,000,000
2,014,933,000,000
1,772,395,000,000
[비유동자산]
3,165,037,000,000
2,985,174,000,000
3,033,213,000,000
자산총계
5,621,634,000,000
5,000,107,000,000
4,805,608,000,000
[유동부채]
1,454,470,000,000
1,684,741,000,000
1,697,159,000,000
[비유동부채]
1,550,803,000,000
992,151,000,000
789,880,000,000
부채총계
3,005,273,000,000
2,676,892,000,000
2,487,039,000,000
[자본금]
111,677,000,000
111,677,000,000
111,677,000,000
[이익잉여금]
2,326,609,000,000
2,078,702,000,000
1,852,337,000,000
[비지배지분]
669,374,000,000
640,551,000,000
869,059,000,000
자본총계
2,616,361,000,000
2,323,215,000,000
2,318,569,000,000
부채와자본총계
5,621,634,000,000
5,000,107,000,000
4,805,608,000,000
연결에 포함된 회사수
8
7
8
2020년 1월~12월
2019년 1월~12월
2018년 1월~12월
매출액
4,519,464,000,000
5,021,068,000,000
6,939,172,000,000
영업이익
172,967,000,000
173,948,000,000
99,995,000,000
계속영업당기순이익
355,450,000,000
195,505,000,000
25,807,000,000
연결당기순이익
355,450,000,000
250,197,000,000
97,686,000,000
지배기업의 소유주지분에 대한 주당순이익
보통주주당순이익(단위:원)
13,096
8,846
3,942

※ 상기 재무제표는 한국채택국제회계기준 작성기준에 따라 작성되었습니다.
※ 재무제표에 대한 주석은 Ⅲ.재무에 관한 사항 중 3.연결재무제표 주석을 참조하시기 바랍니다.