25. 11. 13. 오후 12:27
전진바이오팜 / 2021.06.02 [정정] 사업보고서
전진바이오팜/사업보고서/2021.06.02
1. 요약재무정보
(단위 : 천원)
구분
제17기
제16기
제15기
2020.12.31
2019.12.31
2018.12.31
유동자산
9,986,788
4,532,629
6,117,769
현금및현금성자산
8,922,228
4,161,990
5,332,443
매출채권및기타채권
181,017
19,630
122,949
재고자산
341,573
332,034
641,582
기타유동자산
539,720
9,782
18,707
비유동자산
8,708,172
1,878,373
1,002,174
유형자산
8,048,493
1,108,832
164,654
무형자산
561,645
635,690
770,653
기타비유동자산
50,517
133,850
66,867
자산총계
18,694,961
6,411,002
7,119,943
유동부채
7,342,838
656,270
2,709,081
비유동부채
70,038
2,856,291
500,090
부채총계
7,412,877
3,512,560
3,209,171
자본금
3,021,016
2,397,964
2,366,714
자본잉여금
29,911,487
18,722,424
18,181,632
기타자본
(904,907)
(910,083)
(1,007,700)
이익잉여금
(20,745,513)
(17,311,864)
(15,629,874)
자본총계
11,282,084
2,898,442
3,910,771
부채와자본총계
18,694,961
6,411,002
7,119,943
2020.1.1~2020.12.31
2019.1.1~2019.12.31
2018.1.1~2018.12.31
매출액
3,866,596
3,948,944
1,384,404
영업이익
(1,868,947)
(1,957,987)
(3,023,878)
법인세비용차감전순이익
(3,418,160)
(1,462,466)
(3,398,754)
당기순이익
(3,418,160)
(1,462,466)
(3,398,754)
주당손익
기본주당손실
(701)
(308)
(805)
희석주당손실
(701)
(308)
(805)
https://dart.fss.or.kr/dsaf001/main.do?rcpNo=20210602000436
1/1