신성델타테크 / 2021.03.22 사업보고서
1. 요약재무정보
가. 요약연결재무정보
(단위 : 원)
구분
제 34기
제 33기
제 32기
2020년 12월 말
2019년 12월 말
2018년 12월 말
[유동자산]
202,712,024,000,000
143,602,350,000,000
133,932,731,000,000
현금및현금성자산
31,802,659,000,000
21,532,436,000,000
12,493,099,000,000
매출채권
107,148,285,000,000
73,513,157,000,000
78,107,239,000,000
재고자산
28,536,833,000,000
26,432,278,000,000
20,012,483,000,000
기타유동자산
35,224,248,000,000
22,124,479,000,000
23,319,911,000,000
[비유동자산]
208,769,993,000,000
205,081,963,000,000
196,493,469,000,000
유형자산
161,132,389,000,000
166,648,975,000,000
168,260,487,000,000
무형자산
1,895,561,000,000
2,442,774,000,000
1,447,026,000,000
종속기업관계기업투자
29,073,486,000,000
5,848,105,000,000
7,189,102,000,000
기타비유동자산
16,668,557,000,000
30,142,109,000,000
19,596,854,000,000
자산총계
411,482,017,000,000
348,684,313,000,000
330,426,200,000,000
[유동부채]
212,480,949,000,000
167,089,952,000,000
151,618,722,000,000
매입채무
66,829,637,000,000
49,550,213,000,000
53,535,900,000,000
차입금
109,086,858,000,000
82,573,797,000,000
64,541,842,000,000
기타유동부채
36,564,455,000,000
34,965,942,000,000
33,540,980,000,000
[비유동부채]
36,883,555,000,000
47,789,803,000,000
57,958,679,000,000
차입금
25,482,827,000,000
37,579,676,000,000
40,551,355,000,000
충당부채
1,490,000,000,000
-
-
기타비유동부채
9,910,728,000,000
10,210,127,000,000
17,407,324,000,000
부채총계
249,364,504,000,000
214,879,755,000,000
209,577,401,000,000
[납입자본]
13,741,974,000,000
12,088,551,000,000
11,044,274,000,000
[이익잉여금]
111,792,491,000,000
105,425,471,000,000
100,895,202,000,000
[비지배지분]
18,122,242,000,000
5,625,964,000,000
3,961,638,000,000
자본총계
162,117,513,000,000
133,804,559,000,000
120,848,799,000,000
구분
제 34기
제 33기
제 32기
2020년 12월 말
2019년 12월 말
2018년 12월 말
(2020.01.01.~ 2020.12.31.)
(2019.01.01.~ 2019.12.31.)
(2018.01.01.~ 2018.12.31.)
매출액
493,069,483,000,000
448,754,475,000,000
437,052,443,000,000
영업이익(손실)
14,824,184,000,000
10,179,834,000,000
12,658,853,000,000
당기순이익(손실)
8,876,267,000,000
5,282,427,000,000
4,030,996,000,000
지배주주 순이익
8,667,900,000,000
5,875,139,000,000
4,010,961,000,000
비지배주주 순이익
208,367,000,000
(592,712,000,000)
20,035,000,000
총포괄이익(손실)
5,932,173,000,000
6,821,175,000,000
2,473,436,000,000
지배주주의기본주당순이익(단위 :원)
340
261
183
지배주주의희석주당순이익
340
248
175
연결에 포함된 회사수
13
13
13