신세계푸드 / 2021.03.16 사업보고서
1. 요약재무정보
가. 요약연결재무정보
(단위 : 원)
구분
제26기
제25기
제24기
(2020년 12월말)
(2019년 12월말)
(2018년 12월말)
[유동자산]
247,073,000,000
283,897,000,000
214,537,000,000
현금및현금성자산
20,752,000,000
23,770,000,000
6,519,000,000
매출채권 및 기타채권
112,446,000,000
111,555,000,000
101,136,000,000
재고자산
84,889,000,000
121,711,000,000
97,516,000,000
[비유동자산]
640,132,000,000
449,365,000,000
410,422,000,000
유형자산
285,758,000,000
307,225,000,000
310,951,000,000
무형자산
61,017,000,000
62,921,000,000
60,060,000,000
자산 총계
887,205,000,000
733,262,000,000
624,959,000,000
[유동부채]
246,738,000,000
260,520,000,000
186,667,000,000
[비유동부채]
357,187,000,000
157,641,000,000
121,387,000,000
부채 총계
603,925,000,000
418,161,000,000
308,054,000,000
자본금
19,362,000,000
19,362,000,000
19,362,000,000
이익잉여금
197,370,000,000
227,766,000,000
229,250,000,000
자본 총계
283,280,000,000
315,101,000,000
316,905,000,000
부채와 자본 총계
887,205,000,000
733,262,000,000
624,959,000,000
(2020.01.01 ~ 2020.12.31)
(2019.01.01 ~ 2019.12.31)
(2018.01.01 ~ 2018.12.31)
매출액
1,240,252,000,000
1,320,103,000,000
1,278,572,000,000
영업이익
7,741,000,000
22,160,000,000
27,364,000,000
당기순이익
(21,984,000,000)
4,353,000,000
8,513,000,000
기본 및 희석주당순이익
(5,677)
1,124
2,198