HMM / 2021.03.18 사업보고서
1. 요약재무정보
가. 요약연결재무정보
(단위 : 원)
구분
제45기
제44기
제43기
(2020년 12월 말)
(2019년 12월 말)
(2018년 12월 말)
[유동자산]
2,237,239,000,000
1,427,203,000,000
1,747,647,000,000
현금및현금성자산
1,140,700,000,000
645,092,000,000
562,901,000,000
자산총계
9,373,360,000,000
7,160,187,000,000
4,121,440,000,000
[유동부채]
2,880,669,000,000
1,683,674,000,000
1,105,603,000,000
[비유동부채]
4,804,143,000,000
4,386,204,000,000
1,976,166,000,000
부채총계
7,684,812,000,000
6,069,878,000,000
3,081,769,000,000
[지배기업의 소유지분]
1,687,351,000,000
1,089,015,000,000
1,038,495,000,000
자본금
1,633,632,000,000
1,592,050,000,000
1,578,318,000,000
이익잉여금(결손금)
-4,443,893,000,000
-4,477,062,000,000
-3,589,285,000,000
[비지배지분]
1,197,000,000
1,294,000,000
1,176,000,000
자본총계
1,688,548,000,000
1,090,309,000,000
1,039,671,000,000
(단위 : 원)
구분
제45기
제44기
제43기
2020.01.01
~2020.12.31
2019.01.01
~2019.12.31
2018.01.01
~2018.12.31
매출액
6,413,270,000,000
5,513,089,000,000
5,222,124,000,000
영업이익(손실)
980,781,000,000
-299,694,000,000
-558,656,000,000
당기순이익(손실)
123,966,000,000
-589,835,000,000
-790,563,000,000
기본주당손익(단위 : 원)
103
-2,063
-4,139
희석주당손익(단위 : 원)
72
-2,063
-4,139