한솔홈데코 / 2021.03.31 [정정] 사업보고서
1. 요약재무정보
가. 요약연결재무정보
(단위 : 원)
구분
제 29 기
(2020년)
제 28 기
(2019년)
제 27 기
(2018년)
[유동자산]
78,680,754,924
75,437,596,804
84,264,056,666
현금및현금성자산
9,663,899,779
759,381,951
1,391,027,625
매출채권및기타채권
36,195,807,842
38,422,745,028
43,177,121,899
재고자산
31,007,400,957
32,541,823,441
35,917,769,518
기타유동자산
1,813,646,346
3,713,646,384
3,778,137,624
[비유동자산]
216,309,540,696
220,311,943,418
223,813,677,975
유형자산
141,219,137,046
143,213,182,920
159,109,153,623
무형자산
2,030,863,849
2,796,180,203
4,967,754,654
생물자산
58,470,747,677
57,391,253,076
45,710,492,280
기타비유동자산
14,289,805,433
16,609,213,540
13,721,036,751
자산총계
294,990,295,620
295,749,540,222
308,077,734,641
[유동부채]
76,068,388,026
91,541,964,140
67,915,424,962
[비유동부채]
64,380,252,674
50,041,111,969
78,518,656,792
부채총계
140,448,640,700
141,583,076,109
146,434,081,754
[자본금]
83,765,149,000
83,765,149,000
83,765,149,000
[기타포괄손익누계액]
(2,250,383,159)
(2,083,387,362)
(1,219,612,795)
[이익잉여금]
41,746,707,643
41,217,600,903
47,831,015,110
[소수주주지분]
-
-
자본총계
154,541,654,920
154,166,464,113
161,643,652,887
자본 및 부채총계
294,990,295,620
295,749,540,222
308,077,734,641
(2) 요약 연결포괄손익계산서
(단위 : 원)
구분
제 29 기
(2020년)
제 28 기
(2019년)
제 27 기
(2018년)
[매출액]
253,213,401,842
263,886,366,616
296,884,850,233
[영업이익]
2,884,403,504
(1,665,604,017)
9,179,971,358
[당기순이익]
586,544,188
(4,557,550,972)
11,663,571,952
[총포괄손익]
362,110,943
(5,865,885,794)
11,237,231,742
[주당이익]
7
(57)
145