이리츠코크렙 / 2021.03.15 사업보고서
1. 요약재무정보
가. 요약연결재무정보
(단위 : 원)
구분
제30기
(2020년12월31일)
제29기
(2020년06월30일)
제28기
(2019년12월31일)
[유동자산]
23,544,764,551
22,896,581,159
22,461,714,320
ㆍ현금및현금성자산
8,426,704,338
12,846,064,748
22,402,152,085
자산총계
713,030,329,378
716,304,109,432
720,143,143,351
[유동부채]
437,886,012,940
152,859,307,822
3,593,952,290
[비유동부채]
19,338,598,655
303,368,386,515
452,160,556,727
부채총계
457,224,611,595
456,227,694,337
455,754,509,017
[자본금]
31,670,795,000
31,670,795,000
31,670,795,000
[이익잉여금]
179,560,130,416
183,753,607,814
187,812,646,298
자본총계
255,805,717,783
260,076,415,095
264,388,634,334
구분
(2020.07.01 ~ 2020.12.31)
(2020.01.01 ~ 2020.06.30)
(2019.07.01 ~ 2019.12.31)
영업수익
21,179,550,414
21,112,408,998
21,038,879,491
영업이익
16,228,571,135
16,169,825,355
16,109,975,339
당기순이익
6,814,080,938
6,772,559,011
6,616,279,228
주당순이익
108
107
104