나이스정보통신 / 2021.03.18 사업보고서
1. 요약재무정보
가. 요약연결재무정보
나이스정보통신주식회사와 그 종속기업
(단위 : 원)
구분
제 33 기
2020년 12월말
제 32 기
2019년 12월말
제 31 기
2018년 12월말
[유동자산]
608,421,098,709
554,769,469,509
462,404,893,958
ㆍ현금및현금성자산
221,033,531,732
147,546,073,642
153,714,053,505
자산총계
714,931,043,816
641,944,211,307
545,352,360,232
[유동부채]
472,741,162,803
407,317,052,477
337,815,443,399
부채총계
474,214,975,920
410,850,946,122
339,228,762,068
[자본금]
5,000,000,000
5,000,000,000
5,000,000,000
[이익잉여금]
236,620,584,259
226,970,254,641
201,162,815,920
[비지배지분]
495,229,640
1,042,543,473
2,271,876,910
자본총계
240,716,067,896
231,093,265,185
206,123,598,164
기간
(2020.1.1 ~ 2020.12.31)
(2019.1.1 ~
2019.12.31)
(2018.1.1 ~
2018.12.31)
매출액
519,325,826,155
452,313,844,756
414,404,718,506
영업이익
36,724,046,564
35,567,030,826
35,722,106,135
당기순이익
12,982,294,964
29,474,778,767
30,046,504,281
총포괄이익
13,424,434,387
28,992,389,864
29,454,332,015
보통주 기본주당순이익
1,441
3,212
3,220
연결대상 회사 수
5
5
4
(주1) 비교표시된 재무정보는 K-IFRS를 적용하여 작성된 것입니다.