한국수출포장공업 / 2021.03.16 사업보고서
1. 요약재무정보
1. 요약 연결재무정보(K-IFRS적용)
(단위 : 원)
구분
제64기
제63기
제62기
(2020년12월말)
(2019년12월말)
(2018년12월말)
자산총계
309,083,000,000
308,085,000,000
298,827,000,000
부채총계
56,511,000,000
60,317,000,000
66,855,000,000
자본총계
252,572,000,000
247,768,000,000
231,972,000,000
(2020.01.01 ~ 2020.12.31)
(2019.01.01 ~ 2019.12.31)
(2018.01.01 ~ 2018.12.31)
매출액
264,813,000,000
271,562,000,000
280,201,000,000
영업이익(손실)
10,884,000,000
19,271,000,000
23,069,000,000
연결총당기순이익(손실)
8,354,000,000
18,020,000,000
17,293,000,000
총포괄손익
8,298,000,000
18,196,000,000
17,038,000,000
주당순이익(원)
2,088
4,505
4,323