크레버스 / 2022.10.11 [정정] 사업보고서
1. 요약재무정보
가. 연결재무제표 요약
(단위: 원)
사업연도
제20기(2021년)
제19기(2020년)
제18기(2019년)
유동자산
83,299,518,152
80,625,723,721
58,226,461,637
비유동자산
146,561,011,868
128,989,751,385
135,164,592,627
자산총계
229,860,530,020
209,615,475,106
193,391,054,264
유동부채
80,642,654,684
77,499,608,359
80,636,204,873
비유동부채
46,181,164,340
28,769,921,194
25,229,747,806
부채총계
126,823,819,024
106,269,529,553
105,865,952,679
지배기업의 소유지분
83,003,922,023
80,440,575,803
65,761,677,553
자본금
3,862,325,500
3,837,325,500
3,837,325,500
이익잉여금
13,618,272,237
9,833,428,962
11,036,489,985
비지배지분
20,032,788,973
22,905,369,750
21,763,424,032
자본총계
103,036,710,996
103,345,945,553
87,525,101,585
종속, 관계, 공동기업 투자주 식의 평가방법
지분법
지분법
지분법
(2021.01.01~2021.12.31)
(2020.01.01~2020.12.31)
(2019.01.01~2019.12.31)
매출액
210,735,912,095
180,019,914,097
174,974,827,959
영업이익
31,194,760,607
16,921,170,474
22,641,000,500
당기순이익
18,534,687,076
8,638,270,258
11,197,344,523
총포괄이익
226,501,000,000
(311,176,000,000)
(98,557,000,000)
주당순이익
2,130
961
1,176
연결에 포함된 회사수
9
10
9
※ 상기 재무제표는 K-IFRS를 적용하여 작성되었습니다.
※ 당사의 제18기, 제19기, 제20기 재무제표는 외부감사인의 감사를 받은 재무제표입니다.