SK이노베이션 / 2022.03.23 사업보고서
1. 요약재무정보
가. 요약연결재무정보
(단위 : 원)
구분
제 15 기
(2021.12.31)
제 14 기
(2020.12.31)
제 13 기
(2019.12.31)
[유동자산]
21,481,685,000,000
13,295,063,000,000
17,353,628,000,000
[비유동자산]
28,075,755,000,000
25,203,083,000,000
22,180,872,000,000
자산총계
49,557,440,000,000
38,498,146,000,000
39,534,500,000,000
[유동부채]
14,512,449,000,000
11,014,841,000,000
10,457,238,000,000
[비유동부채]
15,411,797,000,000
12,024,840,000,000
10,864,045,000,000
부채총계
29,924,246,000,000
23,039,681,000,000
21,321,283,000,000
[자본금]
468,570,000,000
468,570,000,000
468,570,000,000
[연결이익잉여금]
10,211,214,000,000
9,891,253,000,000
12,175,219,000,000
[비지배지분]
2,309,841,000,000
918,489,000,000
745,136,000,000
자본총계
19,633,194,000,000
15,458,465,000,000
18,213,217,000,000
(2021.01.01. ~
2021.12.31)
(2020.01.01. ~
2020.12.31)
(2019.01.01. ~
2019.12.31)
매출액
46,842,929,000,000
34,549,940,000,000
49,801,902,000,000
영업이익(손실)
1,754,171,000,000
(2,420,286,000,000)
1,291,478,000,000
당기순이익(손실)
501,007,000,000
(2,146,737,000,000)
65,775,000,000
연결총포괄순이익(손실)
1,169,276,000,000
(2,457,170,000,000)
150,649,000,000
기본주당이익(손실)
3,640
(25,729)
(432)
연결에 포함된 회사수
68
65
62
"()"는 음(-)의 수치임
※ 제15기(당기)는 주주총회 승인 전 연결재무제표입니다. 향후 정기주주총회에서 재무제표 승인 관련 안건이 부결되거나 수정이 발생한 경우 정정보고서를 통해 그 내용 및 사유 등을 반영할 예정 입니다.