NAVER / 2022.03.04 사업보고서
1. 요약재무정보
가. 요약연결재무정보
(단위: 백만원)
구분
제23기
제22기
제21기
(2021년 12월말)
(2020년 12월말)
(2019년 12월말)
[유동자산]
5,527,878
10,544,659
5,643,714
ㆍ현금및현금성자산
2,781,396
1,600,304
3,740,514
ㆍ단기금융상품
673,556
291,292
289,911
ㆍ매출채권및기타채권
1,454,661
986,826
1,211,073
ㆍ기타
618,265
7,666,237
402,216
[비유동자산]
28,163,128
6,469,580
6,655,813
ㆍ투자자산
24,611,518
4,346,018
3,487,003
ㆍ유형자산
2,111,262
1,684,563
1,596,271
ㆍ무형자산
932,152
105,136
341,443
ㆍ기타비유동자산
508,196
333,863
1,231,096
자산총계
33,691,006
17,014,239
12,299,527
[유동부채]
3,923,319
7,911,751
3,773,119
[비유동부채]
5,740,311
847,356
2,022,482
부채총계
9,663,630
8,759,107
5,795,601
[지배기업 소유주지분]
23,535,637
7,367,219
5,805,228
ㆍ자본금
16,481
16,481
16,481
ㆍ자본잉여금
1,490,214
1,793,273
1,575,308
ㆍ기타자본구성요소
-1,051,466
-1,097,349
-1,498,652
ㆍ이익잉여금
23,080,408
6,654,814
5,712,091
[비지배지분]
491,739
887,913
698,698
자본총계
24,027,376
8,255,132
6,503,926
(2021년 1월~12월)
(2020년 1월~12월)
(2019년 1월~12월)
영업수익
6,817,600
5,304,146
4,356,240
영업이익
1,325,478
1,215,342
1,155,025
계속영업순이익
1,477,731
1,141,024
920,706
당기순이익
16,477,626
844,997
396,821
지배회사지분순이익
16,489,850
1,002,087
583,052
비지배지분순이익
-12,224
-157,090
-186,231
기본주당순이익(단위: 원)
110,854
6,877
4,006
희석주당순이익(단위: 원)
109,860
6833
4,006
연결에 포함된 종속 회사수
75
133
121
※ 종속회사인 LINE과 Z홀딩스의 경영통합에 의해 LINE사업을 중단영업으로 분류함에 따라 제22기부터 이전 3개년의 연결포괄손익계산서를 재작성하였고, 관련 자산부채는 제22기 연결재무상태표 상 유동자산, 유동부채 내 매각예정자산부채로 분류되어 있습니다.
나. 요약별도재무정보
(단위: 백만원)
구분
제23기
제22기
제21기
(2021년 12월말)
(2020년 12월말)
(2019년 12월말)
[유동자산]
1,779,773
958,003
880,762
ㆍ현금및현금성자산
964,418
369,314
414,429
구분
제23기
제22기
제21기
(2021년 12월말)
(2020년 12월말)
(2019년 12월말)
ㆍ단기금융상품
205,749
3,999
3,999
ㆍ매출채권및기타채권
538,910
553,283
410,690
ㆍ기타
70,696
31,407
51,644
[비유동자산]
11,182,648
7,865,548
5,790,825
ㆍ투자자산
9,515,863
6,670,390
4,762,343
ㆍ유형자산
1,429,366
1,078,819
855,943
ㆍ무형자산
52,992
40,108
36,325
ㆍ기타비유동자산
184,427
76,231
136,214
자산총계
12,962,421
8,823,551
6,671,587
[유동부채]
1,334,495
1,269,469
908,933
[비유동부채]
2,295,467
291,956
233,107
부채총계
3,629,962
1,561,425
1,142,040
[자본금]
16,481
16,481
16,481
[자본잉여금]
1,055,717
675,892
362,406
[기타자본구성요소]
-997,204
-1,233,774
-1,548,531
[이익잉여금]
9,257,465
7,803,527
6,699,191
자본총계
9,332,459
7,262,126
5,529,547
종속ㆍ관계ㆍ공동기업 투자주식의 평가방법
원가법
원가법
원가법
(2021년 1월~12월)
(2020년 1월~12월)
(2019년 1월~12월)
영업수익
5,018,667
4,126,629
3,900,013
영업이익
1,558,729
1,440,814
1,393,812
계속영업순이익
1,524,755
1,196,925
1,092,525
당기순이익
1,524,755
1,196,925
1,092,525
기본주당순이익(단위: 원)
10,257
8,214
7,507
희석주당순이익(단위: 원)
10,165
8,168
7,507