더블유게임즈 / 2022.03.21 사업보고서
1. 요약재무정보
가. 요약 연결재무정보
(단위 : 원)
구분
제10기
제9기
제8기
2021년 12월말
2020년 12월말
2019년 12월말
[유동자산]
527,871,000,000
217,201,000,000
174,291,000,000
현금및현금성자산
183,882,000,000
60,026,000,000
45,803,000,000
[비유동자산]
854,033,000,000
805,966,000,000
900,420,000,000
자산총계
1,381,904,000,000
1,023,167,000,000
1,074,710,000,000
[유동부채]
102,525,000,000
54,890,000,000
85,142,000,000
[비유동부채]
94,552,000,000
40,389,000,000
342,414,000,000
부채총계
197,077,000,000
95,279,000,000
427,556,000,000
[지배기업주주지분]
842,652,000,000
678,442,000,000
647,154,000,000
자본금
9,187,000,000
9,187,000,000
9,130,000,000
이익잉여금
543,248,000,000
423,725,000,000
334,547,000,000
[비지배주주지분]
342,174,000,000
249,446,000,000
-
자본총계
1,184,827,000,000
927,888,000,000
647,154,000,000
구분
(2021.01.01~ 2021.12.31)
(2020.01.01~ 2020.12.31)
(2019.01.01~ 2019.12.31)
매출액
624,061,000,000
658,176,000,000
513,847,000,000
영업이익
190,364,000,000
194,184,000,000
154,608,000,000
(연결)당기순이익
156,282,000,000
124,794,000,000
110,293,000,000
지배주주지분순이익
125,464,000,000
112,304,000,000
110,293,000,000
기본주당순이익(원)
7,391
6,634
6,541
연결에 포함된 회사수
5
5
5
주) 상기 재무정보는 한국채택국제회계기준(K-IFRS)에 따라 작성되었습니다.