토비스 / 2022.03.11 사업보고서
1. 요약재무정보
가. 요약 연결재무정보
(단위 : 원)
과목
제24기
제23기
제22기
자산
Ⅰ.유동자산
214,946,845,977
168,585,085,275
181,896,292,544
현금및현금성자산
32,312,485,663
31,622,215,095
20,823,924,190
단기금융상품
14,461,378,420
1,810,650,214
1,557,600,000
당기손익-공정가치금융자산
4,460,447,330
7,627,560,417
2,239,850,630
매출채권
56,637,845,381
45,394,995,712
76,921,716,512
기타유동자산
107,074,689,183
82,129,663,837
80,353,201,212
Ⅱ. 비유동자산
154,190,414,746
112,401,230,654
99,267,781,361
장기금융상품
807,963,406
-
-
당기손익-공정가치금융자산
4,846,279,379
5,926,501,034
5,425,525,460
기타포괄손익-공정가치측정금융자 산
4,166,495,855
-
-
관계기업투자
2,592,659,894
-
13,685,342
투자부동산
5,702,307,428
5,745,335,300
2,766,229,489
장기대여금
488,000,000
923,450,000
1,695,025,000
유형자산
107,840,863,228
80,630,671,178
72,597,783,991
기타비유동자산
27,745,845,556
19,175,273,142
16,769,532,079
Ⅲ. 매각예정비유동자산
-
100,000,000
-
자산총계
369,137,260,723
280,986,315,929
281,164,073,905
부채
Ⅰ. 유동부채
159,336,062,411
90,920,491,930
85,169,860,067
매입채무
36,229,480,226
27,704,198,261
28,205,006,558
미지급금
14,184,753,659
6,922,435,520
5,896,107,392
단기차입금
95,626,415,477
45,720,970,385
35,632,628,601
유동성장기부채
194,583,339
521,666,667
343,749,994
기타유동부채
13,100,829,710
10,051,221,097
15,092,367,522
Ⅱ. 비유동부채
10,914,104,148
5,842,964,917
1,911,614,776
장기차입금
8,240,000,000
2,718,333,339
716,250,006
장기리스부채
2,674,104,148
1,447,711,647
616,717,609
퇴직급여채무
-
1,676,919,931
578,647,161
부채총계
170,250,166,559
96,763,456,847
87,081,474,843
자본
Ⅰ. 지배기업 소유주지분
187,512,449,724
184,108,613,778
194,017,089,792
자본금
8,358,529,000
8,358,529,000
8,358,529,000
기타불입자본
40,703,968,098
40,704,559,099
41,020,253,762
이익잉여금
147,636,856,051
145,518,588,645
156,258,437,087
기타자본구성요소
(9,186,903,425)
(10,473,062,966)
(11,620,130,057)
Ⅱ. 비지배지분
11,374,644,440
114,245,304
65,509,270
자본총계
198,887,094,164
184,222,859,082
194,082,599,062
부채와자본총계
369,137,260,723
280,986,315,929
281,164,073,905
Ⅰ. 매출액
263,392,928,228
272,751,120,628
418,881,869,929
Ⅱ. 영업이익
(880,851,093)
(5,586,800,107)
30,657,766,201
Ⅲ. 법인세비용차감전순이익
4,552,488,873
(6,093,438,551)
28,094,140,351
Ⅳ. 계속사업이익
1,101,465,612
(6,616,889,976)
22,081,821,963
Ⅴ. 당기순이익 귀속
1,101,465,612
(6,616,889,976)
22,081,821,963
지배기업 소유주 지분
1,261,746,446
(6,400,943,641)
22,056,795,938
비지배지분
(160,280,834)
(215,946,335)
25,026,025
Ⅵ. 당기총포괄손익 귀속
2,254,903,828
(7,069,514,879)
22,953,010,068
지배기업 소유주 지분
2,415,130,879
(6,853,638,035)
22,929,494,070
비지배지분
(160,227,051)
(215,876,844)
23,515,998
Ⅶ. 주당순이익(원)
82
(426)
1,420
[Δ는 부(-)의 수치임]*상기 재무제표는 한국채택국제회계기준 작성 기준에 따라 작
성된 연결재무제표입니다.
나. 요약재무정보
(단위 : 원)
과목
제24기
제23기
제22기
자산
Ⅰ. 유동자산
185,190,021,914
167,504,386,507
177,584,868,699
현금및현금성자산
23,220,150,861
28,098,052,414
14,163,254,802
단기금융상품
3,899,726,821
1,810,400,000
1,557,600,000
당기손익-공정가치금융자산
4,460,447,330
7,627,560,417
2,239,850,630
매출채권
49,456,333,201
40,895,614,352
73,108,170,908
기타유동자산
104,153,363,701
89,072,759,324
86,515,992,359
Ⅱ. 비유동자산
139,313,993,514
96,472,827,119
83,768,983,149
장기금융상품
640,000,000
-
-
당기손익-공정가치금융자산
4,846,279,379
5,926,501,034
5,425,525,460
기타포괄손익-공정가치측정금 융자산
4,066,495,855
-
-
종속기업및관계기업투자
37,135,314,453
13,332,034,293
14,532,382,902
투자부동산
5,702,307,428
5,745,335,300
2,766,229,489
장기대여금
488,000,000
923,450,000
1,695,025,000
유형자산
75,923,017,522
61,111,740,458
50,375,580,880
기타비유동자산
10,512,578,877
9,433,766,034
8,974,239,418
Ⅲ. 매각예정비유동자산
-
100,000,000
-
자산총계
324,504,015,428
263,977,213,626
261,353,851,848
부채
Ⅰ. 유동부채
118,971,378,977
68,707,337,445
63,822,561,285
매입채무
31,106,423,198
30,323,192,723
29,768,306,194
미지급금
12,201,003,899
5,851,316,984
5,056,354,353
단기차입금
64,679,500,000
21,675,356,755
13,946,800,000
유동성장기부채
194,583,339
521,666,667
343,749,994
기타유동부채
10,789,868,541
10,335,804,316
14,707,350,744
Ⅱ. 비유동부채
9,508,760,366
5,061,608,378
1,466,277,015
장기차입금
8,240,000,000
2,194,583,339
716,250,006
장기리스부채
1,268,760,366
1,347,802,961
233,501,560
퇴직급여채무
-
1,519,222,078
516,525,449
부채총계
128,480,139,343
73,768,945,823
65,288,838,300
자본
Ⅰ. 자본금
8,358,529,000
8,358,529,000
8,358,529,000
Ⅱ. 기타불입자본
40,897,681,590
40,898,272,591
41,133,268,535
Ⅲ. 이익잉여금
156,291,337,403
151,494,522,475
158,075,324,048
Ⅳ. 기타자본구성요소
(9,523,671,908)
(10,543,056,263)
(11,502,108,035)
자본총계
196,023,876,085
190,208,267,803
196,065,013,548
종속 관계 공동기업 투자주식의 평가방법
원가법
원가법
원가법
부채와자본총계
324,504,015,428
263,977,213,626
261,353,851,848
Ⅰ. 매출액
251,121,590,920
271,122,967,026
418,056,153,033
Ⅱ. 영업이익
12,595,720,763
1,390,010,022
28,199,607,587
Ⅲ. 법인세비용차감전순이익
6,283,529,816
(1,720,283,111)
27,768,620,858
Ⅳ. 당기순이익
3,977,193,707
(2,194,220,667)
21,504,981,628
Ⅴ. 총포괄이익
4,826,903,215
(2,882,606,485)
21,640,231,567
Ⅵ. 주당이익
259
(146)
1,384
[Δ는 부(-)의 수치임]*상기 재무제표는 한국채택국제회계기준 작성 기준에 따라
작성된 별도재무제표입니다.