휴젤 / 2022.08.16 [정정] 사업보고서
1. 요약재무정보
가. 요약 연결재무정보
(단위 : 원)
구분
제21기
(2021년)
제20기
(2020년)
제19기
(2019년)
회계처리기준
K-IFRS
K-IFRS
K-IFRS
자산
[유동자산]
616,103,000,000
668,408,000,000
640,911,000,000
ㆍ현금및현금성자산
294,141,000,000
62,358,000,000
15,294,000,000
[비유동자산]
393,633,000,000
287,936,000,000
253,779,000,000
자산 총계
1,009,737,000,000
956,344,000,000
894,690,000,000
부채
[유동부채]
54,049,000,000
43,774,000,000
37,568,000,000
[비유동부채]
126,520,000,000
118,502,000,000
112,851,000,000
부채 총계
180,569,000,000
162,275,000,000
150,419,000,000
자본
[지배기업의 소유지분]
777,086,000,000
746,674,000,000
699,496,000,000
ㆍ이익잉여금
841,304,000,000
808,500,000,000
768,285,000,000
[비지배지분]
52,082,000,000
47,395,000,000
44,775,000,000
자본 총계
829,168,000,000
794,069,000,000
744,271,000,000
제21기
(2021년)
제20기
(2020년)
제19기
(2019년)
매출액
245,153,000,000
211,038,000,000
204,568,000,000
영업이익
97,160,000,000
78,060,000,000
68,087,000,000
당기순이익
60,393,000,000
45,316,000,000
50,278,000,000
주당순이익(원)
4,733
3,353
3,559