신도리코 / 2022.03.08 사업보고서
1. 요약재무정보
가. 요약연결재무정보
(단위 : 원)
구분
제 62 기
제 61 기
제 60 기
2021년 12월말
2020년 12월말
2019년 12월말
자산총계
1,022,601,242,833
916,234,313,217
947,504,079,112
[유동부채]
64,940,728,224
57,277,716,864
62,483,864,510
[비유동부채]
8,992,619,769
10,434,814,786
14,383,598,541
부채총계
73,933,347,993
67,712,531,650
76,867,463,051
[자본금]
50,400,145,000
50,400,145,000
50,400,145,000
[이익잉여금]
790,603,559,192
695,166,062,839
718,414,379,219
자본총계
948,667,894,840
848,521,781,567
870,636,616,061
2021년 1월 ~ 2021년 12월
2020년 1월 ~ 2020년 12월
2019년 1월 ~ 2019년 12월
매출액
321,884,369,044
335,846,270,472
427,065,042,452
영업이익
4,323,466,550
-14,618,313,385
6,275,157,301
법인세비용차감전순이익
128,641,576,711
-17,106,383,380
20,635,035,826
당기순이익
95,437,496,353
-13,416,107,380
14,487,010,503
주당순이익
9,845
-1,365
1,473