한화에어로스페이스 / 2022.08.12 [정정] 사업보고서
1. 요약재무정보
가. 요약연결재무정보
(단위 : 원)
구분
제45기
제44기
제43기
2021년 12월말
2020년 12월말
2019년 12월말
[유동자산]
6,283,538,000,000
5,122,726,000,000
4,563,607,000,000
- 현금 및 현금성 자산
2,528,070,000,000
1,330,706,000,000
1,000,122,000,000
[비유동자산]
4,762,293,000,000
4,342,090,000,000
4,144,804,000,000
자산 총계
11,045,831,000,000
9,464,816,000,000
8,708,411,000,000
[유동부채]
4,330,103,000,000
3,900,357,000,000
3,329,042,000,000
[비유동부채]
2,784,169,000,000
2,574,733,000,000
2,524,014,000,000
부채 총계
7,114,272,000,000
6,475,090,000,000
5,853,056,000,000
[자본금]
265,650,000,000
265,650,000,000
265,650,000,000
[이익잉여금]
1,812,010,000,000
1,581,200,000,000
1,475,931,000,000
비지배지분
1,042,324,000,000
391,979,000,000
369,296,000,000
자본 총계
3,931,559,000,000
2,989,726,000,000
2,855,355,000,000
관계·공동기업
투자주식의 평가방법
지분법
지분법
지분법
2021.1.1 ~
2021.12.31
2020.1.1 ~
2020.12.31
2019.1.1 ~
2019.12.31
매출액
6,415,088,000,000
5,321,444,000,000
5,264,114,000,000
영업이익(영업손실)
383,047,000,000
243,947,000,000
165,226,000,000
당기순이익(당기순손실)
301,762,000,000
164,740,000,000
162,427,000,000
총포괄이익
356,685,000,000
176,021,000,000
148,127,000,000
주당순이익(주당순손실)
4,989
2,390
2,558
연결대상회사 수
41
33
32
※ 상기 제45기는 정기주주총회 승인 전 연결재무제표로 향후 정기주주총회에서 재무제표 승인 관련 안건이 부결되거나 수정이 발생할 경우 정정보고서를 통해 그 내용 및 사유 등을 반영할 예정
입니다.