에스원 / 2022.03.08 사업보고서
1. 요약재무정보
1) 요약연결재무정보
(단위 : 원)
구 분
제 45 기
(2021년 12월말)
제 44 기
(2020년 12월말)
제 43 기
(2019년 12월말)
[유동자산]
864,356,000,000
797,745,000,000
733,184,000,000
ㆍ현금및현금성자산
218,900,000,000
213,173,000,000
200,582,000,000
[비유동자산]
1,108,617,000,000
1,108,945,000,000
1,061,776,000,000
자산총계
1,972,973,000,000
1,906,690,000,000
1,794,960,000,000
[유동부채]
417,273,000,000
412,946,000,000
384,081,000,000
[비유동부채]
112,804,000,000
109,559,000,000
83,272,000,000
부채총계
530,077,000,000
522,505,000,000
467,353,000,000
[지배기업의 소유지분]
1,442,871,000,000
1,384,160,000,000
1,327,581,000,000
[비지배지분]
25,000,000
25,000,000
26,000,000
자본총계
1,442,896,000,000
1,384,185,000,000
1,327,607,000,000
구 분
제 45 기 (2021년 1월 1일~ 2021년 12월 31일)
제 44 기 (2020년 1월 1일~ 2020년 12월 31일)
제 43 기 (2019년 1월 1일~ 2019년 12월 31일)
매출액
2,312,489,000,000
2,223,341,000,000
2,151,522,000,000
영업이익
179,665,000,000
204,463,000,000
196,822,000,000
연결당기순이익
128,991,000,000
142,090,000,000
146,641,000,000
기본 주당순이익
3,815
4,203
4,337

2) 요약별도재무정보
(단위 : 원)
구 분
제 45 기
(2021년 12월말)
제 44 기
(2020년 12월말)
제 43 기
(2019년 12월말)
[유동자산]
789,392,000,000
742,801,000,000
691,061,000,000
[비유동자산]
1,110,081,000,000
1,106,685,000,000
1,060,556,000,000
자산총계
1,899,473,000,000
1,849,486,000,000
1,751,617,000,000
[유동부채]
384,698,000,000
382,452,000,000
357,659,000,000
[비유동부채]
105,640,000,000
102,100,000,000
75,253,000,000
부채총계
490,338,000,000
484,552,000,000
432,912,000,000
[자본금]
19,000,000,000
19,000,000,000
19,000,000,000
[이익잉여금]
1,345,583,000,000
1,303,956,000,000
1,258,111,000,000
자본총계
1,409,135,000,000
1,364,934,000,000
1,318,705,000,000
구 분
제 45 기
(2021년 1월 1일~
2021년 12월 31일)
제 44 기
(2020년 1월 1일~
2020년 12월 31일)
제 43 기
(2019년 1월 1일~
2019년 12월 31일)
매출액
2,277,129,000,000
2,189,076,000,000
2,120,329,000,000
영업이익
165,458,000,000
193,036,000,000
190,298,000,000
당기순이익
116,295,000,000
132,930,000,000
141,011,000,000
기본 주당순이익
3,440
3,932
4,171