에이치엘사이언스 / 2022.03.14 사업보고서
1. 요약재무정보
가. 요약 연결재무제표
(단위 : 원)
구분
제22기
제21기
제20기
(2021년 12월말)
(2020년 12월말)
(2019년 12월말)
[유동자산]
71,275,669,632,000
78,788,652,912,000
69,810,668,974,000
ㆍ현금및현금성자산
2,966,134,588,000
7,540,897,160,000
14,472,536,961,000
[비유동자산]
46,589,510,651,000
28,270,490,906,000
24,611,755,297,000
자산총계
117,865,180,283,000
107,059,143,818,000
94,422,424,271,000
[유동부채]
9,515,204,922,000
10,140,132,454,000
12,286,543,356,000
[비유동부채]
937,392,636,000
1,079,448,371,000
925,451,234,000
부채총계
10,452,597,558,000
11,219,580,825,000
13,211,994,590,000
[자본금]
2,696,057,500,000
2,571,074,000,000
2,571,074,000,000
[이익잉여금]
81,183,668,039,000
69,769,089,283,000
52,151,505,121,000
[비지배지분]
154,257,036,000
-
-
자본총계
107,412,582,725,000
95,839,562,993,000
81,210,429,681,000
구분
(2021.1월~12월말)
(2020.1월~12월말)
(2019.1월~12월말)
매출액
104,375,404,099,000
143,035,984,575,000
128,260,855,765,000
영업이익
14,770,690,824,000
23,629,399,414,000
23,683,938,378,000
당기순이익
13,533,561,692,000
19,641,574,562,000
19,742,338,937,000
총포괄이익
13,533,561,692,000
19,641,574,562,000
19,742,338,937,000
주당순이익(원)
2,608
3,916
3,902