대한해운 / 2022.03.22 사업보고서
1. 요약재무정보
가. 요약연결재무정보
(단위 : 원)
구분
제 55(당) 기
제 54(전) 기
제 53(전전) 기
자 산
[비유동자산]
3,357,438,500,000
2,914,382,305,000
2,921,236,179,000
[유동자산]
502,296,059,000
431,206,466,000
419,637,963,000
자산총계
3,859,734,559,000
3,345,588,771,000
3,340,874,142,000
자 본
[자본금]
159,588,730,000
122,135,545,000
122,132,520,000
[이익잉여금]
652,604,683,000
402,438,053,000
393,648,583,000
[비지배지분]
231,519,252,000
81,005,907,000
66,057,704,000
자본총계
1,518,114,390,000
853,323,153,000
895,202,413,000
부 채
[비유동부채]
1,951,414,094,000
1,895,560,328,000
1,670,290,008,000
[유동부채]
390,206,075,000
596,705,290,000
775,381,721,000
부채총계
2,341,620,169,000
2,492,265,618,000
2,445,671,729,000
부채와 자본총계
3,859,734,559,000
3,345,588,771,000
3,340,874,142,000
구분
제 55(당)기
제 54(전)기
제 53(전전) 기
매출액
1,153,843,059,000
884,078,269,000
1,005,657,249,000
영업손익
203,921,089,000
145,937,799,000
128,783,606,000
연결당기순손익
306,589,438,000
27,527,431,000
101,020,482,000
총포괄손익
396,083,710,000
-36,914,564,000
116,835,263,000
지배회사지분순이익
328,486,334,000
-51,862,767,000
105,603,039,000
주당순손익
891
37
3,741
연결에 포함된 회사수
6
7
5
※ 상기 요약 연결재무제표정보는 K-IFRS로 작성되었습니다.
※ 제55기(당기)는 주주총회 승인 전 연결재무제표입니다. 향후 정기주주총회에서 재무제 표 승인 관련 안건이 부결되거나 수정이 발생한 경우 정정보고서를 통해 그 내용 및 사유 등을 반영할 예정입니다