서흥 / 2022.03.17 사업보고서
1. 요약재무정보
가. 요약연결재무정보
(단위 : 원)
구분
제49기
제48기
제47기
(2021년 12월말)
(2020년 12월말)
(2019년 12월말)
[유동자산]
318,603,000,000
314,070,000,000
264,591,000,000
ㆍ현금및현금성자산
26,332,000,000
37,590,000,000
23,021,000,000
[비유동자산]
491,352,000,000
451,920,000,000
444,270,000,000
자산총계
809,955,000,000
765,990,000,000
708,861,000,000
[유동부채]
236,374,000,000
267,310,000,000
196,328,000,000
[비유동부채]
143,712,000,000
121,698,000,000
183,538,000,000
부채총계
380,086,000,000
389,008,000,000
379,866,000,000
[자본금]
6,085,000,000
6,085,000,000
6,085,000,000
[이익잉여금]
363,632,000,000
317,532,000,000
269,959,000,000
[비지배주주지분]
42,104,000,000
38,922,000,000
33,381,000,000
자본총계
429,869,000,000
376,982,000,000
328,995,000,000
(2021.01.01 ~ 2021.12.31)
(2020.01.01 ~ 2020.12.31)
(2019.01.01 ~ 2019.12.31)
매출액
596,733,000,000
553,012,000,000
460,728,000,000
영업이익
69,604,000,000
74,317,000,000
47,404,000,000
당기순이익
59,295,000,000
59,262,000,000
37,366,000,000
기본주당이익
4,829
4,766
2,853

※ 상기 재무정보는 K-IFRS 기준으로 작성되었습니다.
※ 연결에 포함된 회사는 (주)젤텍, 서흥베트남, 서흥아메리카, SH에셋매니지먼트, 서흥재팬, 서흥유럽
Gmbh, (주)위너웰, (주)한국코스모, (주)밸런스웨이 입니다.