진로발효 / 2022.03.28 [정정] 사업보고서
1. 요약재무정보
1. 요약연결재무정보
아래 요약연결재무제표는 한국채택국제회계기준(K-IFRS)에 따라 작성되었습니다.
(단위 :백만원 )
구분
제38기
제37기
제36기
(2021년 12월말)
(2020년 12월말)
(2019년 12월말)
[유동자산]
61,860
57,918
55,138
ㆍ현금및현금성자산
10,266
9,060
6,299
ㆍ단기금융상품
17,800
22,800
19,300
ㆍ매출채권 및 기타채권
17,508
11,975
17,123
ㆍ재고자산
16,028
13,969
12,257
ㆍ기타유동자산
258
114
159
[비유동자산]
33,017
35,040
35,945
ㆍ기타금융자산
4,993
8,069
8,917
ㆍ유형자산
25,408
24,339
24,433
ㆍ무형자산
2,616
2,632
2,595
자산총계
94,877
92,958
91,083
[유동부채]
15,424
10,314
8,179
[비유동부채]
260
1,651
3,509
부채총계
15,684
11,965
11,688
[지배기업소유지분]
77,886
79,917
78,361
ㆍ자본금
3,533
3,533
3,533
ㆍ자본잉여금
56
56
56
ㆍ기타자본구성요소
(75)
(75)
(26,120)
ㆍ이익잉여금
73,110
72,708
96,543
ㆍ기타포괄손익
1,262
3,695
4,349
[비지배지분]
1,307
1,076
1,034
자본총계
79,193
80,993
79,395
자본과 부채 총계
94,877
92,958
91,083
(2021.1.1. ~ 2021.12.31.)
(2020.1.1. ~ 2020.12.31.)
(2019.1.1. ~ 2019.12.31.)
매출액
90,345
101,854
88,418
영업이익
11,349
15,509
16,490
당기순이익
9,529
11,403
14,256
[지배기업소유지분]
9,298
11,361
14,127
[비지배지분]
231
42
129
총포괄이익
7,134
10,532
13,702
[지배기업소유지분]
6,903
10,490
13,572
[비지배지분]
231
42
130
주당이익(단위:원)
1,405
1,717
1,961
연결에포함된 회사수
1
1
1
2. 요약재무정보
아래 재무제표는 한국채택국제회계기준(K-IFRS)에 따라 작성되었습니다.
구분
제38기
제37기
제36기
(2021년 12월말)
(2020년 12월말)
(2019년 12월말)
[유동자산]
59,430
55,955
53,424
ㆍ현금및현금성자산
9,129
8,126
5,823
ㆍ단기금융상품
17,500
22,500
19,000
ㆍ매출채권 및 기타채권
17,152
11,639
16,777
ㆍ재고자산
15,393
13,594
11,671
ㆍ기타유동자산
256
96
153
[비유동자산]
33,108
34,993
35,805
ㆍ기타금융자산
5,070
8,069
8,908
ㆍ관계기업투자
1,288
1,061
1,019
ㆍ유형자산
24,134
23,231
23,283
ㆍ무형자산
2,616
2,632
2,595
자산총계
92,538
90,948
89,229
[유동부채]
14,457
9,490
7,481
[비유동부채]
195
1,540
3,387
부채총계
14,652
11,030
10,868
[자본금]
3,533
3,533
3,533
[자본잉여금]
56
56
56
[기타자본구성요소]
(75)
(75)
(26,120)
[이익잉여금]
73,110
72,708
96,543
[기타포괄손익누계액]
1,262
3,696
4,349
자본총계
77,886
79,918
78,361
자본과 부채 총계
92,538
90,948
89,229
종속기업투자주식의 평가방법
지분법 적용
지분법 적용
지분법 적용
(2021.1.1. ~ 2021. 12.31.)
(2020.1.1. ~ 2020. 12.31.)
(2019.1.1. ~ 2019. 12.31.)
매출액
87,493
99,915
86,574
영업이익
10,737
15,413
16,179
당기순이익
9,268
11,361
14,127
총포괄이익
6,903
10,490
13,572
주당이익(단위:원)
1,405
1,717
1,961