대한광통신 / 2022.03.17 사업보고서
1. 요약재무정보
1.1 연결 기준 재무에 관한 사항
(단위 : 원)
구분
제48기
(감사받은
재무제표)
제47기
(감사받은
재무제표)
제46기
(감사받은
재무제표)
[유동자산]
140,185,000,000
139,592,000,000
161,272,000,000
[비유동자산]
95,689,000,000
129,297,000,000
128,427,000,000
자산총계
235,874,000,000
268,889,000,000
289,699,000,000
[유동부채]
72,365,000,000
71,273,000,000
79,954,000,000
[비유동부채]
60,162,000,000
45,075,000,000
30,345,000,000
부채총계
132,527,000,000
116,348,000,000
110,299,000,000
[자본금]
36,871,000,000
36,871,000,000
36,871,000,000
[이익잉여금]
(49,813,000,000)
(19,610,000,000)
7,393,000,000
자본총계
103,347,000,000
152,541,000,000
179,400,000,000
매출액
156,610,000,000
136,088,000,000
154,296,000,000
영업이익
(27,475,000,000)
(22,660,000,000)
(9,631,000,000)
당기순이익(손실)
(49,114,000,000)
(27,399,000,000)
(11,701,000,000)
기본주당이익(손실)(원)
(666)
(372)
(159)
희석주당이익(손실)(원)
(666)
(372)
(159)