지에스이 / 2022.03.17 사업보고서
1. 요약재무정보
- 제33기(당기)는 주주총회 승인 전 재무제표입니다. 향후 정기주주총회에서 재무제 표 승인 관련 안건이 부결되거나 수정이 발생한 경우 정정보고서를 통해 그 내용 및 사유 등을 반영할 예정입니다.
가. 요약 재무상태표
(단위 : 원)
구분
제33기
제32기
제31기
[유동자산]
39,003,803,000
31,414,297,000
34,464,721,000
ㆍ현금및현금성자산
8,505,410,000
2,432,714,000
3,919,995,000
ㆍ매출채권및기타채권
27,783,982,000
27,397,648,000
28,671,663,000
ㆍ재고자산
209,850,000
187,188,000
189,714,000
[비유동자산]
140,705,742,000
134,276,530,000
124,804,510,000
ㆍ유형자산
138,653,100,000
132,283,990,000
122,757,339,000
ㆍ무형자산
926,206,000
932,503,000
969,916,000
자산총계
179,709,545,000
165,690,827,000
159,269,231,000
[유동부채]
40,958,661,000
39,160,814,000
41,048,519,000
[비유동부채]
55,517,645,000
54,285,965,000
49,087,340,000
부채총계
96,476,306,000
93,446,779,000
90,135,859,000
[자본금]
15,304,358,000
15,304,358,000
15,304,358,000
[이익잉여금]
35,641,583,000
32,503,952,000
29,393,276,000
자본총계
83,233,239,000
72,244,048,000
69,133,372,000
[Δ는 부(-)의 수치임] 25. 11. 12. 오전 1:49
나. 요약 포괄손익계산서
(단위 : 원)
구분
제33기
제32기
제31기
매출액
128,702,990,000
120,801,424,000
136,363,227,000
영업이익
4,629,409,000
5,178,571,000
5,593,577,000
당기순이익
4,075,223,000
4,340,278,000
4,293,621,000
총포괄손익
4,245,841,000
4,218,885,000
4,151,221,000
기본주당순이익 (원)
144
157
155