카카오 / 2024.03.20 [정정] 사업보고서
1. 요약재무정보
가. 요약 연결 재무정보
(단위 : 원)
구분
제 27 (당) 기
제 26 기
제25기
(2021.12.31)
(2020.12.31)
(2019. 12. 31)
자산
[유동자산]
8,102,194,310,997
4,462,924,201,049
2,829,694,454,045
현금및현금성자산
5,231,503,744,581
2,877,513,939,692
1,918,225,198,949
단기금융상품
1,573,559,403,457
694,068,762,001
207,766,855,476
당기손익-공정가치 측정 금융자산
305,059,836,417
134,502,747,309
49,512,474,331
기타유동금융자산
319,120,484,357
225,055,175,264
252,486,445,359
기타
672,950,842,185
531,783,576,783
401,703,479,930
[비유동자산]
13,716,985,880,517
6,987,572,257,652
5,907,674,589,688
당기손익-공정가치 측정 금융자산
302,248,824,872
303,221,657,755
127,148,333,704
기타포괄손익-공정가치 측정 금융자산
1,219,162,704,193
702,575,375,014
419,265,484,312
관계기업 및 공동기업 투자
3,215,802,034,315
1,504,418,504,255
978,943,948,141
유형자산
554,916,365,953
430,667,589,746
349,818,319,321
무형자산
6,347,794,613,028
3,351,553,299,735
3,548,415,767,971
기타
2,077,061,338,156
695,135,831,147
484,082,736,239
[금융업자산]
965,378,917,076
503,649,732,037
현금및현금성자산
94,196,274,985
16,802,652,216
당기손익-공정가치측정 금융자산
495,952,344,594
386,624,514,904
유형자산
11,782,314,064
5,849,723,753
무형자산
33,227,872,379
36,033,856,493
기타
330,220,111,054
58,338,984,671
자산총계
22,784,559,108,590
11,954,146,190,738
8,737,369,043,733
부채
[유동부채]
5,657,183,444,239
2,949,489,217,453
2,447,884,951,785
[비유동부채]
2,884,801,635,871
1,162,344,689,626
560,955,127,367
[금융업부채]
674,240,382,801
430,552,810,286
부채총계
9,216,225,462,911
4,542,386,717,365
3,008,840,079,152
자본
[지배기업의 소유주지분]
9,964,627,991,241
6,283,700,331,669
5,214,066,073,050
ㆍ자본금
44,640,599,000
44,300,999,000
43,161,318,000
ㆍ자본잉여금
7,781,647,832,605
5,833,195,948,154
5,043,198,738,346
ㆍ자본조정
77,070,391,410
18,616,904,708
7,238,239,019
ㆍ기타포괄손익누계액
371,824,570,298
86,577,386,868
-16,393,294,393
ㆍ 이익잉여금
1,689,444,597,928
301,009,092,939
136,861,072,078
[비지배지분]
3,603,705,654,438
1,128,059,141,704
514,462,891,531
자본총계
13,568,333,645,679
7,411,759,473,373
5,728,528,964,581
부채 및 자본 총계
22,784,559,108,590
11,954,146,190,738
8,737,369,043,733
구분
제 27 (당) 기
제26기
제25기
(21. 1. 1~21.12.31)
(20. 1. 1~20.12.31)
(19. 1. 1~19.12.31)
매출액
5,910,512,880,994
4,071,392,494,202
3,070,111,364,510
영업이익(손실)
587,884,339,202
450,519,574,781
202,191,335,143
당기순이익(손실)
1,640,484,195,406
168,978,904,480
-345,859,064,065
지배기업의 소유주지분
1,387,314,031,334
151,601,165,711
-304,814,871,214
구분
제 27 (당) 기
제 26 기
제25기
(2021.12.31)
(2020.12.31)
(2019. 12. 31)
비지배지분
253,170,164,072
17,377,738,769
-41,044,192,851
당기총포괄이익(손실)
2,072,285,296,451
329,201,004,552
-350,016,875,430
기본주당이익 (원)
3,210원/주
358원/주
-765원/주
희석주당이익 (원)
3,135원/주
350원/주
-765원/주
연결 종속회사의 수
153개
115개
102개
참고: 상기 3개년도의 기본주당이익(원) 및 희석주당이익(원)은 주식분할에 따른 액면가 1 00원 기준입니다.
나. 요약 재무 정보
(단위 : 원)
구분
제 27기
제26기
제25기
(2021.12.31)
(2020.12.31)
(2019.12.31)
자산
[유동자산]
2,412,771,566,068
1,782,401,903,517
1,014,030,589,420
현금및현금성자산
1,478,675,780,625
1,356,884,920,831
647,121,328,668
단기금융상품
255,435,276,220
65,497,423,866
15,590,476,220
당기손익-공정가치 측정 금융자산
267,800,193,700
매출채권
152,198,881,960
120,477,615,976
94,991,384,637
기타유동금융자산
190,568,812,718
203,640,384,338
222,441,824,890
기타
68,092,620,845
35,901,558,506
33,885,575,005
[비유동자산]
7,611,880,728,366
5,563,104,581,267
5,470,330,027,390
당기손익-공정가치 측정 금융자산
86,639,621,580
59,626,742,668
45,399,230,609
기타포괄손익-공정가치 측정 금융자산
789,169,945,252
536,800,669,867
330,410,964,621
종속기업, 관계기업 및 공동기업투자
3,547,758,071,680
2,393,425,547,162
2,212,393,967,698
유형자산
312,554,741,802
272,117,410,599
248,311,163,551
무형자산
1,573,635,018,208
2,106,230,935,896
2,458,574,528,458
기타
1,302,123,329,844
194,903,275,075
175,240,172,453
자산총계
10,024,652,294,434
7,345,506,484,784
6,484,360,616,810
부채
[유동부채]
2,299,149,092,120
1,436,640,086,599
1,382,600,790,605
[비유동부채]
1,171,298,508,308
594,790,709,830
252,280,099,228
부채총계
3,470,447,600,428
2,031,430,796,429
1,634,880,889,833
자본
ㆍ자본금
44,640,599,000
44,300,999,000
43,161,318,000
ㆍ자본잉여금
5,489,187,456,902
4,986,863,484,685
4,462,249,633,278
ㆍ자본조정
77,070,391,402
18,616,904,707
41,292,768,578
ㆍ기타포괄손익누계액
240,486,698,823
66,513,984,520
-2,897,079,352
ㆍ이익잉여금
702,819,547,879
197,780,315,443
305,673,086,473
자본총계
6,554,204,694,006
5,314,075,688,355
4,849,479,726,977
부채 및 자본 총계
10,024,652,294,434
7,345,506,484,784
6,484,360,616,810
평가방법
종속기업투자
원가법
원가법
원가법
공동기업투자
원가법
원가법
원가법
관계기업투자
원가법
원가법
원가법
구분
제 27기
제26기
제25기
(21. 1. 1~21.12.31)
(20.1.1~20.12.31)
(19. 1. 1~19.12.31)
매출액
2,132,915,884,804
1,779,194,942,006
1,513,471,072,651
영업이익(손실)
397,366,297,001
296,656,217,228
193,881,291,886
구분
제 27기
제26기
제25기
(2021.12.31)
(2020.12.31)
(2019.12.31)
당기순이익(손실)
503,123,622,467
-120,417,114,552
-261,360,128,431
당기총포괄이익(손실)
677,046,563,917
-28,069,085,870
-257,831,103,593
기본주당이익 (원)
1,164원/주
-288원/주
-656원/주
희석주당이익 (원)
1,139원/주
-288원/주
-656원/주
참고: 상기 3개년도의 기본주당이익(원) 및 희석주당이익(원)은 주식분할에 따른 액면가 1 00원 기준입니다