이리츠코크렙 / 2022.05.27 [정정] 사업보고서
1. 요약재무정보
가. 요약연결재무정보
(단위 : 원)
구분
제32기
(2021년12월31일)
제31기
(2021년06월30일)
제30기
(2020년12월31일)
[유동자산]
17,335,444,059
14,690,605,310
23,544,764,551
ㆍ현금및현금성자산
11,312,386,064
14,668,108,518
8,426,704,338
[비유동자산]
682,206,071,539
686,485,318,183
689,485,564,827
자산총계
699,541,515,598
701,175,923,493
713,030,329,378
[유동부채]
3,936,687,811
3,828,324,511
437,886,012,940
[비유동부채]
446,048,092,529
445,405,158,849
19,338,598,655
부채총계
449,984,780,340
449,233,483,360
457,224,611,595
[자본금]
31,670,795,000
31,670,795,000
31,670,795,000
[이익잉여금]
173,326,650,290
175,712,355,165
179,560,130,416
자본총계
249,556,735,258
251,942,440,133
255,805,717,783
구분
(2021.07.01 ~ 2021.12.31)
(2021.01.01 ~ 2021.06.30)
(2020.07.01 ~ 2020.12.31)
영업수익
21,304,182,848
21,226,173,437
21,179,550,414
영업이익
16,367,627,858
16,271,880,059
16,228,571,135
당기순이익
8,983,988,275
7,221,500,600
6,814,080,938
주당순이익
142
114
108
[연결에 포함된 회사수]
1개
1개
1개
[괄호( )안의 숫자는 부(-)의 수치임]