티와이홀딩스 / 2022.08.16 [정정] 사업보고서
1. 요약재무정보
가. 연결요약재무정보
(단위 : 원)
과 목
제 2기
제 1기
유동자산
271,855,418,000
381,568,415,000
현금및현금성자산
116,465,133,000
72,939,050,000
매출채권 및 기타유동채권
37,963,346,000
38,026,080,000
유동 당기손익-공정가치 측정 금융자산
3,014,895,000
153,642,525,000
유동상각후원가측정유가증권
250,000,000
-
재고자산
3,159,593,000
3,384,751,000
기타유동금융자산
97,482,893,000
103,960,103,000
기타유동자산
6,626,296,000
9,576,384,000
당기법인세자산
769,394,000
39,522,000
매각예정자산집단
6,123,868,000
-
비유동자산
1,860,318,865,000
1,621,999,332,000
비유동매출채권 및 기타채권
2,713,434,000
2,972,475,000
비유동 당기손익-공정가치 측정 금융자산
34,418,502,000
45,133,364,000
비유동 기타포괄손익-공정가치 측정 금융자산
520,000,000
48,807,084,000
비유동 상각후원사 측정 유가증권
312,454,000
469,193,000
기타비유동금융자산
2,000,000
2,000,000
기타비유동자산
4,250,509,000
4,250,509,000
순확정급여자산
2,486,404,000
31,491,000
관계ㆍ공동기업투자
1,111,437,812,000
810,258,520,000
유형자산
674,486,938,000
670,506,276,000
무형자산
10,610,583,000
21,141,825,000
[자산총계]
2,132,174,283,000
2,003,567,746,000
유동부채
517,413,270,000
483,374,462,000
비유동부채
191,089,180,000
227,408,934,000
[부채총계]
708,502,450,000
710,783,396,000
지배기업 소유주지분
1,399,526,778,000
1,091,444,065,000
자본금
26,092,303,000
19,378,120,000
이익잉여금(결손금)
504,124,535,000
342,246,290,000
비지배지분
24,145,055,000
201,340,285,000
[자본총계]
1,423,671,833,000
1,292,784,350,000
기 간
(2021.01.01~2021.12.31)
(2020.09.01~2020.12.31)
매출액
295,210,018,000
92,898,823,000
영업이익
11,235,069,000
1,606,674,000
연결당기순이익(손실)
158,600,501,000
353,981,678,000
- 지배기업 소유주지분
144,268,084,000
341,527,915,000
- 비지배지분
14,332,417,000
12,453,763,000
기본주당순이익(손실,원)
4,004
10,193
희석주당순이익(손실,원)
4,004
10,193
연결에 포함된 회사수
10
12