하나금융지주 / 2022.03.17 사업보고서
1. 요약재무정보
가. 요약 연결 재무정보
<요약 연결재무상태표>
(단위 : 원)
과 목
제 17(당)기
제 16(전)기
제 15(전전)기
자 산 총 계
502,445,270,000,000
460,947,046,000,000
422,138,926,000,000
부 채 총 계
466,945,930,000,000
429,346,758,000,000
393,154,153,000,000
자 본 총 계
35,499,340,000,000
31,600,288,000,000
28,984,773,000,000
연결에 포함된 회사수
338
267
205
<요약 연결포괄손익계산서>
(단위 : 원)
과 목
제 17(당)기
제 16(전)기
제 15(전전)기
영업이익
4,631,096,000,000
3,836,422,000,000
3,258,680,000,000
법인세비용차감전순이익
4,904,925,000,000
3,729,234,000,000
3,408,147,000,000
연결당기순이익
3,581,582,000,000
2,684,878,000,000
2,425,622,000,000
지배주주지분당기순이익
3,526,068,000,000
2,637,242,000,000
2,391,584,000,000
연결당기총포괄이익
3,644,121,000,000
2,528,697,000,000
2,419,395,000,000
지배주주지분당기총포괄이익
3,570,890,000,000
2,495,247,000,000
2,377,125,000,000
기본주당이익
11,819
8,858
7,898
희석주당이익
11,819
8,858
7,877

나. 요약 재무정보
<요약 재무상태표>
(단위 : 원)
과 목
제 17(당)기
제 16(전)기
제 15(전전)기
자 산 총 계
23,768,470,000,000
22,431,656,000,000
21,634,613,000,000
부 채 총 계
5,924,345,000,000
5,660,266,000,000
5,280,909,000,000
자 본 총 계
17,844,125,000,000
16,771,390,000,000
16,353,704,000,000

<요약 포괄손익계산서>
(단위 : 원)
과 목
제 17(당)기
제 16(전)기
제 15(전전)기
영업이익
1,152,931,000,000
344,518,000,000
1,181,580,000,000
법인세비용차감전순이익
1,129,846,000,000
321,928,000,000
1,160,472,000,000
당기순이익
1,131,398,000,000
321,763,000,000
1,160,092,000,000
당기총포괄이익
1,131,991,000,000
321,913,000,000
1,159,322,000,000
기본주당이익
3,606
916
3,748
희석주당이익
3,606
916
3,738