선광 / 2022.03.16 사업보고서
1. 요약재무정보
가. 요약연결재무정보
(단위 : 원)
구분
제 73 기
제 72 기
제 71 기
[유동자산]
103,203,351,746
88,569,826,731
52,175,786,335
ㆍ현금및현금성자산
49,083,223,807
28,787,076,722
6,793,224,685
ㆍ매출채권및기타유동채권
26,336,102,855
24,345,421,426
23,793,193,519
ㆍ기타유동금융자산
23,722,652,367
32,507,331,670
17,488,134,417
ㆍ재고자산
107,802,070
85,524,455
102,142,655
ㆍ기타
3,953,570,647
2,844,472,458
3,830,389,762
[비유동자산]
586,122,568,294
617,320,054,262
655,479,407,793
ㆍ유형자산
381,011,508,855
403,901,358,162
424,864,140,372
ㆍ무형자산
3,239,653,769
3,264,873,464
3,344,383,716
ㆍ관계기업투자
28,569,604,277
26,635,588,864
28,626,612,695
ㆍ기타비유동금융자산
17,143,184,482
19,431,096,677
21,894,304,364
ㆍ사용권자산
137,966,041,487
139,574,470,971
153,451,163,651
ㆍ기타
8,959,772,820
15,041,041,891
13,784,293,586
자산총계
689,325,920,040
705,889,880,993
707,655,194,128
[유동부채]
82,853,758,364
85,441,411,398
61,960,802,068
[비유동부채]
278,574,667,126
315,167,076,020
341,089,564,578
부채총계
361,428,425,490
400,608,487,418
403,050,366,646
[자본금]
6,600,000,000
6,600,000,000
6,600,000,000
[이익잉여금]
256,135,130,756
234,060,372,547
229,648,107,013
[기타포괄손익누계액]
1,405,532,197
793,005,240
748,148,504
[지배기업 소유지분]
326,231,612,737
303,544,327,571
302,844,576,051
[비지배지분]
1,665,881,813
1,737,066,004
1,760,251,431
자본총계
327,897,494,550
305,281,393,575
304,604,827,482
매출액
162,739,217,097
151,729,445,337
144,994,753,404
영업이익
32,163,554,969
28,581,656,214
21,851,871,085
당기순이익
24,033,559,913
6,824,765,540
2,683,458,588
지배기업지분에 대한 주당손익
4,164
1,152
432
연결에 포함된 회사수
3
3
3