브이티 / 2022.08.12 [정정] 사업보고서
1. 요약재무정보
주식회사 브이티지엠피와 그 종속기업 .
(단위 : 천원)
구분
제 36기 당기말 (2021년12월말)
제 35기 전기말 (2020년12월말)
제 34기 전전기말 (2019년12월말)
[유동자산]
106,743,278
79,847,711
90,563,573
ㆍ당좌자산
75,381,958
37,336,368
59,214,428
ㆍ재고자산
31,361,320
42,511,343
31,349,145
[비유동자산]
100,904,320
79,083,535
45,329,048
ㆍ장기금융자산
7,000
7,102
-
ㆍ당기손익-공정가치금융자산
6,382,475
102
143,128
ㆍ유형자산
28,196,302
33,251,817
28,357,402
ㆍ사용권자산
6,169,061
868,488
1,404,947
ㆍ무형자산
50,797,049
14,360,313
13,040,701
ㆍ기타비유동자산
9,352,433
30,595,713
2,382,870
자산총계
207,647,598
158,931,246
135,892,621
[유동부채]
77,492,480
70,104,546
59,613,486
[비유동부채]
20,064,469
18,394,600
15,028,406
부채총계
97,556,949
88,499,146
74,641,892
Ⅰ.지배기업 소유지분
77,839,726
70,592,500
60,473,957
자본금
17,241,947
17,079,761
19,175,685
기타자본항목
22,112,161
40,680,724
29,571,656
이익잉여금(결손금)
38,485,618
12,832,016
11,726,616
Ⅱ.비지배지분
32,250,923
(160,400)
776,772
자본총계
110,090,649
70,432,100
61,250,729
종속 관계 공동기업 투자주식의 평가방법
공정가치법
공정가치법
공정가치법
구분
(2021.01.01~ 2021.12.31)
(2020.01.01~ 2020.12.31)
(2019.01.01~ 2019.12.31)
매출액
226,769,601
107,395,373
112,756,599
영업이익
26,390,742
5,460,910
10,263,494
당기순이익
17,497,575
(1,308,656)
3,411,551
지배기업 소유주지분
17,907,551
1,105,400
2,834,270
비지배지분
2,537,619
(2,414,055)
577,281
주당순이익
456
34
103
※ ()는 부(-)의 숫자이며 주당순이익(손실)은 원 단위입니다.