제일기획 / 2022.03.24 [정정] 사업보고서
1. 요약재무정보
가. 요약연결재무정보
(단위 : 원)
구분
제49기
(2021년 12월말)
제48기
(2020년 12월말)
제47기
(2019년 12월말)
[유동자산]
2,018,598,000,000
1,742,270,000,000
1,769,877,000,000
[비유동자산]
523,513,000,000
500,194,000,000
482,890,000,000
자산총계
2,542,111,000,000
2,242,464,000,000
2,252,767,000,000
[유동부채]
1,224,222,000,000
1,063,895,000,000
1,098,231,000,000
[비유동부채]
190,622,000,000
163,040,000,000
197,721,000,000
부채총계
1,414,844,000,000
1,226,935,000,000
1,295,952,000,000
[자본금]
23,008,000,000
23,008,000,000
23,008,000,000
[이익잉여금]
1,345,303,000,000
1,271,603,000,000
1,195,750,000,000
[비지배지분]
10,125,000,000
7,988,000,000
10,197,000,000
자본총계
1,127,267,000,000
1,015,529,000,000
956,815,000,000
(2021.01.01 ~ 2021.12.31)
(2020.01.01 ~ 2020.12.31)
(2019.01.01 ~ 2019.12.31)
영업수익
3,325,712,000,000
2,747,922,000,000
3,421,673,000,000
영업이익
248,180,000,000
204,917,000,000
205,813,000,000
연결 당기순이익
167,599,000,000
158,280,000,000
139,453,000,000
기본주당순이익
1,634
1,554
1,363
희석주당순이익
1,634
1,554
1,363
※ 상기 요약재무정보는 한국채택국제회계기준으로 작성 되었습니다.