한솔홀딩스 / 2022.03.17 [정정] 사업보고서
1. 요약재무정보
1. 연결요약재무제표
(한솔홀딩스 주식회사 및 그 종속기업) (단위: 원)
사업연도
제57기
제56기
제55기
[유동자산]
165,348,000,000
166,971,000,000
210,384,000,000
[비유동자산]
488,349,000,000
460,169,000,000
456,001,000,000
자산총계
653,697,000,000
627,140,000,000
666,385,000,000
[유동부채]
88,405,000,000
92,641,000,000
178,376,000,000
[비유동부채]
16,027,000,000
8,025,000,000
31,878,000,000
부채총계
104,432,000,000
100,666,000,000
210,254,000,000
[자본금]
42,009,000,000
42,009,000,000
235,918,000,000
[이익잉여금]
415,366,000,000
149,270,000,000
88,553,000,000
[비지배지분]
28,591,000,000
23,532,000,000
22,281,000,000
자본총계
549,264,000,000
526,474,000,000
456,131,000,000
사업연도
제57기
제56기
제55기
매출액
413,644,000,000
359,482,000,000
346,301,000,000
영업이익(손실)
18,378,000,000
12,457,000,000
14,800,000,000
당기순이익(손실)
23,609,000,000
72,652,000,000
26,289,000,000
지배회사지분당기순이익(손실)
21,592,000,000
71,202,000,000
25,280,000,000
주당손익 (단위 : 원)
514
1,695
602
※ 상기 재무정보의 비교년도는 중단사업 등의 사유로 비교재작성되어, 공시된 연결 재무제표의 내용과 다를 수 있습니다.