신한알파리츠 / 2022.06.14 사업보고서
1. 요약재무정보
가. 요약 연결 재무정보
(단위 : 원)
구분
제8기
(2022년 3월말)
제7기
(2021년 9월말)
제6기
(2021년 3월말)
1. 유동자산
42,669,418,704
52,792,034,739
31,899,935,510
2. 비유동자산
1,850,988,284,240
1,852,725,440,413
1,501,536,288,189
자산총계
1,893,657,702,944
1,905,517,475,152
1,533,436,223,699
1. 유동부채
213,537,168,819
178,571,390,420
205,853,807,153
2. 비유동부채
1,342,713,395,260
1,383,119,293,912
974,076,848,303
부채총계
1,556,250,564,079
1,561,690,684,332
1,179,930,655,456
1. 지배지분
278,163,555,304
284,310,632,363
293,222,206,127
(1) 자본금
56,330,123,000
56,330,123,000
56,330,123,000
(3) 이익잉여금(결손금)
(26,359,113,236)
(20,251,357,171)
(11,737,617,472)
2. 비지배지분
59,243,583,561
59,516,158,457
60,283,362,116
자본총계
337,407,138,865
343,826,790,820
353,505,568,243
구분
제8기
(2021.10.01 ~ 2022.03.31)
제7기
(2021.04.01 ~ 2021.09.30)
제6기
(2020.10.01 ~ 2021.03.31)
1. 영업수익
48,207,482,884
41,845,064,161
37,796,038,149
3. 영업이익
28,776,346,559
22,073,213,032
22,814,306,766
4. 법인세비용차감전순이익
6,054,259,267
2,940,376,448
6,932,231,565
6. 당기순이익
6,054,259,267
2,940,376,448
6,932,231,565
(1) 지배지분순이익
4,810,675,706
1,712,400,473
5,808,946,292
7. 주당순이익
61
1
80