한화엔진 / 2022.03.16 사업보고서
1. 요약재무정보
가. 요약연결재무정보
(단위 : 원)
구분
제23기
제22기
제21기
2021년 12월말
2020년 12월말
2019년 12월말
[유동자산]
344,870,000,000
276,615,000,000
380,184,000,000
[비유동자산]
450,755,000,000
446,685,000,000
449,955,000,000
자산총계
795,625,000,000
723,300,000,000
830,139,000,000
[유동부채]
431,104,000,000
497,614,000,000
620,725,000,000
[비유동부채]
155,420,000,000
31,558,000,000
20,894,000,000
부채총계
586,524,000,000
529,172,000,000
641,619,000,000
[자본금]
46,721,000,000
32,947,000,000
32,947,000,000
[이익잉여금]
(70,807,000,000)
(29,591,000,000)
(35,881,000,000)
[비지배지분]
-
-
-
자본총계
209,101,000,000
194,128,000,000
188,520,000,000
2021.01.01~ 2021.12.31
2020.01.01~ 2020.12.31
2019.01.01~ 2019.12.31
매출액
598,999,000,000
829,995,000,000
674,278,000,000
영업이익(손실)
(39,778,000,000)
20,021,000,000
(21,838,000,000)
연결총당기순이익(손실)
(39,738,000,000)
6,048,000,000
(41,444,000,000)
지배기업지분순이익(손실)
(39,738,000,000)
6,048,000,000
(41,444,000,000)
기본주당순이익(손실) (원)
(934)
184
(1,258)
희석주당순이익(손실) (원)
(934)
184
(1,258)