사람인 / 2022.03.08 사업보고서
1. 요약재무정보
가. 요약 연결 재무정보
(단위 : 원)
계정과목
제17기
제16기
제15기
2021년말
2020년말
2019년말
[유동자산]
55,742,500,000,000
83,705,445,000,000
72,405,949,000,000
현금및현금성자산
10,895,923,000,000
12,755,907,000,000
5,387,297,000,000
[비유동자산]
137,856,204,000,000
61,846,982,000,000
58,262,017,000,000
관계기업투자
110,632,172,000,000
36,554,106,000,000
35,761,536,000,000
유형자산
12,571,605,000,000
11,837,877,000,000
11,228,418,000,000
[자산총계]
193,598,704,000,000
145,552,427,000,000
130,667,966,000,000
[유동부채]
41,168,957,000,000
18,988,567,000,000
18,991,407,000,000
[비유동부채]
601,291,000,000
1,507,143,000,000
417,793,000,000
[부채총계]
41,770,248,000,000
20,495,711,000,000
19,409,200,000,000
자본금
5,829,632,000,000
5,829,632,000,000
5,829,632,000,000
이익잉여금
112,618,049,000,000
87,181,138,000,000
71,864,575,000,000
[비지배지분]
95,468,000,000
327,195,000,000
-
[자본총계]
151,828,456,000,000
125,056,716,000,000
111,258,766,000,000
기간
2021.01.01~ 2021.12.31
2020.01.01~ 2020.12.31
2019.01.01~ 2019.12.31
영업수익
129,012,878,000,000
96,294,901,000,000
93,567,189,000,000
영업이익
39,086,103,000,000
24,066,933,000,000
27,293,657,000,000
당기순이익
31,821,611,000,000
21,620,057,000,000
25,460,629,000,000
주당이익(원)
2,902
1,965
2,314