덕산네오룩스 / 2022.03.23 사업보고서
1. 요약재무정보
가. 요약 연결재무정보(K-IFRS적용)
(1) 연결 재무상태표 정보
(단위 : 원)
구 분
제8기 기말
제7기 기말
제6기 기말
[유동자산]
188,013,438,934
90,912,923,450
78,405,873,368
ㆍ현금 및 현금성자산
133,623,796,577
50,590,834,314
38,904,477,071
ㆍ매출채권
12,749,112,819
11,594,189,168
10,698,174,309
ㆍ기타유동수취채권
2,063,556,400
718,625,191
276,336,277
ㆍ기타유동금융자산
5,163,985
1,456,902
2,242,003
ㆍ기타유동자산
958,924,979
1,580,028,981
5,312,759,319
ㆍ재고자산
38,612,884,174
26,427,788,894
23,211,884,389
[비유동자산]
148,652,274,437
129,999,945,869
102,905,106,665
ㆍ기타비유동수취채권
18,195,300,212
12,469,709,110
12,381,424,990
ㆍ기타비유동금융자산
11,626,764,358
5,612,524,753
5,392,889,110
ㆍ기타비유동자산
3,922,964,201
2,268,533,044
-
ㆍ관계기업투자
1,656,555,230
487,473,105
-
ㆍ유형자산
76,489,132,030
72,429,558,256
53,851,271,633
ㆍ무형자산
36,402,130,182
36,574,364,550
30,959,655,733
ㆍ사용권자산
359,428,224
157,783,051
319,865,199
자산총계
336,665,713,371
220,912,869,319
181,310,980,033
[유동부채]
22,650,637,362
19,881,932,676
16,063,252,944
[비유동부채]
26,908,510,821
8,275,120,414
5,304,975,379
부채총계
49,559,148,183
28,157,053,090
21,368,228,323
[자본금]
4,966,235,800
4,802,002,400
4,802,002,400
[주식발행초과금]
138,602,045,860
93,774,660,970
93,774,660,970
[기타자본항목]
2,403,620,037
311,490,537
311,490,537
[이익잉여금]
141,034,812,590
93,867,662,322
61,054,597,803
[비지배지분]
99,850,901
-
-
자본총계
287,106,565,188
192,755,816,229
159,942,751,710
부채 및 자본총계
336,665,713,371
220,912,869,319
181,310,980,033
(2) 연결 포괄손익계산서 정보
(단위 : 원)
구 분
제8기
제7기
제6기
매출액
191,358,001,344
144,162,647,179
97,873,417,668
영업이익
50,982,429,347
40,112,481,933
20,761,496,950
법인세비용차감전순이익
56,335,756,406
37,761,329,467
20,781,178,499
당기순이익
46,834,338,496
33,343,534,849
19,157,035,118
- 지배기업 소유주지분
46,834,487,595
33,343,534,849
19,157,035,118
- 비지배지분
(149,099)
-
-
총포괄손익
47,167,001,169
32,813,064,519
18,996,820,110
주당순이익
1,946
1,389
798
연결대상회사 수
당사포함 2개
-
-
※ 상기 연결 재무제표는 한국채택국제회계기준(K-IFRS)에 따라 작성되었습니다.
※ 상기 제8기 연결재무제표는 정기주주총회 승인 전 연결재무제표로 향후 정기주주 총회에서 재무제표 승인 관련 안건이 부결되거나 수정이 발생할 경우 정정보고서를 통해 그 내용 및 사유 등을 반영할 예정입니다.
※ 2021년 11월에 결성된 티그리스투자조합42호는 2021년부터 연결대상 종속기업 에 포함되었습니다.
나. 요약 별도재무정보(K-IFRS적용)
(1) 별도 재무상태표 정보
(단위 : 원)
구 분
제8 기말
제7기 기말
제6기 기말
[유동자산]
184,018,302,896
90,912,923,450
78,405,873,368
ㆍ현금 및 현금성자산
129,629,016,712
50,590,834,314
38,904,477,071
ㆍ매출채권
12,749,112,819
11,594,189,168
10,698,174,309
ㆍ기타유동수취채권
2,063,200,227
718,625,191
276,336,277
ㆍ기타유동금융자산
5,163,985
1,456,902
2,242,003
ㆍ기타유동자산
958,924,979
1,580,028,981
5,312,759,319
ㆍ재고자산
38,612,884,174
26,427,788,894
23,211,884,389
[비유동자산]
152,546,459,574
129,999,945,869
102,905,106,665
ㆍ기타비유동수취채권
18,195,300,212
12,469,709,110
12,381,424,990
ㆍ기타비유동금융자산
11,626,764,358
5,612,524,753
5,392,889,110
ㆍ기타비유동자산
3,922,964,201
2,268,533,044
-
ㆍ관계기업투자
5,550,740,367
487,473,105
-
ㆍ유형자산
76,489,132,030
72,429,558,256
53,851,271,633
ㆍ무형자산
36,402,130,182
36,574,364,550
30,959,655,733
ㆍ사용권자산
359,428,224
157,783,051
319,865,199
자산총계
336,564,762,470
220,912,869,319
181,310,980,033
[유동부채]
22,649,537,362
19,881,932,676
16,063,252,944
[비유동부채]
26,908,510,821
8,275,120,414
5,304,975,379
부채총계
49,558,048,183
28,157,053,090
21,368,228,323
[자본금]
4,966,235,800
4,802,002,400
4,802,002,400
[주식발행초과금]
138,602,045,860
93,774,660,970
93,774,660,970
[기타자본항목]
2,403,620,037
311,490,537
311,490,537
[이익잉여금]
141,034,812,590
93,867,662,322
61,054,597,803
자본총계
287,006,714,287
192,755,816,229
159,942,751,710
부채 및 자본총계
336,564,762,470
220,912,869,319
181,310,980,033
(2)
별도 포괄손익계산서 정보
(단위 : 원)
구 분
제8기
제7기
제6기
매출액
191,358,001,344
144,162,647,179
97,873,417,668
영업이익
50,982,429,347
40,112,481,933
20,761,496,950
법인세비용차감전순이익
56,335,756,406
37,761,329,467
20,781,178,499
당기순이익
46,834,487,595
33,343,534,849
19,157,035,118
총포괄손익
47,167,150,268
32,813,064,519
18,996,820,110
주당순이익
1,946
1,389
798
※ 상기 별도 재무제표는 한국채택국제회계기준에 따라 작성되었습니다.
※ 상기 제8기 별도재무제표는 정기주주총회 승인 전 별도재무제표로 향후 정기주주 총회에서 재무제표 승인 관련 안건이 부결되거나 수정이 발생할 경우 정정보고서를 통해 그 내용 및 사유 등을 반영할 예정입니다.