남선알미늄 / 2022.03.22 사업보고서
1. 요약재무정보
.
(1)요약연결재무정보
(단위 : 천원)
구분
제49기
제48기
제47기
[유동자산]
116,527,738
112,419,203
120,272,355
ㆍ현금및현금성자산
25,441,264
16,567,192
27,629,166
ㆍ금융기관예치금
5,070,000
2,538,959
633,682
ㆍ매출채권
38,160,768
49,854,567
56,581,136
ㆍ기타채권
193,015
9,835,493
10,028,119
ㆍ기타포괄-공정가치금융자산
1,789
-
-
ㆍ기타금융자산
1,400
7,960
7,960
ㆍ재고자산
36,558,856
23,897,461
16,737,677
ㆍ당기법인세자산
133,160
885,485
-
ㆍ미청구공사
4,740,129
4,192,727
3,912,838
ㆍ기타유동자산
6,227,357
4,639,359
4,741,777
[비유동자산]
238,710,616
182,733,600
175,257,306
ㆍ장기금융기관예치금
7,500
7,500
197,500
ㆍ장기매출채권
-
10,685
10,685
ㆍ장기기타채권
797,097
865,335
691,526
ㆍ당기손익-공정가치금융자산
8,916,154
4,805,657
3,455,038
ㆍ기타포괄-공정가치금융자산
30,978
-
-
ㆍ유형자산
60,803,814
66,040,904
73,576,503
ㆍ투자부동산
2,982,200
3,561,900
4,129,200
ㆍ무형자산
65,311
65,505
66,390
ㆍ관계기업투자
165,107,562
107,376,114
93,130,464
ㆍ기타비유동자산
-
-
-
자산총계
355,238,354
295,152,804
295,529,661
[유동부채]
69,337,233
63,654,125
73,017,541
[비유동부채]
49,970,354
41,954,121
43,411,866
부채총계
119,307,587
105,608,246
116,429,407
[지배기업소유지분]
235,930,767
189,544,558
179,100,254
ㆍ자본금
55,243,490
55,243,490
55,243,490
ㆍ기타불입자본
4,368,345
4,368,345
4,368,345
ㆍ기타자본
(812,469)
(3,304,561)
(3,151,565)
ㆍ이익잉여금(결손금)
177,131,401
133,237,284
122,639,984
[비지배지분]
-
-
-
자본총계
235,930,767
189,544,558
179,100,254
구분
(2021.01 ~ 2021.12)
(2020.01 ~ 2020.12)
(2019.01 ~ 2019.12)
매출액
230,343,537
268,474,786
324,782,177
영업이익
(6,912,236)
(1,515,276)
11,578,883
연결총당기순이익의 귀속
41,688,592
10,538,669
14,479,409
ㆍ지배기업의 소유주지분
41,688,592
10,538,669
14,479,409
ㆍ비지배지분
-
-
-
연결총포괄이익의 귀속
46,386,210
10,444,304
10,380,493
ㆍ지배기업의 소유주지분
46,386,210
10,444,304
10,380,493
ㆍ비지배지분
-
-
-
기본주당이익(원)
377
95
131
희석주당순이익(손실)
397
115
151
연결에 포함된 회사수
1
1
1
(2) 요약재무정보
(단위 : 천원)
구분
제49기
제48기
제47기
[유동자산]
125,733,839
121,119,160
128,507,223
ㆍ현금및현금성자산
25,439,440
16,487,650
27,461,933
ㆍ금융기관예치금
5,070,000
2,538,959
633,682
ㆍ매출채권
38,160,768
49,854,567
56,581,136
ㆍ기타채권
9,400,955
18,615,154
18,430,280
ㆍ기타포괄-공정가치금융자산
1,789
-
-
ㆍ기타금융자산
1,400
7,960
7,960
ㆍ재고자산
36,558,856
23,897,461
16,737,678
ㆍ당기법인세자산
133,144
885,323
-
ㆍ미청구공사
4,740,129
4,192,727
3,912,838
ㆍ기타유동자산
6,227,358
4,639,359
4,741,716
[비유동자산]
149,947,506
155,812,435
164,052,747
ㆍ장기금융기관예치금
7,500
7,500
197,500
ㆍ장기매출채권
-
10,685
10,685
ㆍ장기기타채권
797,097
865,335
691,526
ㆍ당기손익-공정가치금융자산
151,629
151,629
271,966
ㆍ기타포괄-공정가치금융자산
30,978
-
-
ㆍ유형자산
60,803,814
66,040,904
73,576,503
ㆍ투자부동산
2,982,200
3,561,900
4,129,200
ㆍ무형자산
65,311
65,505
66,390
ㆍ관계기업투자
-
-
-
ㆍ종속기업투자
85,108,977
85,108,977
85,108,977
ㆍ기타비유동자산
-
-
-
자산총계
275,681,345
276,931,595
292,559,970
[유동부채]
69,323,135
63,647,494
73,017,831
[비유동부채]
37,234,941
39,222,368
43,184,642
부채총계
106,558,076
102,869,862
116,202,473
ㆍ자본금
55,243,490
55,243,490
55,243,490
ㆍ기타불입자본
4,368,345
4,368,345
4,368,345
ㆍ기타자본
6,864
(18,695)
(18,695)
ㆍ이익잉여금(결손금)
109,504,570
114,468,594
116,764,357
자본총계
169,123,269
174,061,734
176,357,497
종속,관계,공동기업 투자주식의 평가방법
원가법
원가법
원가법
구분
(2021.01 ~ 2021.12)
(2020.01 ~ 2020.12)
(2019.01 ~ 2019.12)
매출액
230,343,537
268,474,786
324,782,177
영업이익
(6,778,063)
(1,420,763)
11,592,894
법인세비용차감전순이익
(7,059,537)
(2,642,504)
10,992,748
당기순이익(손실)
(6,277,201)
(2,461,919)
8,338,512
기본주당이익(원)
(57)
(22)
75
희석주당순이익(손실)
(37)
(2)
95