제이엘케이 / 2022.03.18 사업보고서
1. 요약재무정보
가. 요약 연결 재무정보
(단위 : 원)
제8기
(2021년 12월)
제7기
(2020년 12월)
제6기
(2019년 12월)
자산총계
40,448,268,095
46,553,183,502
38,698,295,319
부채총계
16,188,214,678
15,883,782,108
2,397,574,584
자본총계
24,260,053,417
30,669,401,394
36,300,720,735
영업수익
3,786,050,431
4,489,991,489
229,534,331
영업이익
-7,424,304,196
-7,533,991,576
-10,793,760,120
당기순이익
-7,673,644,240
-7,637,096,089
-10,644,155,311
지배기업소유주지분
-7,574,087,089
-7,637,096,089
-10,644,155,311
비지배지분
-
-
주당이익
기본주당이익(단위:원)
-511
-520
-866
희석주당이익(단위:원)
-511
-520
-866
연결에 포함된 회사수
3
2
2