플레이디 / 2022.03.17 사업보고서
1. 요약재무정보
(단위: 원)
구분
제12기
(2021년 12월말)
제11기
(2020년 12월말)
제10기
(2019년 12월말)
[유동자산]
115,922,065,000
98,192,826,000
74,944,087,000
ㆍ현금및현금성자산
21,739,419,000
27,744,248,000
16,230,049,000
ㆍ매출채권
8,992,732,000
7,117,798,000
9,339,720,000
ㆍ대행미수금
61,476,484,000
41,961,969,000
46,253,352,000
ㆍ재고자산
341,944,000
296,576,000
-
ㆍ기타
23,371,486,000
21,072,235,000
3,120,966,000
[비유동자산]
25,877,114,000
21,690,624,000
22,355,122,000
ㆍ유형자산
1,399,562,000
1,950,930,000
1,032,564,000
ㆍ사용권자산
6,182,477,000
886,647,000
1,873,458,000
ㆍ영업권
14,518,077,000
14,518,077,000
14,518,077,000
ㆍ무형자산
1,593,094,000
1,491,746,000
1,971,874,000
ㆍ장기선급금
5,044,000
10,802,000
103,048,000
ㆍ보증금
485,418,000
105,241,000
396,634,000
자산총계
141,799,179,000
119,883,450,000
97,299,209,000
[유동부채]
57,235,726,000
40,400,520,000
48,058,488,000
ㆍ대행미지급금
45,263,635,000
29,987,018,000
35,494,350,000
ㆍ기타
11,972,091,000
10,413,501,000
12,564,138,000
[비유동부채]
10,510,323,000
9,048,126,000
8,827,098,000
ㆍ기타
10,510,323,000
9,048,126,000
8,827,098,000
부채총계
67,746,049,000
49,448,645,000
56,885,585,000
[자본금]
6,413,570,000
6,413,570,000
4,513,570,000
[자본잉여금]
40,616,710,000
40,616,710,000
11,042,030,000
[이익잉여금]
27,037,741,000
23,408,485,000
24,858,024,000
자본총계
74,053,130,000
70,434,805,000
40,413,624,000
(2021.01.01~2021.12.31)
(2020.01.01~2020.12.31)
(2019.01.01~2019.12.31)
영업수익
34,680,498,000
29,306,229,000
38,572,320,000
영업이익
3,338,918,000
1,100,212,000
8,802,949,000
당기순이익
2,964,143,000
1,487,713,000
6,589,776,000
주당순이익(단위:원)
231
123
730