삼양패키징 / 2022.03.15 사업보고서
1. 요약재무정보
가. 요약재무정보
(단위 : 원)
구분
2021년
(제8기)
2020년
(제7기)
2019년
(제6기)
자산총계
612,487,000,000
564,505,000,000
563,857,000,000
유동자산
185,164,000,000
143,750,000,000
115,480,000,000
비유동자산
427,323,000,000
420,755,000,000
448,377,000,000
부채총계
291,246,000,000
256,763,000,000
277,637,000,000
유동부채
179,585,000,000
128,486,000,000
78,257,000,000
비유동부채
111,661,000,000
128,277,000,000
199,380,000,000
자본총계
321,241,000,000
307,741,000,000
286,220,000,000
자본금
71,049,000,000
71,049,000,000
71,049,000,000
이익잉여금
134,489,000,000
120,990,000,000
99,466,000,000
2021.1.1~
2021.12.31
2020.1.1~
2020.12.31
2019.1.1~
2019.12.31
매출액
391,946,000,000
367,569,000,000
375,442,000,000
영업이익
46,146,000,000
52,266,000,000
41,584,000,000
당기순이익
30,302,000,000
32,297,000,000
28,385,000,000
주당순이익 (원)
2,132
2,273
1,998