신성델타테크 / 2022.03.22 사업보고서
1. 요약재무정보
1.
요약 연결재무정보
(단위: 원)
구분
제35기
제34기
제33기
2021년 12월 말
2020년 12월 말
2019년 12월 말
[유동자산]
273,952,674,000
202,712,024,000
143,602,350,000
현금및현금성자산
33,488,221,000
31,802,659,000
21,532,436,000
자산총계
517,198,674,000
411,482,017,000
348,684,313,000
[유동부채]
284,252,239,000
212,480,949,000
167,089,952,000
[비유동부채]
37,409,280,000
36,883,555,000
47,789,803,000
부채총계
321,661,519,000
249,364,504,000
214,879,755,000
[이익잉여금]
133,260,391,000
111,792,491,000
105,425,471,000
[비지배지분]
44,590,002,000
18,122,242,000
5,625,964,000
자본총계
195,537,154,000
162,117,513,000
133,804,559,000
(2021.01.01.~ 2021.12.31.)
(2020.01.01.~ 2020.12.31.)
(2019.01.01.~ 2019.12.31.)
매출액
737,488,103,000
493,069,483,000
448,754,475,000
영업이익(손실)
43,947,732,000
14,824,184,000
10,179,834,000
당기순이익(손실)
32,688,237,000
8,876,267,000
5,282,427,000
총포괄이익(손실)
36,151,221,000
5,932,173,000
6,821,175,000
지배주주의기본주당순이익(단위 :원)
908
340
261