인화정공 / 2022.10.13 [정정] 사업보고서
1. 요약재무정보
1. 연결 재무제표에 관한 사항
1) 요약 연결 재무정보
(단위: 원)
구분
제23기(2021년말)
제22기(2020년말)
제21기(2019년말)
[유동자산]
101,723,744,876
92,039,694,490
96,512,595,222
[비유동자산]
262,975,935,343
224,657,944,439
189,918,097,482
자산총계
364,699,680,219
316,697,638,929
286,430,692,704
[유동부채]
169,586,868,261
148,709,456,021
149,942,412,508
[비유동부채]
5,488,261,385
3,587,380,735
3,706,728,843
부채총계
175,075,129,646
152,296,836,756
153,649,141,351
[자본금]
4,665,852,500
4,665,852,500
4,665,852,500
[이익잉여금]
140,580,167,972
115,788,437,311
84,063,776,247
[소수주주지분]
-
-
-
자본총계
189,624,550,573
164,400,802,173
132,781,551,353
매출액
110,475,018,706
105,747,185,253
129,288,748,072
영업이익
3,629,936,675
(629,693,726)
2,998,542,123
당기순이익
15,263,197,737
31,817,708,013
(8,467,080,367)
총포괄손익
25,223,748,400
32,128,380,128
(8,625,983,365)
기본주당순이익
1,663
3,466
(922)

2. 재무제표에 관한 사항
1) 요약 재무정보
(단위: 원)
구분
제23기(2021년말)
제22기(2020년말)
제21기(2019년말)
[유동자산]
36,188,836,039
33,233,172,198
31,576,045,965
[비유동자산]
242,563,590,256
178,264,724,622
182,511,018,053
자산총계
278,752,426,295
211,497,896,820
214,087,064,018
[유동부채]
99,937,795,036
85,268,259,569
91,211,032,304
[비유동부채]
2,443,398,180
704,302,067
1,153,979,468
부채총계
102,381,193,216
85,972,561,636
92,365,011,772
[자본금]
4,665,852,500
4,665,852,500
4,665,852,500
[이익잉여금]
126,616,582,346
75,770,684,451
71,967,401,513
자본총계
176,371,233,079
125,525,335,184
121,722,052,246
매출액
54,595,370,405
58,513,851,359
69,958,815,791
영업이익
2,282,790,697
2,229,986,666
2,285,071,355
당기순이익
41,570,681,676
3,407,713,221
208,729,140
총포괄손익
50,845,897,895
3,803,282,938
139,278,748
기본주당순이익
4,528
371
(23)