## CJ대한통운 / 2022.03.18 사업보고서

### 1. 요약재무정보

#### 가. 요약연결재무정보

**(단위: 원)**

| 구 분                       | 제112기 (2021년 12월말) | 제111기 (2020년 12월말) | 제110기 (2019년 12월말) |
| --------------------------- | ----------------------- | ----------------------- | ----------------------- |
| **[유동자산]**              | 2,348,223,000,000       | 2,538,547,000,000       | 2,322,199,000,000       |
| **[비유동자산]**            | 6,645,706,000,000       | 7,104,952,000,000       | 6,787,817,000,000       |
| **자산총계**                | 8,993,929,000,000       | 9,643,499,000,000       | 9,110,016,000,000       |
| **[유동부채]**              | 2,448,916,000,000       | 2,807,607,000,000       | 2,508,694,000,000       |
| **[비유동부채]**            | 2,528,655,000,000       | 2,795,950,000,000       | 2,946,077,000,000       |
| **부채총계**                | 4,977,571,000,000       | 5,603,557,000,000       | 5,454,771,000,000       |
| **[지배기업의 소유주지분]** | 3,565,470,000,000       | 3,338,147,000,000       | 2,991,754,000,000       |
| **자본금**                  | 114,062,000,000         | 114,062,000,000         | 114,062,000,000         |
| **이익잉여금**              | 747,681,000,000         | 718,060,000,000         | 612,148,000,000         |
| **[비지배지분]**            | 450,888,000,000         | 701,795,000,000         | 663,491,000,000         |
| **자본총계**                | 4,016,358,000,000       | 4,039,942,000,000       | 3,655,245,000,000       |

| 2021.01.01~2021.12.31     | 2020.01.01~2020.12.31     | 2019.01.01~2019.12.31     |
| ------------------------- | ------------------------- | ------------------------- |
| **매출액**                | 11,343,652,000,000      | 10,781,127,000,000      | 10,415,109,000,000      |
| **영업이익**              | 343,881,000,000         | 325,338,000,000         | 307,186,000,000         |
| **당기순이익**            | 158,280,000,000         | 142,623,000,000         | 50,890,000,000          |
| **기본주당이익**          | 1,841                   | 5,683                   | 1,349                   |
| **총포괄이익**            | 360,962,000,000         | 93,419,000,000          | 59,957,000,000          |
| **연결에 포함된 회사수**  | 114                     | 133                     | 133                     |

#### 나. 요약재무정보

**(단위: 원)**

| 구 분                       | 제112기 (2021년 12월말) | 제111기 (2020년 12월말) | 제110기 (2019년 12월말) |
| --------------------------- | ----------------------- | ----------------------- | ----------------------- |
| **자산총계**                | 7,089,102,000,000       | 7,220,688,000,000       | 6,664,693,000,000       |
| **부채총계**                | 3,672,298,000,000       | 3,954,846,000,000       | 3,751,154,000,000       |
| **자본총계**                | 3,416,804,000,000       | 3,265,842,000,000       | 2,913,539,000,000       |

| 2021.01.01~2021.12.31     | 2020.01.01~2020.12.31     | 2019.01.01~2019.12.31     |
| ------------------------- | ------------------------- | ------------------------- |
| **매출액**                | 7,728,647,000,000       | 6,936,120,000,000       | 6,596,274,000,000       |
| **영업이익**              | 257,667,000,000         | 218,742,000,000         | 176,086,000,000         |
| **당기순이익(손실)**      | 93,782,000,000          | 95,549,000,000          | (4,915,000,000)         |
| **기본주당이익(손실)**    | 3,798                   | 4,195                   | (1,110)                 |
| **총포괄이익(손실)**      | 168,994,000,000         | 105,911,000,000         | (10,310,000,000)        |