서울반도체 / 2022.03.22 사업보고서
1. 요약재무정보
가. 요약 연결 재무정보
(단위 : 원)
과 목
제35기(2021)
제34기(2020)
제33기(2019)
[유동자산]
729,650,947,465
648,230,665,135
619,087,459,916
·현금및현금성자산
86,004,905,754
34,805,941,892
44,448,987,452
·단기금융상품
2,348,500,000
100,000,000
3,100,000,000
·매출채권및기타채권
417,219,301,951
408,437,563,444
386,112,800,865
·재고자산
209,830,279,053
149,958,776,918
154,333,797,356
·당기손익-공정가치측정 금융 자산
5,457,754,683
45,305,603,952
24,857,631,210
·기타포괄손익-공정가치측정 금융자산
-
-
3,068,400,000
·기타금융자산
-
-
400,000,000
·기타유동자산
8,590,716,693
5,902,068,618
2,765,843,033
·당기법인세자산
199,489,331
3,720,710,311
-
[비유동자산]
783,403,715,071
681,927,290,509
703,048,936,254
·장기금융상품
1,000,000,000
1,000,000,000
1,500,000,000
·당기손익-공정가치측정 금융 자산
14,397,613,536
16,521,496,080
2,142,702,200
·유형자산
673,974,007,903
579,849,238,584
600,059,908,840
·투자부동산
35,282,898
36,281,750
3,690,061,984
·무형자산
40,051,043,217
39,154,459,351
45,767,271,450
·관계기업및공동기업투자
1,770,090,367
1,685,964,015
1,752,015,151
·기타금융자산
1,357,036,896
1,337,405,544
1,673,396,987
·기타비유동자산
26,339,970,082
20,414,269,489
20,949,309,053
·이연법인세자산
24,478,670,172
21,928,175,696
25,514,270,589
자 산 총 계
1,513,054,662,536
1,330,157,955,644
1,322,136,396,170
[유동부채]
458,843,569,301
503,499,611,243
472,808,003,428
[비유동부채]
202,137,550,614
35,894,957,347
103,632,635,742
부 채 총 계
660,981,119,915
539,394,568,590
576,440,639,170
[지배기업 소유주지분]
729,706,055,676
683,793,948,949
661,129,182,023
·자본금
29,152,700,000
29,152,700,000
29,152,700,000
·기타불입자본
319,859,247,286
324,796,863,767
323,255,725,361
·기타자본구성요소
(35,309,679,986)
(46,890,016,404)
(59,124,415,628)
·이익잉여금
416,003,788,376
376,734,401,586
367,845,172,290
[비지배지분]
122,367,486,945
106,969,438,105
84,566,574,977
자 본 총 계
852,073,542,621
790,763,387,054
745,695,757,000
2021.1.1
~2021.12.31
2020.1.1
~2020.12.31
2019.1.1
~2019.12.31
매출액
1,301,040,816,362
1,153,051,365,589
1,129,902,381,988
영업이익
63,212,273,964
59,655,030,864
49,538,699,124
법인세차감전순이익
75,827,384,334
35,713,024,458
47,711,221,678
당기순이익
61,502,200,763
29,027,319,922
35,836,881,477
당기포괄이익
85,040,823,868
23,155,542,198
37,360,627,821
기본주당순이익
878
310
601
희석주당순이익
878
310
601
연결에 포함된 회사 수
11
9
9
* 한국채택국제회계기준 작성기준에 따라 작성되었습니다.
* 연결에 포함된 회사 수는 당사를 제외한 종속회사의 개수입니다.
나. 요약 별도 재무정보
(단위 : 원)
과 목
제35기(2021)
제34기(2020)
제33기(2019)
[유동자산]
475,438,498,115
503,293,056,195
520,095,878,151
·현금및현금성자산
57,907,983,927
24,525,632,462
23,154,404,568
·단기금융상품
386,000,000
100,000,000
3,100,000,000
·매출채권및기타채권
323,276,906,372
318,254,033,295
293,485,882,401
·재고자산
88,565,723,685
74,489,583,415
82,422,519,277
·당기손익-공정가치측정 금융자산
3,666,424,800
45,305,603,952
24,857,631,210
·기타포괄손익-공정가치측정 금융자산
-
-
3,068,400,000
·기타금융자산
-
35,909,583,616
32,703,520,000
·기타유동자산
1,635,459,331
1,310,415,699
57,303,520,695
·당기법인세자산
-
3,398,203,756
-
[비유동자산]
541,449,170,606
503,016,276,613
524,197,012,095
·매출채권및기타채권
29,205,234,030
34,484,605,796
44,222,539,465
·장기금융상품
1,000,000,000
1,000,000,000
1,500,000,000
·당기손익-공정가치측정 금융자산
13,997,613,536
16,121,496,080
2,133,702,200
·유형자산
116,297,313,583
123,209,029,673
136,874,196,136
·투자부동산
12,888,716,670
13,253,593,994
17,273,168,605
·무형자산
14,597,048,526
16,150,155,450
20,270,201,283
·종속기업투자
289,145,594,939
269,774,456,299
264,624,013,621
·관계기업및공동기업투자
997,796,747
997,796,747
997,796,747
·기타금융자산
36,763,615,405
319,726,189
444,000,275
·기타비유동자산
8,837,630,575
11,921,818,595
12,970,782,408
·이연법인세자산
17,718,606,595
15,783,597,790
22,886,611,355
자 산 총 계
1,016,887,668,721
1,006,309,332,808
1,044,292,890,246
[유동부채]
240,299,971,779
259,356,869,772
301,816,861,345
[비유동부채]
10,393,633,736
8,053,887,326
11,539,600,413
부 채 총 계
250,693,605,515
267,410,757,098
313,356,461,758
[자본금]
29,152,700,000
29,152,700,000
29,152,700,000
[기타불입자본]
359,792,362,683
359,740,078,970
359,714,360,749
[기타자본구성요소]
(32,862,605,216)
(26,031,731,957)
(13,504,376,444)
[이익잉여금]
410,111,605,739
376,037,528,697
355,573,744,183
자 본 총 계
766,194,063,206
738,898,575,710
730,936,428,488
2021.1.1
~2021.12.31
2020.1.1
~2020.12.31
2019.1.1
~2019.12.31
종속,관계,공동기업 투자주식의 평가방법
원가법
원가법
원가법
매출액
1,109,723,372,670
993,090,756,160
976,702,742,150
영업이익
43,836,579,753
28,260,906,323
43,807,571,504
법인세차감전순이익
59,057,570,571
37,995,735,533
36,353,293,307
당기순이익
44,458,380,181
29,338,281,639
27,251,828,206
기본 주당순이익
786
512
475
희석 주당순이익
786
512
475