인천도시가스 / 2022.03.10 사업보고서
1. 요약재무정보
1. 요약 연결 재무정보
(단위 : 원)
구분
제 39 기
제 38 기
제 37 기
[유형자산]
176,607,000,000
176,165,000,000
173,635,000,000
[무형자산]
1,406,000,000
1,191,000,000
2,565,000,000
[사용권자산]
14,343,000,000
14,194,000,000
16,764,000,000
[매출채권 및 기타유동채권]
106,015,000,000
98,012,000,000
110,556,000,000
[현금 및 현금성자산]
50,573,000,000
43,256,000,000
54,490,000,000
자산총계
360,581,000,000
340,212,000,000
365,312,000,000
[납입자본]
36,303,000,000
36,303,000,000
36,303,000,000
[이익잉여금]
148,455,000,000
148,785,000,000
141,986,000,000
자본총계
191,398,000,000
191,671,000,000
184,966,000,000
[비유동부채]
81,934,000,000
89,887,000,000
87,508,000,000
[유동부채]
87,249,000,000
58,654,000,000
92,838,000,000
부채총계
169,183,000,000
148,541,000,000
180,346,000,000
기간
(2021.1.1~ 2021.12.31)
(2020.1.1~ 2020.12.31)
(2019.1.1~ 2019.12.31)
[매출액]
504,206,000,000
504,492,000,000
573,464,000,000
[영업이익]
3,200,000,000
10,772,000,000
11,958,000,000
[당기순이익]
3,713,000,000
11,385,000,000
10,708,000,000
[주당이익] : 단위(원)
901
2,762
2,598