노루페인트 / 2022.03.17 사업보고서
1. 요약재무정보
1) 요약연결재무정보
가. 요약연결재무정보
(단위 : 원)
과목
제 16 기
제 15 기
제 14 기
[유동자산]
303,768,290,000,000
302,997,190,000,000
263,742,589,000,000
현금및현금성자산
56,954,929,000,000
62,474,302,000,000
26,513,010,000,000
매출채권
155,296,722,000,000
151,076,847,000,000
145,172,424,000,000
재고자산
77,856,029,000,000
78,142,777,000,000
69,994,145,000,000
자산총계
670,646,934,000,000
666,659,131,000,000
627,342,505,000,000
[유동부채]
209,944,463,000,000
254,383,265,000,000
194,853,854,000,000
[비유동부채]
115,711,032,000,000
78,413,710,000,000
110,120,040,000,000
부채총계
325,655,495,000,000
332,796,975,000,000
304,973,894,000,000
자본금
10,231,563,000,000
10,231,563,000,000
10,231,563,000,000
이익잉여금
229,004,587,000,000
220,228,211,000,000
207,461,188,000,000
자본총계
344,991,439,000,000
333,862,156,000,000
322,368,611,000,000
(2021.01.01~2021.12.31)
(2020.01.01~2020.12.31)
(2019.01.01~2019.12.31)
매출액
730,931,676,000,000
642,935,197,000,000
647,452,120,000,000
영업이익
25,525,165,000,000
32,297,043,000,000
29,162,610,000,000
당기순이익
14,445,731,000,000
17,981,479,000,000
18,899,753,000,000
총포괄손익
16,758,958,000,000
17,123,220,000,000
19,728,061,000,000
보통주 기본및희석주당이익(단위: 원)
706
879
923
연결에 포함된 회사 수
7
7
7
※ 한국채택국제회계기준 작성기준에 따라 작성되었습니다.