태양 / 2022.03.08 사업보고서
1. 요약재무정보
가. 연결요약재무정보
(단위 : 원)
구분
제33기
제32기
제31기
[유동자산]
91,527,900,544
81,455,439,157
71,052,947,384
ㆍ당좌자산
75,888,652,887
73,879,624,170
64,010,602,581
ㆍ재고자산
15,639,247,657
7,575,814,987
7,042,344,803
[비유동자산]
119,938,494,595
120,467,709,363
116,627,346,436
ㆍ투자자산
41,911,963,497
41,518,585,761
42,522,573,703
ㆍ유형자산
77,483,046,171
78,490,754,331
73,776,005,396
ㆍ무형자산
316,596,573
297,155,917
304,533,983
ㆍ기타비유동자산
226,888,354
161,213,354
24,233,354
자산총계
211,466,395,139
201,923,148,520
187,680,293,820
[유동부채]
34,427,285,502
28,490,145,539
20,583,412,542
[비유동부채]
8,595,379,513
9,335,504,178
8,554,736,282
부채총계
43,022,665,015
37,825,649,717
29,138,148,824
[지배기업소유주지분]
168,443,730,124
164,097,498,803
158,542,144,996
ㆍ자본금
4,300,000,000
4,300,000,000
4,300,000,000
ㆍ자본잉여금
9,894,081,296
9,894,081,296
9,894,081,296
ㆍ기타자본
-2,111,568,725
-2,111,568,725
-2,111,568,725
ㆍ기타포괄손익누계액
-1,728,756,619
-2,463,432,293
-2,203,244,141
ㆍ이익잉여금
158,089,974,172
154,478,418,525
148,662,876,566
[비지배지분]
-
-
-
자본총계
168,443,730,124
164,097,498,803
158,542,144,996
종속·관계·공동기업 투자주식의 평가방법
지분법
지분법
지분법
매출액
150,034,798,924
141,506,846,210
141,821,713,928
영업이익
2,524,636,728
9,263,868,365
7,048,199,308
당기순이익
4,805,710,297
7,009,696,609
7,366,772,654
ㆍ지배기업소유주지분
4,805,710,297
7,009,696,609
7,366,772,654
ㆍ비지배지분
-
-
-
주당순이익(원)
604
881
925
연결에 포함된 회사 수
1개
1개
1개
나. 요약재무정보
(단위 : 원)
구분
제33기
제32기
제31기
[유동자산]
91,081,511,220
81,151,729,484
70,982,287,386
ㆍ당좌자산
75,442,263,563
73,575,914,497
63,939,942,583
ㆍ재고자산
15,639,247,657
7,575,814,987
7,042,344,803
[비유동자산]
110,858,758,655
111,810,734,749
107,760,778,350
ㆍ투자자산
32,839,021,196
32,867,846,051
33,662,640,517
ㆍ유형자산
77,476,252,532
78,484,519,427
73,769,370,496
ㆍ무형자산
316,596,573
297,155,917
304,533,983
ㆍ기타비유동자산
226,888,354
161,213,354
24,233,354
자산총계
201,940,269,875
192,962,464,233
178,743,065,736
[유동부채]
34,465,028,689
28,621,889,511
20,941,655,954
[비유동부채]
6,761,918,927
7,603,709,699
6,770,539,456
부채총계
41,226,947,616
36,225,599,210
27,712,195,410
[자본금]
4,300,000,000
4,300,000,000
4,300,000,000
[자본잉여금]
9,894,081,296
9,894,081,296
9,894,081,296
[기타자본]
-2,111,568,725
-2,111,568,725
-2,111,568,725
[기타포괄손익누계액]
-2,069,028,000
-2,387,613,749
-2,128,437,244
[이익잉여금]
150,699,837,688
147,041,966,201
141,076,794,999
자본총계
160,713,322,259
156,736,865,023
151,030,870,326
매출액
149,806,554,981
141,028,441,628
141,559,128,085
영업이익
2,504,966,209
9,226,143,392
7,040,482,135
당기순이익
4,852,026,137
7,159,325,852
7,254,136,169
주당순이익(원)
609
899
911