25. 11. 13. 오후 12:13
삼정펄프 / 2022.03.23 사업보고서
삼정펄프/사업보고서/2022.03.23
1. 요약재무정보
요약재무정보
(단위 : 천원)
구 분
제 48기
제 47기
제 46기
2021년 12월말
2020년 12월말
2019년 12월말
[유동자산]
138,564,899
134,604,946
106,460,682
ㆍ현금및현금성자산
20,322,932
19,107,428
10,955,861
ㆍ단기금융상품
26,192,545
31,160,600
24,995,718
ㆍ당기손익공정가치측정금융상품
49,439,127
44,181,572
33,764,644
ㆍ매출채권및기타유동채권
17,208,495
15,901,293
16,019,488
ㆍ재고자산
22,305,714
17,439,385
13,552,250
ㆍ유동상각후원가측정금융상품
3,000,000
6,700,000
7,097,000
ㆍ기타유동자산
96,085
114,668
75,721
ㆍ당기법인세자산
-
-
-
[비유동자산]
100,848,330
98,175,567
99,822,825
ㆍ장기금융상품
4,000
4,000
4,500
ㆍ비유동당기손익공정가치측정금융상품
65,178,148
60,830,321
47,259,683
ㆍ비유동상각후원가측정금융상품
-
-
-
ㆍ장기매출채권및기타비유동채권
868,896
382,401
611,448
ㆍ유형자산
33,246,392
35,477,680
37,088,847
ㆍ사용권자산
948,609
1,014,541
290,196
ㆍ무형자산
602,284
466,624
470,837
ㆍ관계기업투자자산
-
-
14,097,315
자산총계
239,413,229
232,780,513
206,283,506
[유동부채]
20,899,896
16,521,598
19,558,127
[비유동부채]
2,393,721
5,285,269
2,100,098
부채총계
23,293,618
21,806,867
21,658,225
[자본금]
12,499,855
12,499,855
12,499,855
[주식발행초과금]
21,422,580
21,422,580
21,422,580
[이익잉여금]
181,826,704
177,070,071
150,332,375
[기타포괄손익누계액]
-
(389,331)
-
[기타자본항목]
370,471
370,471
370,471
자본총계
216,119,611
210,973,646
184,625,281
구 분
2021.01.01~ 2021.12.31
2020.01.01~ 2020.12.31
2019.01.01~ 2019.12.31
매출액
138,137,181
146,331,017
147,064,265
영업이익
1,344,598
13,559,838
6,702,264
당기순이익
7,614,075
26,856,456
4,670,509
총포괄손익
7,256,604
26,348,365
4,279,326
주당순이익(단위:원)
3,046
10,743
1,868
https://dart.fss.or.kr/dsaf001/main.do?rcpNo=20220323001311
1/1