엘브이엠씨 / 2022.04.26 사업보고서
1. 요약재무정보
가. 요약연결재무정보
(단위 : 원)
구분
2021년 12월말
2020년 12월말
2019년 12월말
[유동자산]
239,948,276,997
323,707,946,730
327,308,331,225
ㆍ현금및현금성자산
21,283,108,093
34,673,490,502
11,608,042,575
ㆍ매출채권
25,978,741,596
70,905,770,084
109,981,674,650
ㆍ기타유동자산
192,686,427,308
188,128,686,144
195,718,613,000
[비유동자산]
421,586,766,980
342,335,622,735
350,543,274,700
ㆍ장기매출채권
41,907,890,862
79,941,374,672
111,937,440,100
ㆍ유형자산
81,160,020,560
75,375,909,064
96,920,474,900
ㆍ기타비유동자산
298,518,855,558
187,018,339,000
141,685,359,700
자산총계
661,535,044,977
666,043,569,470
677,851,605,925
[유동부채]
207,408,172,068
228,590,850,880
279,748,000,000
[비유동부채]
20,941,011,470
54,963,460,800
72,518,800,000
부채총계
228,349,183,538
283,554,311,680
352,266,800,000
[지배기업의 소유주에게 귀속되는 자본]
424,011,333,439
357,723,980,000
317,605,880,000
[비지배지분]
8,174,528,000
2,765,277,800
7,980,700,000
자본총계
432,185,861,439
360,489,257,800
325,586,580,000
2021년 1월~12월
2020년 1월~12월
2019년 1월~12월
매출액
204,472,188,305
273,555,490,000
362,376,500,000
영업이익(영업손실)
(14,553,434,000)
647,699,000
2,954,200,000
당기순이익(당기순손실)
(19,557,830,000)
(24,463,100,000)
(55,448,800,000)
총포괄이익(손실)
(21,974,500,000)
(30,937,600,000)
(74,270,000,000)
지배기업의 소유지분에 대한 주당이익(손실)(원)
(172)
(413)
(1,049)