메가스터디 / 2022.10.14 [정정] 사업보고서
1. 요약재무정보
가. 요약연결재무정보
(단위 : 원)
구분
제22기
제21기
제20기
2021년 12월말
2020년 12월말
2019년 12월말
[유동자산]
176,320,894,907
167,466,262,618
147,367,157,984
현금및현금성자산
113,901,306,511
107,062,671,626
61,596,714,429
매출채권
9,998,078,760
11,465,002,650
15,555,202,586
재고자산
1,305,140,671
2,855,523,186
3,211,356,072
[비유동자산]
244,047,062,719
235,333,359,289
232,187,054,150
자산총계
420,367,957,626
402,799,621,907
379,554,212,134
[유동부채]
62,299,657,134
57,870,693,295
64,652,723,256
[비유동부채]
24,917,153,023
29,781,731,289
17,275,590,042
부채총계
87,216,810,157
87,652,424,584
81,928,313,298
[자본금]
5,960,479,500
5,960,479,500
5,960,479,500
[이익잉여금]
296,115,959,675
277,600,517,261
261,925,380,019
[비지배지분]
33,828,195,595
32,152,036,357
31,011,724,463
자본총계
333,151,147,469
315,147,197,323
297,625,898,836
2021년 1월~12월
2020년 1월~12월
2019년 1월~12월
수익(매출액)
133,624,054,633
132,954,109,369
140,193,511,461
영업이익(손실)
15,896,886,462
10,867,486,346
2,310,618,399
당기순이익(손실)
29,801,075,767
22,399,945,981
11,417,830,268
기본 및 희석주당이익
2,145
1,786
1,069
연결에 포함된 회사수
9개
10개
13개