KG에코솔루션 / 2022.03.17 사업보고서
1. 요약재무정보
가. 연결 요약재무정보
(단위 : 원)
사업연도
구분
제23기
제22기
제21기
(2021년 12월말)
(2020년 12월말)
(2019년 12월말)
[유동자산]
1,171,196,752,000,000
693,800,270,000,000
51,820,669,000,000
[비유동자산]
1,896,266,629,000,000
1,864,571,605,000,000
381,388,703,000,000
자산총계
3,067,463,382,000,000
2,558,371,875,000,000
433,209,372,000,000
[유동부채]
942,569,422,000,000
555,791,458,000,000
89,936,664,000,000
[비유동부채]
888,987,811,000,000
952,445,371,000,000
100,879,690,000,000
부채총계
1,831,557,233,000,000
1,508,236,829,000,000
190,816,354,000,000
[자본금]
20,051,860,000,000
20,051,860,000,000
20,051,860,000,000
[이익잉여금]
253,694,657,000,000
205,284,311,000,000
179,479,186,000,000
[비지배지분]
916,885,234,000,000
782,015,999,000,000
-
자본총계
1,235,906,148,000,000
1,050,135,047,000,000
242,393,018,000,000
종속.관계.공동기업 투자주식의 평가방법
원가법
지분법
원가법
지분법
원가법
지분법
(2021.01.01.~ 2021.12.31.)
(2020.01.01.~ 2020.12.31.)
( 2019.01.01~ 2019.12.31 )
매출액
3,536,889,858,000,000
153,866,930,000,000
160,879,256,000,000
영업이익(영업손실)
325,596,666,000,000
19,057,665,000,000
15,879,854,000,000
당기순이익(당기순손실)
192,610,285,000,000
26,670,326,000,000
97,780,148,000,000
주당순이익(주당순손실)
1,389
768
2,789
※ 상기 재무정보는 주주총회 승인전 재무제표이며, 향후 정기주주총회에서 재무제 표 승인 관련 안건이 부결되거나 수정이 발생한 경우 정정보고서를 통해 그 내용 및 사유 등을 반영할 예정입니다.