에어부산 / 2022.03.23 사업보고서
1. 요약재무정보
(단위 : 원)
과목
2021년
2020년
2019년
(제15기)
(제14기)
(제13기)
[유동자산]
76,091,000,000
83,878,000,000
112,510,000,000
[비유동자산]
933,646,000,000
950,612,000,000
873,266,000,000
자산총계
1,009,737,000,000
1,034,491,000,000
985,776,000,000
[유동부채]
243,212,000,000
288,479,000,000
271,788,000,000
[비유동부채]
635,994,000,000
635,745,000,000
605,879,000,000
부채총계
879,206,000,000
924,224,000,000
877,667,000,000
[자본금]
193,920,000,000
82,070,000,000
52,070,000,000
[이익잉여금(결손금)]
△338,152,000,000
△72,717,000,000
58,013,000,000
자본총계
130,532,000,000
110,267,000,000
108,109,000,000
2021년 1월~12월
2020년 1월~12월
2019년 1월~12월
매출액
176,502,000,000
189,918,000,000
633,183,000,000
영업이익(영업손실)
△203,964,000,000
△188,685,000,000
△37,843,000,000
당기순이익(당기순손실)
△265,961,000,000
△128,472,000,000
△72,910,000,000
기타주당순이익(손실)
△2,414
△2,408
△1,403