티웨이항공 / 2022.03.23 사업보고서
1. 요약재무정보
1. 요약연결재무정보
(단위: 원)
구분
2021년
2020년
2019년
제19기
제18기
제17기
회계처리기준
K-IFRS
K-IFRS
K-IFRS
감사인(감사의견)
대성삼경(적정)
대성삼경(적정)
대성삼경(적정)
[유동자산]
105,237,000,000
122,481,000,000
258,938,000,000
[비유동자산]
629,810,000,000
583,308,000,000
548,820,000,000
자산총계
735,048,000,000
705,789,000,000
807,758,000,000
[유동부채]
247,979,000,000
181,952,000,000
261,000,000,000
[비유동부채]
439,727,000,000
406,852,000,000
357,879,000,000
부채총계
687,706,000,000
588,803,000,000
618,879,000,000
[자본금]
71,089,000,000
55,165,000,000
23,487,000,000
[자본잉여금]
248,264,000,000
184,269,000,000
177,515,000,000
[이익잉여금(결손금)]
(274,371,000,000)
(124,198,000,000)
(14,124,000,000)
자본총계
47,341,000,000
116,986,000,000
188,880,000,000
매출액
214,395,000,000
269,218,000,000
810,450,000,000
영업이익(손실)
(148,327,000,000)
(174,310,000,000)
(19,243,000,000)
당기순이익(손실)
(156,244,000,000)
(137,871,000,000)
(43,210,000,000)
총포괄손익
(150,173,000,000)
(137,665,000,000)
(46,103,000,000)
기본주당순이익(주당순손실)
(1,424)
(2,181)
(921)
주1) 연결재무제표의 연결에 포함된 회사의 내역은 다음과 같습니다.
사업연도
연결에
포함된 회사명
전기대비 연결에 추가된 회사명
전기대비 연결에서 제외된 회사명
2021연도(제19기)
㈜티웨이에어서비스
-
-