로보로보 / 2022.03.18 사업보고서
1. 요약재무정보
가. 요약연결재무정보
(단위 : 원)
제7기
제6기
제5기
(2021년 12월말)
(2020년 12월말)
(2019년 12월말)
[유동자산]
17,454,709,000,000
15,066,153,000,000
15,550,813,000,000
현금및현금성자산
4,195,438,000,000
588,903,000,000
580,900,000,000
[비유동자산]
13,883,890,000,000
9,808,228,000,000
11,647,365,000,000
자산총계
31,338,599,000,000
24,874,381,000,000
27,198,177,000,000
[유동부채]
909,964,000,000
1,278,236,000,000
1,989,416,000,000
[비유동부채]
117,600,000,000
163,554,000,000
583,625,000,000
부채총계
1,027,564,000,000
1,441,790,000,000
2,573,041,000,000
[자본금]
2,034,845,000,000
1,779,845,000,000
1,779,845,000,000
[이익잉여금]
8,189,091,000,000
9,508,593,000,000
12,785,200,000,000
자본총계
30,311,035,000,000
23,432,591,000,000
24,625,136,000,000
관계기업 투자주식의 평가방법
지분법
지분법
지분법
(2021.1.1~
2021.12.31)
(2020.1.1~
2020.12.31)
(2019.1.1~
2019.12.31)
매출액
7,619,903,000,000
4,842,599,000,000
13,231,638,000,000
영업이익(영업손실)
(1,523,724,000,000)
(2,558,792,000,000)
221,207,000,000
당기순이익(당기순손실)
(1,308,524,000,000)
(3,051,953,000,000)
1,088,824,000,000
지배회사지분순이익(손실)
(1,319,503,000,000)
(3,051,222,000,000)
1,090,473,000,000
기본주당순이익(손실)(단위:원)
(70)
(173)
63
희석주당순이익(손실)(단위:원)
(70)
(173)
63
연결에 포함된 회사수
4
2
3
[( )는 음(-)의 수치임]
(*) 상기 연결재무제표는 주주총회 승인전 연결재무제표 입니다. 향후 정기주주총회에서 연결재무 제표 승인 관련 안건이 부결되거나 수정이 발생한 경우 정정보고서를 통해 그 내용 및 사유 등을 반영할 예정입니다.