한국철강 / 2022.04.12 [정정] 사업보고서
1. 요약재무정보
(단위 : 원)
구분
제14기
제13기
제12기
2021년 12월말
2020년 12월말
2019년 12월말
[유동자산]
612,203,000,000
576,286,000,000
572,351,000,000
ㆍ현금및현금성자산
7,461,000,000
68,349,000,000
102,664,000,000
[비유동자산]
296,504,000,000
292,489,000,000
300,865,000,000
자산총계
908,707,000,000
868,775,000,000
873,216,000,000
[유동부채]
166,234,000,000
154,935,000,000
128,776,000,000
[비유동부채]
20,285,000,000
17,009,000,000
19,504,000,000
부채총계
186,519,000,000
171,944,000,000
148,280,000,000
[자본금]
46,050,000,000
46,050,000,000
46,050,000,000
[이익잉여금]
185,832,000,000
106,021,000,000
125,974,000,000
자본총계
722,188,000,000
696,831,000,000
724,936,000,000
종속·관계·공동기업 투자주식의 평가방법
지분법
지분법
지분법
(2021.1.1~ 2021.12.31)
(2020.1.1~ 2020.12.31)
(2019.1.1~ 2019.12.31)
매출액
886,650,000,000
633,382,000,000
719,102,000,000
영업이익
103,287,000,000
35,114,000,000
12,213,000,000
당기순이익(손실)
97,252,000,000
(8,461,000,000)
19,084,000,000
기본주당순이익 (원)
2,435
(184)
415
※ 한국채택국제회계기준(K-IFRS)에 따라 작성되었습니다.