삼륭물산 / 2022.07.20 [정정] 사업보고서
1. 요약재무정보
요약재무정보(연결)
(단위: 원)
구분
제42기 기말
제41기 기말
제40기 기말
비고
[유동자산]
45,302,000,000
46,123,000,000
45,958,000,000
[비유동자산]
69,677,000,000
69,969,000,000
79,636,000,000
자산총계
114,979,000,000
116,093,000,000
125,594,000,000
[유동부채]
40,055,000,000
31,946,000,000
47,134,000,000
[비유동부채]
12,043,000,000
19,049,000,000
6,919,000,000
부채총계
52,098,000,000
50,996,000,000
54,053,000,000
[자본금]
7,563,000,000
7,563,000,000
7,563,000,000
[이익잉여금]
49,706,000,000
51,912,000,000
58,343,000,000
[비지배지분]
(409,000,000)
(398,000,000)
(386,000,000)
자본총계
62,881,000,000
65,097,000,000
71,541,000,000
매출액
87,693,000,000
86,906,000,000
88,705,000,000
영업이익
914,000,000
1,999,000,000
1,567,000,000
당기순이익
(1,257,000,000)
(5,503,000,000)
581,000,000
주당순이익(원)
(82)
(363)
40