빅텍 / 2022.03.15 사업보고서
1. 요약재무정보
(단위 : 원)
구분
제 26 기
제 25 기
제 24 기
(2021년말)
(2020년말)
(2019년말)
[유동자산]
54,998,000,000
75,168,000,000
58,508,000,000
ㆍ현금및현금성자산
3,190,000,000
4,318,000,000
13,592,000,000
[비유동자산]
37,870,000,000
37,566,000,000
35,110,000,000
자산총계
92,868,000,000
112,734,000,000
93,618,000,000
[유동부채]
28,704,000,000
53,670,000,000
46,806,000,000
[비유동부채]
5,871,000,000
6,806,000,000
6,723,000,000
부채총계
34,575,000,000
60,476,000,000
53,529,000,000
[자본금]
5,731,000,000
5,731,000,000
5,274,000,000
[이익잉여금]
26,052,000,000
20,643,000,000
18,070,000,000
자본총계
58,293,000,000
52,258,000,000
40,089,000,000
(2021.01.01~2021.12.31)
(2020.1.1~2020.12.31)
(2019.1.1~2019.12.31)
매출액
102,466,000,000
67,287,000,000
48,979,000,000
영업이익(손실)
7,133,000,000
3,162,000,000
2,610,000,000
당기순이익(손실)
5,264,000,000
2,948,000,000
1,980,000,000
주당순이익(손실)(원)
184
106
77
[Δ는 부(-)의 수치임]
※ 상기 요약재무정보는 주식회사의 외부감사에 관한 법률에 따라 제정된 한국채택 국제회계기준 에 따라 작성되었습니다.