GS / 2022.03.18 사업보고서
1. 요약재무정보
1. 요약연결재무정보
(단위 : 원)
구분
제18 기
(2021년 12월말)
제17 기
(2020년 12월말)
제16 기
(2019년 12월말)
[유동자산]
5,388,853,000,000
3,436,836,000,000
3,117,465,000,000
[비유동자산]
25,802,434,000,000
21,040,007,000,000
21,616,621,000,000
자산총계
31,191,287,000,000
24,476,843,000,000
24,734,086,000,000
[유동부채]
5,501,784,000,000
3,997,764,000,000
4,789,648,000,000
[비유동부채]
11,486,559,000,000
9,722,534,000,000
8,928,635,000,000
부채총계
16,988,343,000,000
13,720,298,000,000
13,718,283,000,000
[자본금]
473,501,000,000
473,501,000,000
473,501,000,000
[이익잉여금]
11,131,297,000,000
9,834,844,000,000
10,282,946,000,000
[비지배주주지분]
3,914,381,000,000
2,402,795,000,000
2,127,325,000,000
자본총계
14,202,944,000,000
10,756,545,000,000
11,015,803,000,000
(2021.01.01~ 2021.12.31)
(2020.01.01~ 2020.12.31)
(2019.01.01~ 2019.12.31)
매출액
20,240,085,000,000
15,444,214,000,000
17,786,063,000,000
영업이익(손실)
2,640,272,000,000
920,569,000,000
2,033,142,000,000
당기순이익(손실)
1,614,682,000,000
(187,776,000,000)
668,945,000,000
지배주주지분순이익(손실)
1,448,999,000,000
(242,685,000,000)
543,971,000,000
비지배주주지분순이익(손실)
165,683,000,000
54,909,000,000
124,974,000,000
기본주당순이익(손실)
15,304
(2,564)
5,745
연결에 포함된 회사수
61
54
52