한국가스공사 / 2022.03.25 [정정] 사업보고서
1. 요약재무정보
가. 요약연결재무정보
(단위 : 원)
계정과목
제 39 기
제 38 기
제 37 기
(2021년)
(2020년)
(2019년)
[자 산]
43,669,902,000,000
35,909,774,000,000
39,311,855,000,000
Ⅰ. 유동자산
13,147,738,000,000
7,527,879,000,000
9,232,764,000,000
ㆍ현금 및 현금성자산
564,523,000,000
331,761,000,000
257,101,000,000
ㆍ매출채권 및 기타채권
6,979,471,000,000
4,244,755,000,000
5,136,754,000,000
ㆍ재고자산
3,582,845,000,000
1,390,283,000,000
2,645,254,000,000
Ⅱ. 비유동자산
30,522,164,000,000
28,381,895,000,000
30,079,091,000,000
ㆍ유형자산
23,580,754,000,000
23,134,144,000,000
24,377,428,000,000
ㆍ관계기업 및 공동기업 투자지분
1,720,112,000,000
1,522,733,000,000
1,717,164,000,000
[부 채]
34,550,566,000,000
28,174,619,000,000
31,165,334,000,000
Ⅰ. 유동부채
14,021,663,000,000
7,212,818,000,000
8,900,543,000,000
Ⅱ. 비유동부채
20,528,903,000,000
20,961,801,000,000
22,264,791,000,000
[자 본]
9,119,336,000,000
7,735,155,000,000
8,146,521,000,000
Ⅰ. 납입자본
1,765,113,000,000
1,765,113,000,000
1,765,113,000,000
Ⅱ. 이익잉여금
6,185,268,000,000
5,190,804,000,000
5,397,707,000,000
ⅤI. 비지배지분
250,194,000,000
254,116,000,000
293,176,000,000
[부채와 자본총계]
43,669,902,000,000
35,909,774,000,000
39,311,855,000,000
구분
2021.01.01 ~ 2021.12.31
2020.01.01 ~ 2020.12.31
2019.01.01 ~ 2019.12.31
수익
27,520,756,000,000
20,833,722,000,000
24,982,640,000,000
영업이익
1,239,699,000,000
898,855,000,000
1,334,514,000,000
당기순이익(손실)
964,522,000,000
(160,683,000,000)
58,269,000,000
지배기업의 소유주에게 귀속되는 당기순이익(손실)
950,757,000,000
(172,060,000,000)
38,764,000,000
기본주당이익(원)
11,078
(1,989)
395
연결에 포함된 회사수
26개
26개
23개

나. 요약재무정보
(단위 : 원)
계정과목
제 39 기
제 38 기
제 37 기
(2021년)
(2020년)
(2019년)
[자 산]
41,031,612,000,000
34,147,454,000,000
37,259,514,000,000
Ⅰ. 유동자산
11,710,266,000,000
6,646,683,000,000
8,427,930,000,000
ㆍ현금 및 현금성자산
4,086,000,000
8,238,000,000
7,904,000,000
ㆍ매출채권 및 기타채권
6,354,153,000,000
3,871,956,000,000
4,775,735,000,000
ㆍ재고자산
3,508,133,000,000
1,325,584,000,000
2,587,655,000,000
Ⅱ. 비유동자산
29,321,346,000,000
27,500,771,000,000
28,831,584,000,000
ㆍ유형자산
17,989,700,000,000
18,479,984,000,000
19,179,372,000,000
ㆍ종속기업투자주식
2,654,944,000,000
2,203,547,000,000
2,461,113,000,000
[부 채]
33,606,011,000,000
27,588,713,000,000
30,555,313,000,000
Ⅰ. 유동부채
13,499,682,000,000
6,924,844,000,000
8,648,451,000,000
Ⅱ. 비유동부채
20,106,329,000,000
20,663,869,000,000
21,906,862,000,000
[자 본]
7,425,601,000,000
6,558,741,000,000
6,704,201,000,000
Ⅰ. 납입자본
1,765,113,000,000
1,765,113,000,000
1,765,113,000,000
Ⅱ. 이익잉여금
4,790,803,000,000
4,162,459,000,000
4,293,420,000,000
[부채와자본총계]
41,031,612,000,000
34,147,454,000,000
37,259,514,000,000
구분
2021.01.01 ~ 2021.12.31
2020.01.01 ~ 2020.12.31
2019.01.01 ~ 2019.12.31
수익(매출액)
26,156,772,000,000
20,004,187,000,000
23,903,847,000,000
영업이익
1,001,846,000,000
950,551,000,000
1,185,756,000,000
당기순이익(손실)
594,482,000,000
(93,602,000,000)
81,614,000,000
기본주당이익(원)
1,394
(1,082)
884