현대바이오 / 2022.08.16 [정정] 사업보고서
1. 요약재무정보
가.연결 요약재무정보
[단위 : 백만원]
구분
제22기
제21기
제20기
[유동자산]
34,851
41,860
33,269
ㆍ현금및현금성자산
9,189
19,215
5,555
ㆍ단기금융상품
13,010
0
1,500
ㆍ매출채권 및 기타금융자산
9,133
17,431
19,839
ㆍ재고자산
3,350
4,215
6,080
ㆍ기타유동자산
81
985
278
ㆍ당기법인세자산
88
14
17
[비유동자산]
45,677
51,881
30,951
ㆍ기타금융자산
392
320
793
ㆍ관계기업 및 종속기업 투자주식
4,930
4,875
2,959
ㆍ유형자산
6,073
6,674
7,196
ㆍ무형자산
33,664
39,395
19,409
ㆍ매각예정자산
618
618
594
자산총계
80,528
93,741
64,220
[유동부채]
16,652
8,968
13,947
[비유동부채]
2,305
32,435
2,516
부채총계
18,957
41,403
16,463
[자본금]
19,330
17,958
17,323
[주식발행초과금]
96,359
64,317
57,591
[결손금]
-90,132
-70,156
-61,853
[기타자본구성요소]
36,014
40,219
34,697
지배기업의 소유지분
61,571
52,338
46,990
비지배지분
0
0
0
자본총계
61,571
52,338
47,758
매출액
9,241
12,511
30,086
영업이익
-9,770
-4,540
2,555
법인세비용차감전계속영업이익(손실)
-19,808
-7,933
1,748
계속영업이익(손실)
-20,051
-8,260
1,569
중단영업이익(손실)
0
0
-448
당기순이익(손실)
-20,051
-8,260
1,121
지배기업의 소유주
-20,051
-8,260
1,121
비지배지분
0
0
0
기본주당순이익(원)
-543원
-230원
32원
연결에 포함된 회사수
4
4
4
나. 별도 요약재무정보
[단위 : 백만원]
구분
제22기
제21기
제20기
[유동자산]
34,476
41,545
33,280
ㆍ현금및현금성자산
9,012
19,077
5,498
ㆍ단기금융상품
13,010
0
1,500
ㆍ매출채권 및 기타금융자산
9,067
17,377
20,510
ㆍ재고자산
3,225
4,097
5,483
ㆍ기타유동자산
74
984
276
ㆍ당기법인세자산
88
10
12
[비유동자산]
40,441
48,755
29,206
ㆍ기타금융자산
340
317
790
ㆍ관계기업 및 종속기업 투자주식
487
2,369
1,811
ㆍ유형자산
5,950
6,674
7,196
ㆍ무형자산
33,664
39,395
19,409
자산총계
74,918
90,299
62,486
[유동부채]
16,416
8,928
13,882
[비유동부채]
703
31,078
1,481
부채총계
17,119
40,007
15,362
[자본금]
19,330
17,958
17,323
[주식발행초과금]
96,359
64,317
57,591
[결손금]
-96,211
-74,357
-64,610
[기타자본구성요소]
38,321
42,374
36,820
자본총계
57,799
50,293
47,123
종속·관계·공동기업 투자주식의 평가방법
원가법
원가법
원가법
매출액
9,035
12,363
24,918
영업이익
-9,408
-4,737
3,125
법인세비용차감전순이익
-21,930
-9,703
1,675
당기순이익
-21,930
-9,703
1,658
기본주당순이익(원)
-594원
-270원
48원