동양파일 / 2022.02.24 사업보고서
1. 요약재무정보
(단위 : 원)
구분
제9기
(2021년)
제8기
(2020년)
제7기
(2019년)
[유동자산]
65,901,000,000
62,349,000,000
65,086,000,000
현금및현금성자산
6,441,000,000
21,406,000,000
11,768,000,000
[비유동자산]
60,124,000,000
59,956,000,000
64,867,000,000
자산총계
126,025,000,000
122,305,000,000
129,953,000,000
[유동부채]
7,997,000,000
6,661,000,000
7,646,000,000
[비유동부채]
-
12,000,000
61,000,000
부채총계
7,997,000,000
6,673,000,000
7,707,000,000
[자본금]
10,000,000,000
10,000,000,000
10,000,000,000
[자본잉여금]
66,884,000,000
66,884,000,000
66,884,000,000
[이익잉여금]
39,308,000,000
36,924,000,000
43,528,000,000
자본총계
118,028,000,000
115,632,000,000
122,246,000,000
종속·관계·공동기업 투자주식의 평가방법
해당없음
해당없음
해당없음
-
(2021.01.01 ~ 2021.12.31)
(2020.01.01 ~ 2020.12.31)
(2019.01.01 ~ 2019.12.31)
매출액
69,531,000,000
46,951,000,000
53,169,000,000
영업이익
8,187,000,000
-4,054,000,000
-5,491,000,000
당기순이익
2,384,000,000
-6,603,000,000
-15,248,000,000
기본주당순이익(원)
119
-330
-762
※ 본 보고서의 재무에 관한 사항은 한국채택국제회계기준(K-IFRS)으로 작성되었습 니다.