롯데칠성음료 / 2022.03.17 [정정] 사업보고서
1. 요약재무정보
가. 요약연결재무정보
제55기 2021년 12월 31일 현재
제54기 2020년 12월 31일 현재
제53기 2019년 12월 31일 현재
롯데칠성음료주식회사와 그 종속기업 (단위: 원)
과 목
제55기 기말
제54기말
제53기말
자 산
I. 유동자산
994,500,442,413
893,273,738,535
788,387,955,913
1.현금및현금성자산
384,577,796,934
158,849,601,868
199,410,280,331
2.단기금융상품
15,197,657,890
165,000,000,000
5,000,000,000
3.매출채권및기타채권
225,501,980,736
247,110,448,883
255,708,301,365
4.기타금융자산
4,601,012,524
4,301,121,711
4,412,156,155
5.만기보유금융자산
1,466,355,000
11,605,000
245,805,000
6.재고자산
305,372,216,736
257,369,471,186
273,940,057,416
7.당기법인세자산
2,790,379,165
4,875,218,011
1,803,381,856
8.기타자산
54,993,043,428
55,756,271,876
47,867,973,790
II. 비유동자산
2,602,329,680,765
2,572,839,164,390
2,468,122,036,258
1.장기금융상품
115,761,346
66,058,729,947
5,760,200,399
2.장기매출채권및기타채권
1,477,998,940
6,724,842,404
6,274,527,234
3.기타금융자산
65,975,675,328
52,569,666,699
52,788,630,010
4.당기손익-공정가치금융자산
444,519,845
473,412,391
335,184,376
5.기타포괄손익-공정가치금융자산
26,244,792,976
19,935,913,437
25,112,169,914
6.만기보유금융자산
338,090,000
1,795,300,000
1,649,390,000
7.이연법인세자산
4,991,218,635
401,542,376
131,080,695
8.관계기업및공동기업투자
135,119,358,106
130,563,634,058
23,002,553,970
9.유형자산
2,048,216,396,232
1,939,744,908,385
2,014,589,018,624
10.사용권자산
72,646,408,375
78,006,151,446
80,548,058,491
11.투자부동산
129,433,027,560
135,508,526,578
136,766,982,165
12.무형자산
105,358,484,001
116,565,138,073
118,580,731,417
13.기타자산
4,013,531,532
11,621,665,025
2,583,508,963
14.순확정급여자산
7,954,417,889
12,869,733,571
-
자 산 총 계
3,596,830,123,178
3,466,112,902,925
3,256,509,992,171
부 채
I. 유동부채
970,974,140,682
864,944,909,992
941,629,484,452
II. 비유동부채
1,180,800,282,566
1,296,281,906,581
1,086,875,619,764
부 채 총 계
2,151,774,423,248
2,161,226,816,573
2,028,505,104,216
자 본
과 목
제55기 기말
제54기말
제53기말
I. 지배기업의 소유주지분
1,426,729,319,265
1,294,627,755,325
1,212,136,194,493
1.자본금
5,027,097,000
4,875,216,500
4,384,385,000
2.신종자본증권
149,459,980,000
149,459,980,000
149,459,980,000
3.기타자본
(676,928,734,399)
(714,290,627,700)
(846,759,594,444)
4.기타포괄손익누계액
(12,362,684,708)
(21,659,335,701)
(3,230,608,536)
5.이익잉여금
1,961,533,661,372
1,876,242,522,226
1,908,282,032,473
II. 비지배지분
18,326,380,665
10,258,331,027
15,868,693,462
자 본 총 계
1,445,055,699,930
1,304,886,086,352
1,228,004,887,955
부채및자본총계
3,596,830,123,178
3,466,112,902,925
3,256,509,992,171
(2021년 1월 1일 ~ 2021년 12월 31일)
(2020년 1월 1일 ~ 2020년 12월 31일)
(2019년 1월 1일 ~ 2019년 12월 31일)
매출액
2,506,093,270,200
2,257,973,300,939
2,429,527,266,539
영업이익
182,218,380,367
97,230,309,774
107,665,774,804
연결당기순이익(손실)
137,076,880,540
(16,801,842,344)
(144,005,703,597)
지배기업의 소유주
135,515,807,903
(12,512,118,041)
(142,432,425,123)
비지배지분
1,561,072,637
(4,289,724,303)
(1,573,278,474)
주당이익(손실)
보통주 기본 및 희석주당순이익(손실)
13,341
(2,104)
(17,939)
우선주 기본 및 희석주당순이익(손실)
13,346
(2,099)
(17,934)
나. 요약별도재무정보
제55기 2021년 12월 31일 현재
제54기 2020년 12월 31일 현재
제53기 2019년 12월 31일 현재
롯데칠성음료주식회사 (단위: 원)
과 목
제55기말
제54기말
제53기말
자 산
I. 유동자산
900,858,091,518
827,250,488,391
770,941,930,031
1. 현금및현금성자산
345,140,926,198
130,287,948,424
197,757,291,029
2. 단기금융상품
15,197,657,890
165,000,000,000
5,000,000,000
3. 매출채권및기타채권
207,325,711,201
236,010,723,110
253,012,237,559
4. 기타금융자산
3,691,896,484
4,280,448,106
4,397,456,155
5. 만기보유금융자산
1,466,355,000
9,655,000
245,805,000
6. 재고자산
278,723,870,580
236,975,370,471
263,998,338,330
7. 당기법인세자산
-
3,161,219,460
-
8. 기타자산
49,311,674,165
51,525,123,820
46,530,801,958
II. 비유동자산
2,557,684,740,577
2,556,073,711,603
2,413,636,672,855
1. 장기금융상품
109,761,346
66,056,729,947
5,760,200,399
2. 장기매출채권및기타채권
1,477,998,940
6,724,842,404
6,274,527,234
3. 기타금융자산
64,453,455,027
51,981,972,864
52,471,237,721
4. 당기손익-공정가치금융자산
444,519,845
473,412,391
335,184,376
5. 기타포괄손익-공정가치금융자산
26,244,792,976
19,935,913,437
25,112,169,914
6. 만기보유금융자산
333,940,000
1,795,300,000
1,649,390,000
7. 종속기업,관계기업및공동기업투자
269,047,722,818
232,875,157,992
94,370,464,595
8. 유형자산
1,926,312,574,653
1,882,347,996,458
1,952,561,406,298
9. 사용권자산
68,788,568,928
74,034,544,984
79,781,534,320
10. 투자부동산
129,018,641,945
135,079,595,488
136,766,982,165
11. 무형자산
59,858,324,391
60,431,378,539
56,128,451,015
12. 기타자산
3,935,716,003
11,467,896,706
2,425,124,818
13. 순확정급여자산
7,658,723,705
12,868,970,393
-
자 산 총 계
3,458,542,832,095
3,383,324,199,994
3,184,578,602,886
부 채
I. 유동부채
884,498,532,794
804,266,652,244
906,480,613,729
II. 비유동부채
1,154,088,253,568
1,278,934,716,527
1,069,021,219,417
부 채 총 계
2,038,586,786,362
2,083,201,368,771
1,975,501,833,146
자 본
I. 자본금
5,027,097,000
4,875,216,500
4,384,385,000
II. 신종자본증권
149,459,980,000
149,459,980,000
149,459,980,000
III. 기타자본
(620,801,435,930)
(659,928,671,619)
(792,397,638,363)
IV. 기타포괄손익누계액
5,080,375,406
(521,306,709)
4,960,205,818
V. 이익잉여금
1,881,190,029,257
1,806,237,613,051
1,842,669,837,285
자 본 총 계
1,419,956,045,733
1,300,122,831,223
1,209,076,769,740
부채및자본총계
3,458,542,832,095
3,383,324,199,994
3,184,578,602,886
종속ㆍ관계ㆍ공동기업 투자주식의 평가방법
원가법
원가법
원가법
(2021년 1월 1일 ~ 2021년 12월 30일)
(2020년 1월 1일 ~ 2020년 12월 31일)
(2019년 1월 1일 ~ 2019년 12월 31일)
매출액
2,345,126,624,991
2,161,963,013,073
2,343,169,357,722
영업이익
174,560,401,762
97,201,022,901
108,950,078,838
당기순이익(손실)
122,606,639,118
(16,367,144,188)
(112,293,697,844)
주당이익(손실)
보통주 기본 및 희석주당순이익(손실)
12,019
(2,561)
(14,268)
우선주 기본 및 희석주당순이익(손실)
12,024
(2,556)
(14,263)