에스아이리소스 / 2022.03.22 사업보고서
1. 요약재무정보
(단위: 원)
구분
제35기
(2021년)
제34기
(2020년)
제33기
(2019년)
자산
[유동자산]
12,763,443,942
8,319,484,042
7,802,754,970
[비유동자산]
7,424,578,446
7,042,079,304
5,238,412,861
자산총계
20,188,022,388
15,361,563,346
13,041,167,831
부채
[유동부채]
1,675,967,242
1,724,390,139
1,500,613,448
[비유동부채]
44,861,124
178,317,526
30,354,323
부채총계
1,720,828,366
1,902,707,665
1,530,967,771
자본
[지배기업소유주지분]
18,467,194,022
13,458,855,681
11,510,200,060
자본금
6,807,618,600
6,634,007,500
6,460,396,400
이익잉여금(결손금)
(6,378,645,754)
(10,281,783,747)
(11,437,155,290)
자본총계
18,467,194,022
13,458,855,681
11,510,200,060
2021년 1월~12월
2020년 1월~12월
2019년 1월~12월
매출액
21,003,250,973
13,425,932,666
12,830,793,523
영업이익
2,002,251,727
364,930,582
549,255,301
당기순이익
3,903,137,993
1,175,593,826
(11,015,441,412)
주당순이익(원)
58
18
(177)