강동씨앤엘 / 2022.03.14 사업보고서
1. 요약재무정보
(단위 : 원)
구분
제8기
제7기
제6기
[유동자산]
48,415,815,000
38,514,127,000
46,591,282,000
현금및현금성자산
2,860,586,000
8,245,892,000
4,440,035,000
[비유동자산]
98,367,677,000
76,823,400,000
80,444,290,000
자산총계
146,783,492,000
115,337,527,000
127,035,573,000
[유동부채]
11,415,579,000
10,466,720,000
27,999,091,000
[비유동부채]
18,217,049,000
12,508,673,000
10,591,104,000
부채총계
29,632,628,000
22,975,393,000
38,590,195,000
[자본금]
3,197,996,000
3,197,996,000
3,197,996,000
[이익잉여금]
46,191,117,000
41,954,674,000
38,016,547,000
자본총계
117,150,863,000
92,362,134,000
88,445,378,000
종속ㆍ관계기업 투자주식의 평가방법
지분법
지분법
지분법
구분
제8기
제7기
제6기
2021.01.01~ 2021.12.31
2020.01.01~ 2020.12.31
2019.01.01~ 2019.12.31
매출액
65,672,532,000
70,182,711,000
70,921,781,000
영업이익(손실)
3,697,680,000
4,280,746,000
(459,627,000)
당기순이익(손실)
4,638,804,000
4,445,204,000
3,396,444,000
주당순이익(손실)(원)
145
139
106