벽산 / 2022.03.21 사업보고서
1. 요약재무정보
가. 요약 연결재무정보
(단위 : 원)
구분
제51기
제50기
제49기
2021.12.31
2020.12.31
2019.12.31
[유동자산]
207,560,000,000
206,049,000,000
201,402,000,000
ㆍ현금및현금성자산
20,761,000,000
72,794,000,000
65,463,000,000
[비유동자산]
297,880,000,000
258,399,000,000
261,312,000,000
자산총계
505,440,000,000
464,448,000,000
462,714,000,000
[유동부채]
157,777,000,000
146,841,000,000
133,991,000,000
[비유동부채]
57,352,000,000
25,850,000,000
37,182,000,000
부채총계
215,129,000,000
172,691,000,000
171,173,000,000
[자본금]
34,280,000,000
34,280,000,000
34,280,000,000
[이익잉여금]
175,033,000,000
178,955,000,000
179,426,000,000
[비지배지분]
60,848,000,000
61,300,000,000
59,127,000,000
자본총계
290,312,000,000
291,757,000,000
291,541,000,000
2021.01.01~2021.12.31
2020.01.01~2020.12.31
2019.01.01~2019.12.31
수익(매출액)
471,429,000,000
444,168,000,000
433,534,000,000
영업이익(손실)
8,545,000,000
9,603,000,000
(3,811,000,000)
당기순이익(손실)
(1,495,000,000)
1,272,000,000
(1,720,000,000)
총포괄손익
(488,000,000)
2,219,000,000
(3,320,000,000)
기본주당순이익(손실)
(80)
(27)
(48)
연결회사수
5
4
3
※ 한국채택국제회계기준에 의해 작성되었습니다.
※ 연결에 포함된 회사수는 지배회사인 (주)벽산을 포함한 숫자입니다.