국보 / 2022.08.12 [정정] 사업보고서
1. 요약재무정보
(1). 요약연결재무제표
(기준일 : 2021년 12월 31일 ) (단위 : 원)
구분
제68기
제67기
제66기
(2021년12월말)
(2020년12월말)
(2019년12월말)
[유동자산]
59,501,000,000
50,579,000,000
70,458,000,000
ㆍ현금및현금성자산
6,416,000,000
812,000,000
5,573,000,000
[비유동자산]
42,814,000,000
40,245,000,000
44,899,000,000
자산총계
102,315,000,000
90,824,000,000
115,356,000,000
[유동부채]
61,165,000,000
53,422,000,000
75,281,000,000
[비유동부채]
9,307,000,000
6,574,000,000
11,472,000,000
부채총계
70,472,000,000
59,996,000,000
86,752,000,000
[자본금]
32,704,000,000
24,688,000,000
11,983,000,000
[이익잉여금]
-46,738,000,000
-29,179,000,000
-13,719,000,000
[비지배지분]
612,000,000
773,000,000
11,838,000,000
자본총계
31,843,000,000
30,827,000,000
28,604,000,000
기간
(2021.01.01~
(2020.01.01~
(2019.01.01~
2021.12.31)
2020.12.31)
2019.12.31)
매출액
96,850,000,000
109,929,000,000
89,087,000,000
영업이익
-8,009,000,000
-10,803,000,000
-968,000,000
법인세비용차감전순이익
-16,276,000,000
-21,632,000,000
-7,523,000,000
당기순손익
-17,669,000,000
-20,527,000,000
-6,676,000,000
주당순손익(원)
-305
-415
-370
총포괄손익
-20,571,000,000
-19,987,000,000
-7,448,000,000
연결에포함된 회사수
6
6
6