동방 / 2022.03.17 사업보고서
1. 요약재무정보
가. 요약연결재무정보
(단위 : 원)
사업연도
구분
제57기
제56기
제55기
(2021년 12월 말)
(2020년 12월 말)
(2019년 12월 말)
[유동자산]
142,533,000,000
128,425,000,000
182,890,000,000
[비유동자산]
388,722,000,000
398,397,000,000
445,526,000,000
자산총계
531,256,000,000
526,822,000,000
628,416,000,000
[유동부채]
174,351,000,000
254,629,000,000
373,943,000,000
[비유동부채]
225,448,000,000
155,423,000,000
138,832,000,000
부채총계
399,799,000,000
410,052,000,000
512,775,000,000
[자본금]
52,600,000,000
44,275,000,000
38,094,000,000
[이익잉여금]
28,002,000,000
29,923,000,000
15,690,000,000
[소수주주지분]
2,117,000,000
3,241,000,000
25,445,000,000
자본총계
131,457,000,000
116,770,000,000
115,641,000,000
(2021.1.1~ 2021.12.31)
(2020.1.1~ 2020.12.31)
(2019.1.1~ 2019.12.31)
매출액
595,947,000,000
592,054,000,000
633,048,000,000
영업이익
27,775,000,000
24,590,000,000
20,945,000,000
당기순이익
-360,000,000
13,397,000,000
-8,669,000,000
주당순이익(단위 : 원)
ㆍ기본주당이익
-20
376
-244
ㆍ희석주당이익
-20
368
-244
연결에 포함된 회사수
6
6
7
※ 연결에 포함된 회사수는 ㈜동방을 제외한 숫자입니다.
나. 요약재무정보
(단위 : 원)
사업연도
구분
제57기
제56기
제55기
(2021년 12월 말)
(2020년 12월 말)
(2019년 12월 말)
[유동자산]
129,596,000,000
123,113,000,000
161,325,000,000
[비유동자산]
368,587,000,000
375,492,000,000
372,549,000,000
자산총계
498,184,000,000
498,605,000,000
533,874,000,000
[유동부채]
165,511,000,000
245,623,000,000
350,222,000,000
[비유동부채]
220,391,000,000
149,909,000,000
89,850,000,000
부채총계
385,902,000,000
395,532,000,000
440,072,000,000
[자본금]
52,600,000,000
44,275,000,000
38,094,000,000
[이익잉여금]
9,082,000,000
17,475,000,000
16,082,000,000
자본총계
112,282,000,000
103,073,000,000
93,803,000,000
(2021.1.1~ 2021.12.31)
(2020.1.1~ 2020.12.31)
(2019.1.1~ 2019.12.31)
매출액
570,300,000,000
555,088,000,000
577,078,000,000
영업이익
22,816,000,000
23,607,000,000
18,111,000,000
당기순이익
-7,265,000,000
289,000,000
-8,598,000,000
주당순이익(단위 : 원)
ㆍ기본주당이익
-181
8
-258
ㆍ희석주당이익
-181
8
-258