포스코엠텍 / 2022.03.11 사업보고서
1. 요약재무정보
(단위 : 원)
구분
제 48기
제 47기
제 46기
(2021년 12월말)
(2020년 12월말)
(2019년 12월말)
[유동자산]
134,737,091,774
107,317,529,709
101,544,692,983
ㆍ현금및현금성자산
6,160,742,479
6,557,602,443
1,443,562,374
ㆍ매출채권
42,889,275,280
33,063,061,607
40,745,304,816
ㆍ기타금융자산
44,906,754,873
46,919,595,376
44,126,691,424
ㆍ재고자산
40,638,407,455
20,195,981,062
15,022,106,541
ㆍ기타유동자산
141,911,687
312,894,951
207,027,828
[비유동자산]
21,597,043,467
22,985,878,564
27,472,276,842
ㆍ기타금융자산
437,047,050
780,428,800
837,448,083
ㆍ유형자산 및 사용권자산
12,250,662,539
10,987,495,755
11,665,163,074
ㆍ무형자산
1,504,652,227
1,789,845,411
2,108,106,491
자산총계
156,334,135,241
130,303,408,273
129,016,969,825
[유동부채]
49,606,075,403
30,799,660,646
32,758,218,185
[비유동부채]
2,163,309,463
3,103,153,438
6,298,480,660
부채총계
51,769,384,866
33,902,814,084
39,056,698,845
자본금
20,821,351,500
20,821,351,500
20,821,351,500
자본잉여금
34,293,330,904
34,293,330,904
34,293,330,904
이익잉여금
49,507,155,610
41,342,999,424
34,902,676,215
자본총계
104,564,750,375
96,400,594,189
89,960,270,980
('21.01~'21.12)
('20.01~'20.12)
('19.01~'19.12)
매출액
323,878,359,080
255,399,800,061
288,697,939,148
영업이익
16,375,758,805
11,611,240,621
13,060,614,300
당기순이익(손실)
13,064,109,990
9,409,919,553
10,576,708,447
주당순이익
314
226
254
* 회사는 한국채택국제회계기준(K-IFRS)에 따라 재무정보를 작성하였습니다.