세림B&G / 2022.03.21 사업보고서
1. 요약재무정보
(단위 : 원)
구분
제3기
제2기
제1기
(2021년말)
(2020년말)
(2019년말)
회계처리기준
K-IFRS(별도)
K-IFRS(별도)
K-IFRS(별도)
[유동자산]
24,257,000,000
10,388,000,000
9,091,000,000
[비유동자산]
19,605,000,000
17,516,000,000
16,692,000,000
자산총계
43,862,000,000
27,904,000,000
25,783,000,000
[유동부채]
14,706,000,000
12,413,000,000
12,049,000,000
[비유동부채]
2,993,000,000
4,402,000,000
5,065,000,000
부채총계
17,699,000,000
16,815,000,000
17,114,000,000
자본금
2,739,000,000
500,000,000
500,000,000
이익잉여금
7,133,000,000
10,589,000,000
8,169,000,000
자본총계
26,162,000,000
11,089,000,000
8,669,000,000
부채와 자본총계
43,862,000,000
27,904,000,000
25,783,000,000
종속·관계·공동기업 투자주식의 평가방법
-
-
-
구분
제3기 (2021.01.01.~ 2021.12.31.)
제2기 (2020.01.01.~ 2020.12.31.)
제1기 (2019.01.01.~ 2019.12.31.)
매출액
47,675,000,000
39,441,000,000
32,724,000,000
영업이익
2,101,000,000
2,400,000,000
1,718,000,000
당기순이익
(3,098,000,000)
2,354,000,000
1,445,000,000
주당순이익(원)
(206)
116
71