현대제철 / 2022.03.15 사업보고서
1. 요약재무정보
가. 연결재무정보
(단위 : 원)
구분
제57기
제56기
제55기
(2021년 12월 말)
(2020년 12월 말)
(2019년 12월 말)
[유동자산]
12,775,843,000,000
9,934,769,000,000
9,578,738,000,000
ㆍ현금 및 현금성자산
1,380,924,000,000
917,233,000,000
915,767,000,000
[비유동자산]
24,266,456,000,000
24,910,271,000,000
24,787,595,000,000
자산총계
37,042,298,000,000
34,845,040,000,000
34,366,333,000,000
[유동부채]
7,466,845,000,000
6,072,727,000,000
6,420,343,000,000
[비유동부채]
11,315,050,000,000
12,079,282,000,000
10,712,249,000,000
부채총계
18,781,894,000,000
18,152,009,000,000
17,132,592,000,000
[자본금]
667,229,000,000
667,229,000,000
667,229,000,000
[연결이익잉여금]
12,358,516,000,000
10,933,099,000,000
11,488,336,000,000
[비지배지분]
391,819,000,000
347,589,000,000
335,364,000,000
자본총계
18,260,404,000,000
16,693,031,000,000
17,233,740,000,000
기간
(2021.01.01 ~2021.12.31)
(2020.01.01 ~2020.12.31)
(2019.01.01 ~2019.12.31)
매출액
22,849,921,000,000
18,023,398,000,000
20,512,590,000,000
영업이익
2,447,503,000,000
73,032,000,000
331,298,000,000
연결총당기순이익
1,505,155,000,000
(440,120,000,000)
25,613,000,000
연결주당순이익(원)
11,110
(3,272)
130