이노와이어리스 / 2022.03.22 [정정] 사업보고서
1. 요약재무정보
가. 요약 연결재무정보
(단위 : 원)
구분
제22기
제21기
제20기
2021년 12월말
2020년 12월말
2019년 12월말
유동자산
87,910,000,000
75,406,000,000
70,443,000,000
현금및현금성자산
60,360,000,000
50,157,000,000
40,243,000,000
자산총계
140,946,000,000
124,999,000,000
120,989,000,000
유동부채
20,631,000,000
19,823,000,000
25,759,000,000
비유동부채
1,719,000,000
1,480,000,000
14,325,000,000
부채총계
22,350,000,000
21,302,000,000
40,084,000,000
자본금
3,369,000,000
3,369,000,000
3,001,000,000
이익잉여금
89,741,000,000
76,263,000,000
64,663,000,000
비지배지분
-
-
-
자본총계
118,596,000,000
103,696,000,000
80,905,000,000
2021년 1월~12월
2020년 1월~12월
2019년 1월~12월
매출액
90,669,000,000
92,967,000,000
96,848,000,000
영업이익
13,425,000,000
13,796,000,000
15,345,000,000
당기순이익
15,162,000,000
13,101,000,000
13,147,000,000
지배기업 소유주지분
15,162,000,000
13,101,000,000
13,147,000,000
기본주당순이익(단위 : 원)
2,250
1,973
2,190
희석주당순이익(단위 : 원)
2,250
1,962
2,078