아크솔루션스 / 2025.03.11 [정정] 사업보고서
1. 요약재무정보
가. 연결 요약재무정보
(단위 : 원)
구분
제 8(당)기
제 7(전)기
제 6(전전)기
2021년 12월말
2020년 12월말
2019년 12월말
[유동자산]
14,827,988,707
27,997,972,436
15,214,194,662
현금및현금성자산
1,375,909,998
9,784,756,095
6,062,764,061
매출채권 및 기타유동채권
4,806,097,345
6,547,859,248
1,511,660,729
재고자산
3,750,804,641
5,063,334,768
653,267,690
기타유동금융자산
4,887,311,513
6,601,960,545
6,940,916,212
당기법인세자산
7,865,210
61,780
45,585,970
[비유동자산]
40,905,169,664
31,813,110,003
16,624,875,728
장기매출채권 및 기타비유동채권
507,792,237
640,337,010
550,373,609
기타비유동금융자산
1,454,825,746
2,385,785,609
1,379,681,875
관계기업투자주식
6,437,384
5,947,328
26,553,433
유형자산
32,373,267,200
18,399,953,467
12,500,273,324
투자부동산
1,332,320,000
-
-
사용권자산
1,149,108,091
2,915,294,938
1,698,564,296
영업권
1,657,418,915
4,483,945,489
-
영업권외무형자산
2,424,000,091
2,842,777,356
469,429,191
이연법인세자산
-
139,068,806
-
자산총계
55,733,158,371
59,811,082,439
31,839,070,390
[유동부채]
35,333,578,103
33,720,829,465
1,588,538,006
[비유동부채]
4,465,276,901
4,980,990,596
1,896,788,428
부채총계
39,798,855,004
38,701,820,061
3,485,326,434
[납입자본]
13,856,854,341
13,856,854,341
13,599,408,941
[기타자본구성요소]
(2,847,035,041)
(2,652,238,862)
(2,556,282,206)
[이익잉여금]
4,924,484,067
9,904,646,899
17,310,617,221
자본총계
15,934,303,367
21,109,262,378
28,353,743,956
구분
제 8(당)기
제 7(전)기
제 6(전전)기
2021.1.1~2021.12.31
2020.1.1~2020.12.31
2019.1.1~2019.12.31
매출액
32,837,392,557
17,692,969,976
7,127,477,216
영업이익(손실)
(5,446,242,441)
(1,578,175,287)
(2,274,174,027)
당기순이익(순손실)
(4,872,332,561)
(7,629,189,714)
(3,183,337,430)
기본주당이익(손실) (원)
(161)
(162)
(71)
희석주당이익(손실) (원)
(196)
162
(71)
연결에 포함된 회사 수
3
3
2
※ 상기 요약 연결재무정보는 한국 채택국제회계기준(K-IFRS)에 따라 작성되었습니
다.
나. 별도 요약재무정보
(단위 : 원)
구분
제 8(당)기
제 7(전)기
제 6(전전)기
2021년 12월말
2020년 12월말
2019년 12월말
[유동자산]
14,045,274,900
26,493,903,869
14,729,430,775
현금및현금성자산
721,194,198
8,385,799,516
5,553,643,943
매출채권 및 기타유동채권
4,816,798,213
6,810,541,840
1,552,140,506
재고자산
3,612,141,846
4,720,601,968
637,144,144
구분
제 8(당)기
제 7(전)기
제 6(전전)기
2021년 12월말
2020년 12월말
2019년 12월말
기타유동금융자산
4,887,311,513
6,576,960,545
6,940,916,212
당기법인세자산
7,829,130
-
45,585,970
[비유동자산]
40,298,046,603
33,197,990,331
17,251,330,646
장기매출채권 및 기타비유동채권
507,492,237
1,534,999,955
550,373,609
기타비유동금융자산
1,454,825,746
2,566,256,883
1,379,681,875
종속기업 및 관계기업투자주식
877,510,810
3,815,568,377
999,782,366
유형자산
28,356,748,596
16,121,676,977
12,153,499,309
투자부동산
4,790,320,000
-
-
사용권자산
235,542,208
1,697,207,094
1,698,564,296
영업권
1,657,418,915
4,483,945,489
-
영업권외무형자산
2,418,188,091
2,839,266,730
469,429,191
이연법인세자산
-
139,068,806
-
자산총계
54,343,321,503
59,691,894,180
31,980,761,421
[유동부채]
35,139,627,745
33,579,522,080
1,524,600,147
[비유동부채]
4,310,045,214
4,839,832,723
1,896,788,428
부채총계
39,449,672,959
38,419,354,803
3,421,388,575
[납입자본]
13,856,854,341
13,856,854,341
13,599,408,941
[기타자본구성요소]
(3,129,092,717)
(2,865,166,872)
(2,760,857,427)
[이익잉여금]
4,165,886,920
10,280,851,908
17,720,821,332
자본총계
14,893,648,544
21,272,539,377
28,559,372,846
종속·관계·공동기업 투자주식의 평가방법
원가법
원가법
원가법
구분
제 8(당)기
제 7(전)기
제 6(전전)기
2021.1.1 ~ 2021.12.31
2020.1.1 ~ 2020.12.31
2019.1.1~2019.12.31
매출액
31,817,433,826
13,333,206,467
6,827,727,438
영업이익(손실)
(4,549,602,638)
60,666,441
(2,006,315,921)
당기순이익(순손실)
(5,968,420,295)
(8,386,055,363)
(2,911,724,751)
기본주당이익(손실) (원)
(142)
(179)
(65)
희석주당이익(손실) (원)
(142)
(179)
(65)
※ 상기 요약 재무정보는 한국 채택국제회계기준(K-IFRS)에 따라 작성되었습니다.