현대코퍼레이션홀딩스 / 2022.03.23 사업보고서
1. 요약재무정보
가. 요약 연결 재무정보
(단위 : 천원)
구분
제 7 기말
제 6 기말
제 5 기말
[유동자산]
80,586,176
86,387,368
111,052,684
ㆍ당좌자산
51,389,859
56,863,402
63,928,715
ㆍ재고자산
29,196,317
29,523,966
47,123,969
[비유동자산]
170,398,614
130,531,408
130,366,663
ㆍ투자자산
113,171,031
76,423,658
77,896,402
ㆍ유형자산
14,189,245
11,141,058
8,521,165
ㆍ무형자산
22,801,237
20,742,094
20,830,539
ㆍ기타비유동자산
20,237,101
22,224,598
23,118,557
자산총계
250,984,791
216,918,776
241,419,346
[유동부채]
27,130,829
18,128,066
40,301,578
[비유동부채]
21,669,363
21,843,286
21,643,685
부채총계
48,800,192
39,971,352
61,945,264
ㆍ자본금
45,504,180
45,504,180
45,504,180
ㆍ연결자본잉여금
68,840,880
68,256,270
68,256,270
ㆍ연결기타자본
(33,959,728)
(47,387,239)
(30,791,871)
ㆍ연결이익잉여금
117,599,143
109,463,322
96,355,288
ㆍ비지배지분
4,200,124
1,110,890
150,216
자본총계
202,184,598
176,947,423
179,474,083
자본과 부채
250,984,791
216,918,776
241,419,346
구분
제 7기
제 6기
제 5기
[매출액]
130,441,768
151,595,478
183,922,453
[영업이익]
8,146,425
10,102,433
9,283,406
[당기순이익]
11,955,288
17,633,690
9,708,952
ㆍ지배기업 소유주 지분
12,483,241
17,722,765
10,278,626
ㆍ비지배지분
(527,952)
(89,075)
(569,675)
[총포괄이익]
19,892,419
3,614,621
15,545,013
ㆍ지배기업 소유주 지분
20,253,430
3,842,047
16,074,724
구분
제 7기
제 6기
제 5기
ㆍ비지배지분
(361,011)
(227,426)
(529,712)
주당순이익(원)
1,434
2,063
1,183
연결에 포함된 종속기업 수
11
9
9
나. 요약 재무정보
구분
제7 기말
제 6 기말
제 5 기말
[유동자산]
69,714,397
77,631,309
104,822,211
ㆍ당좌자산
45,121,587
53,242,595
60,077,571
ㆍ재고자산
24,592,810
24,388,714
44,744,640
[비유동자산]
166,689,221
131,972,526
133,061,530
ㆍ투자자산
125,361,550
88,948,249
86,068,578
ㆍ유형자산
994,848
1,225,642
1,649,316
ㆍ무형자산
21,341,045
20,711,747
20,799,051
ㆍ기타비유동자산
18,991,778
21,086,889
24,544,585
자산총계
236,403,617
209,603,835
237,883,741
[유동부채]
18,043,031
12,691,509
36,961,888
[비유동부채]
20,777,062
21,075,793
21,597,987
부채총계
38,820,092
33,767,302
58,559,875
ㆍ자본금
45,504,180
45,504,180
45,504,180
ㆍ자본잉여금
68,840,880
68,256,270
68,256,270
ㆍ기타자본
(33,959,728)
(47,387,239)
(30,791,871)
ㆍ이익잉여금
117,198,193
109,463,322
96,355,288
자본총계
197,583,525
175,836,533
179,323,866
자본과 부채
236,403,617
209,603,835
237,883,741
종속,관계,공동기업 투자주식의 평가방법
지분법
지분법
지분법
구분
제 7기
제6기
제 5기
[매출액]
110,497,086
129,025,893
177,355,011
[영업이익]
10,991,622
9,665,964
10,496,825
[당기순이익]
12,082,291
17,722,765
10,278,626
[총포괄이익]
19,852,480
3,842,047
16,074,724
주당순이익(원)
1,388
2,063
1,183