와이엔텍 / 2022.03.18 사업보고서
1. 요약재무정보
가. 요약연결재무정보
(단위 : 원)
구분
제 32 기
제 31 기
제 30 기
2021년 12월말
2020년12월말
2019년 12월말
자산총계
294,513,238,881
260,172,487,257
242,863,497,533
부채총계
102,840,220,000
102,980,726,788
108,100,390,606
[자본금]
9,099,829,500
9,099,829,500
9,099,829,500
[이익잉여금]
147,073,450,277
123,824,475,054
102,096,725,977
자본총계
157,191,760,469
134,763,106,927
2021.01.01~ 2021.12.31
2020.01.01~ 2020.12.31
2019.01.01~ 2019.12.31
매출액
111,788,910,608
106,033,655,328
98,620,698,865
영업이익
32,418,072,765
31,696,873,181
26,157,695,213
당기순이익
23,241,545,823
21,890,100,887
18,424,856,953
주당순이익
1,281
1,203
1,012
연결에 포함된 회사수
1
1
1