엔비티 / 2022.03.23 사업보고서
1. 요약재무정보
가. 요약 연결 재무정보
(단위: 원)
사업연도
2021년
2020년
2019년
구분
(제10기)
(제9기)
(제8기)
회계처리 기준
K-IFRS
K-IFRS
K-IFRS
유동자산
38,009,411,682
16,678,223,773
14,311,315,887
현금및현금성자산
16,853,245,389
7,948,503,606
7,659,892,586
매출채권및기타수취채권
11,237,605,038
4,641,499,566
4,513,301,699
재고자산
101,807,862
73,289,081
13,792,900
비유동자산
42,537,734,315
13,725,116,193
13,038,402,539
유형자산
31,608,530,374
1,139,427,657
1,843,604,610
무형자산
2,089,519,713
383,109,162
237,729,699
자산총계
80,547,145,997
30,403,339,966
27,349,718,426
유동부채
16,689,562,144
10,833,661,472
35,132,926,880
비유동부채
22,706,881,047
394,007,972
1,030,398,076
부채총계
39,396,443,191
11,227,669,444
36,163,324,956
자본금
848,771,300
745,798,800
116,670,000
자본잉여금
45,420,272,858
25,327,620,728
60,357,240
결손금
(5,119,856,968)
(6,817,913,908)
(8,927,840,757)
자본총계
41,150,702,806
19,175,670,522
(8,813,606,530)
영업수익
82,406,274,002
44,282,769,918
45,202,750,973
영업손익
3,143,199,280
(1,252,807,398)
2,247,810,016
법인세비용차감전계속사업이익
2,642,531,158
1,635,498,342
675,825,170
연결당기순이익
1,698,056,940
2,109,926,849
743,706,277
총포괄이익
1,779,407,654
2,092,884,764
785,037,763
주당순이익(원)
1,698,056,940
2,109,926,849
743,706,277