한화 / 2022.03.24 [정정] 사업보고서
1. 요약재무정보
가. 요약연결재무정보
(단위 : 원)
구 분
제70기
제69기
제68기
(2021년 12월말)
(2020년 12월말)
(2019년 12월말)
[유동자산]
17,634,712,000,000
14,953,767,000,000
15,242,686,000,000
현금및현금성자산
5,496,492,000,000
4,279,157,000,000
3,512,676,000,000
[비유동자산]
21,987,425,000,000
18,893,472,000,000
18,698,208,000,000
[금융업자산]
162,744,265,000,000
157,331,099,000,000
148,345,284,000,000
자산총계
202,366,402,000,000
191,178,338,000,000
182,286,178,000,000
[유동부채]
16,468,961,000,000
15,652,116,000,000
16,002,711,000,000
[비유동부채]
14,303,170,000,000
12,475,774,000,000
12,403,942,000,000
[금융업부채]
150,547,014,000,000
145,332,739,000,000
136,372,078,000,000
부채총계
181,319,145,000,000
173,460,629,000,000
164,778,731,000,000
[지배기업소유주지분]
4,813,572,000,000
4,099,134,000,000
4,031,924,000,000
자본금
489,550,000,000
489,550,000,000
489,550,000,000
이익잉여금
4,650,761,000,000
3,342,091,000,000
3,207,313,000,000
[비지배지분]
16,233,685,000,000
13,618,575,000,000
13,475,523,000,000
자본총계
21,047,257,000,000
17,717,709,000,000
17,507,447,000,000
연결에 포함된 회사수
629개
457개
398개
(2021.01.01~
(2020.01.01~
(2019.01.01~
2021.12.31)
2020.12.31)
2019.12.31)
매출액
52,836,069,000,000
50,926,451,000,000
50,412,399,000,000
영업이익
2,927,888,000,000
1,549,002,000,000
103,388,000,000
당기순이익
2,162,057,000,000
707,536,000,000
(525,470,000,000)
지배기업주주당기순이익
901,065
196,673
(303,431)
비지배지분당기순이익
1,260,992
510,863
(222,039)
주당순이익(단위:원)
9,781
2,125
(4,605)
희석주당순이익(단위:원)
9,773
2,123
(4,605)
※ 당사는 보험업감독업무시행세칙 개정에 따라 일반계정보증준비금의 적립기준의 변경 내용을 적용하여 산출하였으며, 이러한 회계정책의 변경으로 인해 전기말(69기 말) 및 전기초(69기 초)의 연결재무상태표와 연결포괄손익계산서를 재작성 하였습니 다. 자세한 사항은 'III. 재무에 관한 사항 - 3. 연결 재무제표 주석 - 64. 회계정책의 변경'을 확인하여 주시기 바랍니다.