롯데쇼핑 / 2022.03.15 사업보고서
1. 요약재무정보
가. 연결재무상태표
(단위 : 백만원)
구분
제 52 기
제 51 기
제 50 기
[유동자산]
7,000,185
6,290,692
6,107,298
현금및현금성자산
2,398,789
1,913,236
1,586,592
매출채권및기타채권
625,501
663,523
889,585
기타금융자산
2,074,555
2,134,188
1,958,581
재고자산
1,395,280
1,247,320
1,459,488
당기법인세자산
146,636
5,818
3,300
기타비금융자산
106,684
83,012
95,407
매각예정자산
252,740
243,595
114,345
[비유동자산]
26,426,349
26,538,712
27,865,318
매출채권및기타채권
95,664
196,293
183,411
관계기업및공동기업투자
991,462
925,510
866,309
기타금융자산
2,381,305
1,633,088
1,648,868
유형자산
14,578,526
14,372,876
14,495,595
사용권자산
4,700,201
5,163,972
6,126,877
투자부동산
1,766,203
2,302,038
2,493,734
영업권
1,185,880
1,288,440
1,538,969
무형자산
333,922
343,859
309,066
확정급여자산
121,738
91,273
39,168
이연법인세자산
87,496
73,923
47,750
기타비금융자산
183,952
147,440
115,571
자산총계
33,426,534
32,829,404
33,972,616
[유동부채]
8,994,249
8,779,997
8,201,884
[비유동부채]
12,635,278
12,960,645
13,979,723
부채총계
21,629,527
21,740,642
22,181,607
[자본금]
141,444
141,444
141,444
[자본잉여금]
3,574,212
3,574,212
3,574,212
[신종자본증권]
139,574
-
-
[자본조정]
(3,032,430)
(3,012,813)
(3,012,559)
[이익잉여금]
8,996,637
9,176,601
9,910,184
[기타포괄손익누계액]
264,056
(77,857)
337
[비지배지분]
1,713,514
1,287,175
1,177,391
자본총계
11,797,007
11,088,762
11,791,009
나. 연결포괄손익계산서
(단위 : 백만원)
구분
제 52 기
제 51 기
제 50 기
매출
15,573,550
16,184,382
17,622,000
영업이익
207,603
346,084
427,911
법인세비용차감전손실
(638,241)
(771,240)
(1,133,812)
계속영업당기순손실
(272,964)
(710,249)
(883,681)
중단영업당기순이익
-
23,679
67,203
당기순손실
(272,964)
(686,570)
(816,478)
지배기업 소유주지분
(292,279)
(785,940)
(896,326)
계속영업당기순손실
(292,279)
(809,619)
(963,529)
중단영업당기순이익
-
23,679
67,203
비지배지분
19,315
99,370
79,848
계속영업당기순이익
19,315
99,370
79,848
총포괄이익(손실)
596,739
(539,733)
(747,536)
지배기업 소유주지분
241,808
(704,347)
(853,006)
비지배지분
354,931
164,614
105,470
주당이익(손실) (단위:원)
계속영업기본주당손실
(10,363)
(28,638)
(34,082)
계속영업희석주당손실
(10,430)
(28,956)
(34,414)
중단영업기본주당이익
-
838
2,377
중단영업희석주당이익
-
838
2,377
연결에 포함된 종속회사 수
40
40
45
※ 연결실체는 전기 중 중국할인점을 매각 및 청산 완료 하였으며, 전기와 전전기 중 중국할인점 부문에 서 발생한 손익을 중단영업손익으로 구분하여 표시하였습니다. 관련 사항은 III. 재무에 관한 사항 중 3.연 결재무제표의 주석 42(중단영업)을 참조하여 주시기 바랍니다.
다. 별도 재무상태표
(단위 : 백만원)
구분
제 52 기
제 51 기
제 50 기
[유동자산]
3,319,166
3,715,374
3,184,070
현금및현금성자산
1,574,016
1,058,445
726,809
매출채권및기타채권
432,784
408,933
631,839
기타금융자산
612,274
960,136
1,194,165
재고자산
429,457
445,950
484,654
당기법인세자산
138,463
1,085
-
기타비금융자산
23,177
12,978
32,148
매각예정자산
108,995
827,847
114,455
[비유동자산]
20,907,185
21,208,831
23,780,196
기타채권
145,557
231,935
236,661
종속기업,관계기업및공동기업투자
4,531,480
4,201,658
4,450,543
기타금융자산
1,142,997
1,026,238
1,104,877
유형자산
9,694,827
9,762,821
11,110,901
사용권자산
4,244,032
4,500,732
5,437,509
투자부동산
931,090
1,237,614
1,116,506
영업권
28,300
60,293
224,660
무형자산
81,914
107,000
54,865
기타비금융자산
2,123
8,297
8,570
확정급여자산
104,865
72,243
35,104
자산총계
24,226,351
24,924,205
26,964,266
[유동부채]
5,315,020
5,332,916
5,507,225
[비유동부채]
9,155,548
9,992,331
10,791,400
부채총계
14,470,568
15,325,247
16,298,625
[자본금]
141,444
141,444
141,444
[자본잉여금]
3,590,536
3,590,536
3,590,536
[자본조정]
(2,818,298)
(2,818,298)
(2,818,298)
[이익잉여금]
8,911,186
8,743,149
9,688,039
[기타포괄손익누계액]
(69,085)
(57,873)
63,920
자본총계
9,755,783
9,598,958
10,665,641
종속·관계·공동기업투자의 평가방법
원가법
원가법
원가법
라. 별도 포괄손익계산서
(단위 : 백만원)
구분
제 52 기
제 51 기
제 50 기
매출
8,408,203
8,708,084
9,695,325
영업이익
86,094
134,008
271,020
법인세비용차감전손실
(220,666)
(1,117,946)
(1,008,957)
당기순이익(손실)
191,835
(1,031,997)
(753,701)
총포괄이익(손실)
235,982
(959,255)
(763,651)
기본주당이익(손실) (단위:원)
6,786
(36,504)
(26,660)
※ 상기 제 52 기 재무제표는 주주총회 승인전 재무제표이며, 향후 정기주주총회에 서 재무제표 승인 관련 안건이 부결되거나 수정이 발생할 경우 정정보고서를 통해 그 내용 및 사유 등을 반영할 예정입니다.