압타바이오 / 2022.03.22 사업보고서
1. 요약재무정보
(단위 : 원)
과 목
제 13 기
제 12 기
제 11 기
(2021년 12월말)
(2020년 12월말)
(2019년 12월말)
유동자산
23,776,984,894
43,745,054,935
46,766,892,799
비유동자산
41,133,616,293
31,698,653,427
30,637,367,737
자산총계
64,910,601,187
75,443,708,362
77,404,260,536
유동부채
787,571,785
801,230,554
730,858,724
비유동부채
2,457,986,131
2,602,257,189
1,518,184,560
부채총계
3,245,557,916
3,403,487,743
2,249,043,284
자본금
11,098,233,000
5,547,616,500
5,440,866,500
이익잉여금
(58,202,734,734)
(47,575,549,317)
(42,693,728,070)
자본총계
61,665,043,271
72,040,220,619
75,155,217,252
(2021.01.01 ~ 2021.12.31)
(2020.01.01 ~ 2020.12.31)
(2019.01.01 ~ 2019.12.31)
영업수익
223,676,750
341,044,200
1,018,571,700
영업이익(손실)
(11,366,984,785)
(6,064,787,693)
(7,151,020,889)
당기순이익(손실)
(10,689,063,169)
(3,918,873,838)
(6,297,931,041)
주당순이익(손실)(원)
(712)
(356)
(636)