케이탑리츠 / 2022.03.22 사업보고서
1. 요약재무정보
(1) 요약연결재무제표
(단위: 원)
구분
제12기
(2021년 12월말)
제11기
(2020년 12월말)
제10기
(2019년 12월말)
[유동자산]
9,413,831,513,000
12,290,026,967,000
8,553,538,450,000
현금및현금성자산
5,392,258,375,000
10,870,197,911,000
7,728,003,380,000
자산총계
248,884,632,758,000
229,462,441,004,000
210,773,444,181,000
[유동부채]
105,470,161,494,000
108,101,018,780,000
79,163,851,862,000
[비유동부채]
55,894,230,227,000
42,725,672,070,000
63,148,920,527,000
부채총계
161,364,391,721,000
150,826,690,850,000
142,312,772,389,000
[자본금]
46,224,127,000,000
46,224,127,000,000
45,096,847,000,000
[이익잉여금]
38,657,068,628,000
30,874,406,112,000
21,971,382,487,000
[비지배지분]
1,162,198,102,000
-
-
자본총계
87,520,241,037,000
78,635,750,154,000
68,460,671,792,000
영업수익
31,950,264,577,000
21,189,661,299,000
14,342,283,871,000
영업이익
17,971,670,570,000
16,985,674,061,000
10,466,255,496,000
당기순이익
11,484,351,110,000
11,157,583,700,000
5,439,619,766,000
총포괄이익
12,024,682,335,000
11,303,781,190,000
5,455,759,526,000
주당순이익
249
241
121
*한국채택국제회계기준(K-IFRS) 작성기준에 따라 작성되었습니다.
*상기 재무제표는 주주총회 승인전 재무제표이며, 향후 정기주주총회에서 재무제표 승인 관련 안건이 부결되거나 수
정이 발생한 경우 정정보고서를 통해 그 내용 및 사유 등을 반영할 예정입니다.