HD현대미포 / 2022.03.15 [정정] 사업보고서
1. 요약재무정보
가. 요약연결재무정보
(단위 : 원)
구분
제 48 기
제 47 기
제 46 기
(2021년 12월말)
(2020년 12월말)
(2019년 12월말)
[유동자산]
2,046,698,000,000
1,879,238,000,000
1,744,823,000,000
ㆍ현금및현금성자산
400,371,000,000
532,734,000,000
199,830,000,000
[비유동자산]
1,831,622,000,000
1,719,788,000,000
1,635,805,000,000
자산총계
3,878,320,000,000
3,599,026,000,000
3,380,628,000,000
[유동부채]
1,612,004,000,000
1,191,005,000,000
1,001,576,000,000
[비유동부채]
62,017,000,000
40,542,000,000
25,090,000,000
부채총계
1,674,021,000,000
1,231,547,000,000
1,026,666,000,000
[자본금]
199,711,000,000
199,711,000,000
199,711,000,000
[연결이익잉여금]
1,633,373,000,000
1,802,580,000,000
1,843,643,000,000
[비지배지분]
40,627,000,000
40,923,000,000
36,456,000,000
자본총계
2,204,299,000,000
2,367,479,000,000
2,353,962,000,000
(2021.01.01~ 2021.12.31)
(2020.01.01~ 2020.12.31)
(2019.01.01~ 2019.12.31)
매출액
2,887,212,000,000
2,792,011,000,000
2,994,101,000,000
영업손익
(217,325,000,000)
36,690,000,000
92,621,000,000
연결당기순손익
(160,109,000,000)
(12,262,000,000)
61,178,000,000
주당순손익(원)
(4,004)
(489)
1,335
연결에 포함된 종속기업 수
2
2
2
( )는 부(-)의 수치임】
※ 상기 연결재무제표는 한국채택국제회계기준 작성기준에 따라 작성되었습니다.
나. 요약재무정보
(단위 : 원)
구분
제 48 기
제 47 기
제 46 기
(2021년 12월말)
(2020년 12월말)
(2019년 12월말)
자산총계
3,857,973,000,000
3,553,619,000,000
3,392,554,000,000
부채총계
1,701,776,000,000
1,230,321,000,000
1,071,240,000,000
[자본금]
199,711,000,000
199,711,000,000
199,711,000,000
[이익잉여금]
1,597,653,000,000
1,766,642,000,000
1,818,146,000,000
자본총계
2,156,197,000,000
2,323,298,000,000
2,321,314,000,000
(2021.01.01~ 2021.12.31)
(2020.01.01~ 2020.12.31)
(2019.01.01~ 2019.12.31)
매출액
2,857,835,000,000
2,780,781,000,000
2,999,488,000,000
영업손익
(226,552,000,000)
6,579,000,000
57,503,000,000
당기순손익
(159,839,000,000)
(31,072,000,000)
43,103,000,000
기본주당순손익(원)
(4,008)
(779)
1,081
【 ( )는 부(-)의 수치임】
※ 상기 재무제표는 한국채택국제회계기준 작성기준에 따라 작성되었습니다.