LIG넥스원 / 2022.03.18 [정정] 사업보고서
1. 요약재무정보
가. 요약연결재무정보
(단위 : 원)
구분
제20기
(2021년 12월말)
제19기
(2020년 12월말)
제18기
(2019년 12월말)
[유동자산]
1,485,925,000,000
1,545,723,000,000
1,380,852,000,000
현금및현금성자산
74,538,000,000
51,002,000,000
28,650,000,000
자산총계
2,576,847,000,000
2,595,606,000,000
2,317,491,000,000
[유동부채]
1,481,146,000,000
1,380,433,000,000
1,237,491,000,000
[비유동부채]
332,397,000,000
542,665,000,000
446,026,000,000
부채총계
1,813,543,000,000
1,923,098,000,000
1,683,517,000,000
[자본금]
110,000,000,000
110,000,000,000
110,000,000,000
[이익잉여금]
443,929,000,000
358,026,000,000
310,704,000,000
자본 총계
763,304,000,000
672,508,000,000
633,974,000,000
2021년 01월 01일 ~ 2021년 12월 31일
2020년 01월 01일 ~ 2020년 12월 31일
2019년 01월 01일 ~ 2019년 12월 31일
매출액
1,822,194,000,000
1,600,344,000,000
1,452,651,000,000
영업이익
97,201,000,000
63,742,000,000
18,107,000,000
당기순이익(손실)
105,056,000,000
57,882,000,000
3,185,000,000
지배기업 소유주지분
105,056,000,000
57,882,000,000
3,185,000,000
지배기업 소유지분에 대한 주당순이익(원)
4,829
2,664
145