삼영엠텍 / 2022.07.18 [정정] 사업보고서
1. 요약재무정보
가. 요약연결재무정보
(단위 : 원)
구분
제25기
(2021년)
제24기
(2020년)
제23기
(2019년)
자산총계
110,382,024,792
111,607,904,598
119,976,286,743
부채총계
37,348,556,277
33,204,762,233
40,097,818,491
자본총계
73,033,468,515
78,403,142,365
79,878,468,252
매출액
69,812,139,404
68,020,419,205
69,805,770,389
영업이익
821,438,396
903,299,411
3,137,052,826
당기순이익
(7,734,487,117)
6,976,303,832
3,509,245,369
총포괄손익
(5,678,560,883)
7,017,346,605
3,252,982,839
기본주당손익
(572)
576
273
희석주당손익
(572)
539
273
연결에 포함된 회사수
3
3
3