극동유화 / 2022.03.23 사업보고서
1. 요약재무정보
가. 요약연결재무정보
(단위 : 원)
구분
제42기
제41기
제40기
(2021년12월말)
(2020년12월말)
(2019년12월말)
자산총계
321,935,000,000
292,655,000,000
289,929,000,000
부채총계
139,852,000,000
119,909,000,000
120,646,000,000
자본총계
182,083,000,000
172,746,000,000
169,283,000,000
(2021.01.01~ 2021.12.31)
(2020.01.01~ 2020.12.31)
(2019.01.01~ 2019.12.31)
Ⅰ.매출액
964,832,000,000
622,861,000,000
795,562,000,000
Ⅱ.영업이익
20,486,000,000
14,309,000,000
16,655,000,000
Ⅲ.당기순이익
11,008,000,000
7,172,000,000
14,203,000,000
Ⅳ.기본주당순이익(원)
339
229
426