에스바이오메딕스 / 2022.03.31 사업보고서
1. 요약재무정보
가. 연결 요약 재무제표
(주)에스바이오메딕스와 그 종속기업
(단위: 원)
구 분
제 18 기(당기)
제 17 기(전기)
제 16 기(전전기)
[유동자산]
14,341,894,000,000
14,321,770,000,000
17,433,381,000,000
ㆍ현금및현금성자산
6,131,389,000,000
9,188,378,000,000
3,425,727,000,000
ㆍ재고자산
763,735,000,000
707,716,000,000
616,540,000,000
[비유동자산]
3,453,876,000,000
3,743,330,000,000
4,850,002,000,000
ㆍ유형자산
3,051,319,000,000
3,357,170,000,000
4,488,851,000,000
ㆍ무형자산
25,442,000,000
19,324,000,000
16,847,000,000
자산총계
17,795,770,000,000
18,065,100,000,000
22,283,383,000,000
[유동부채]
4,175,184,000,000
6,762,601,000,000
5,547,264,000,000
ㆍ단기차입금
2,006,160,000,000
3,610,325,000,000
2,479,869,000,000
[비유동부채]
9,788,972,000,000
6,502,801,000,000
3,996,957,000,000
ㆍ장기차입금
5,215,274,000,000
2,325,143,000,000
798,303,000,000
ㆍ확정급여부채
1,369,579,000,000
1,119,409,000,000
822,717,000,000
부채총계
13,964,156,000,000
13,265,402,000,000
9,544,221,000,000
[지배기업의 소유주에게 귀속되는 자본]
2,510,343,000,000
5,816,378,000,000
12,999,433,000,000
ㆍ자본금
5,109,888,000,000
5,074,888,000,000
1,251,222,000,000
ㆍ결손금
(51,485,068,000,000)
(45,843,849,000,000)
(38,106,329,000,000)
[비지배지분]
1,321,270,000,000
(1,016,680,000,000)
(260,271,000,000)
자본총계
3,831,614,000,000
4,799,698,000,000
12,739,162,000,000
매출액
8,868,223,000,000
5,319,321,000,000
5,013,977,000,000
영업손실
(4,626,035,000,000)
(8,433,101,000,000)
(9,074,510,000,000)
당기순손실
(5,242,118,000,000)
(8,589,832,000,000)
(9,012,628,000,000)
기본 및 희석주당순이익
(558)
(766)
(833)
연결에 포함된 회사수
1
1
1
*주1) 상기 재무정보는 한국채택국제회계기준에 따라 작성되었습니다.
*주2) (주)에스테팜은 2016년 12월에 연결종속회사로 편입되었습니다.