보라티알 / 2022.08.12 [정정] 사업보고서
1. 요약재무정보
1) 요약 연결 재무제표
요약연결재무정보는 한국채택국제회계기준(K-IFRS) 작성기준에 따라 작성되었습니 다. 당기보고서에 비교 표시된 제6기 및 제5기 연결재무제표도 외부감사인의 감사를 받은 재무정보이며, 주주총회 승인 전 재무제표입니다.
(단위: 원)
과목
제 7기
(2021년 12월말)
제 6기
(2020년 12월말)
제 5기
(2019년 12월말)
I. 유동자산
44,026,766,427
53,745,201,092
57,249,579,529
1. 현금및현금성자산
9,762,878,199
13,281,508,184
15,482,163,683
2. 매출채권 및 기타수취채권
7,218,515,340
5,987,834,289
6,212,462,717
3. 당기손익-공정가치금융자산
4,096,418,048
11,025,084,595
11,896,866,099
4. 기타금융자산
4,018,951,797
8,594,273,687
9,350,000,000
5. 재고자산
15,534,433,533
12,094,843,433
13,081,991,519
6. 기타유동자산
2,430,631,851
2,761,656,904
1,226,095,511
7. 매각예정비유동자산
964,937,659
-
-
II. 비유동자산
44,589,109,771
27,614,505,677
29,372,567,900
1. 기타장기수취채권
19,840,930,000
463,769,900
511,802,390
2. 당기손익-공정가치금융자산
2,513,116,775
4,084,235,810
4,459,524,000
3. 기타비유동금융자산
1,889,676,211
1,477,543,062
2,913,032,682
4. 유형자산
18,105,779,029
19,328,002,652
19,838,615,853
5. 무형자산
1,959,356,011
1,619,212,901
1,392,791,290
6. 이연법인세자산
280,251,745
641,741,352
256,801,685
자산총계
88,615,876,198
81,359,706,769
86,622,147,429
I. 유동부채
28,001,126,991
26,222,855,204
29,564,583,455
II. 비유동부채
211,183,504
312,745,022
1,836,464,366
부채총계
28,212,310,495
26,535,600,226
31,401,047,821
I. 지배기업소유주지분
60,403,565,703
54,824,106,543
55,221,099,608
1. 자본금
3,375,366,500
3,375,366,500
3,375,366,500
2. 자본잉여금
28,391,201,501
28,391,201,501
28,222,487,902
3. 기타자본구성요소
(1,003,758,158)
(1,310,498,158)
(339,615,458)
4. 기타포괄손익누계액
-
-
-
5. 이익잉여금(결손금)
29,640,755,860
24,368,036,700
23,962,860,664
II. 비지배지분
-
-
-
자본총계
60,403,565,703
54,824,106,543
55,221,099,608
부채와 자본총계
88,615,876,198
81,359,706,769
86,622,147,429
기간
제 7기
(2021.01.01~2021.12.31)
제 6기
(2020.01.01~2020.12.31)
제 5기
(2019.01.01~2019.12.31)
I. 매출액
60,871,582,620
50,422,858,509
46,789,495,280
II. 영업이익
6,946,889,081
3,586,693,844
3,208,938,352
III. 당기순이익
6,255,100,060
1,409,823,836
3,327,724,101
Ⅳ.당기순이익의 귀속
6,255,100,060
1,409,823,836
3,327,724,101
지배기업지분
6,255,100,060
1,409,823,836
3,327,724,101
비지배지분
-
-
-
Ⅴ. 지배기업지분에 대한 주당이익
-
-
-
기본주당이익
955
216
503
연결에 포함된 회사수
2
2
2
* 재고자산평가방법변경으로 인하여 전기말 재고자산은 141,103천원 감소하였으며,
전기의 순이익은 110,060천원 감소하였습니다.
2) 요약 별도 재무제표
요약별도재무정보는 한국채택국제회계기준(K-IFRS) 작성기준에 따라 작성되었습니 다. 당기보고서에 비교 표시된 제6기 및 제5기 별도재무제표도 외부감사인의 감사를 받은 재무정보 이며, 주주총회 승인 전 재무제표입니다.
(단위: 원)
과목
제 7기
(2021년 12월말)
제6기
(2020년 12월말)
제 5기
(2019년 12월말)
I. 유동자산
40,230,965,674
52,150,174,020
55,468,666,486
1. 현금및현금성자산
8,700,549,488
12,187,966,148
14,562,921,228
2. 매출채권 및 기타수취채권
4,870,755,960
5,741,730,773
5,584,895,994
3. 당기손익-공정가치금융자산
4,096,418,048
11,025,084,595
11,896,866,099
4. 기타금융자산
3,993,951,797
8,569,273,687
9,350,000,000
5. 재고자산
15,255,187,258
11,919,953,370
12,854,258,192
6. 기타유동자산
2,349,165,464
2,706,165,447
1,219,724,973
7. 매각예정비유동자산
964,937,659
-
-
II. 비유동자산
44,345,486,484
27,721,552,094
29,452,755,369
1. 기타장기수취채권
19,830,930,000
453,769,900
501,802,390
2. 당기손익-공정가치금융자산
2,513,116,775
4,084,235,810
4,459,524,000
3. 기타비유동금융자산
1,889,676,211
1,477,543,062
2,913,032,682
4. 유형자산
18,016,407,059
19,316,924,565
19,813,994,123
5. 무형자산
1,701,143,832
1,600,312,901
1,368,221,290
6. 종속기업투자주식
174,984,000
174,984,000
174,984,000
7. 이연법인세자산
219,228,607
613,781,856
221,196,884
자산총계
84,576,452,158
79,871,726,114
84,921,421,855
I. 유동부채
26,803,983,076
26,072,565,863
28,656,724,337
II. 비유동부채
269,037,055
377,331,746
1,882,828,636
부채총계
27,073,020,131
26,449,897,609
30,539,552,973
I. 자본금
3,375,366,500
3,375,366,500
3,375,366,500
II. 자본잉여금
28,391,201,501
28,391,201,501
28,222,487,902
III. 기타자본구성요소
(1,003,758,158)
(1,310,498,158)
(339,615,458)
Ⅳ. 기타포괄손익누계액
-
-
-
Ⅴ. 이익잉여금(결손금)
26,740,622,184
22,965,758,662
23,123,629,938
자본총계
57,503,432,027
53,421,828,505
54,381,868,882
부채와 자본총계
84,576,452,158
79,871,726,114
84,921,421,855
종속·관계·공동기업 투자주식의 평가방법
원가법
원가법
원가법
기간
제 7기
(2021.01.01~2021.12.31)
제6기
(2020.01.01~2020.12.31)
제 5기
(2019.01.01~2019.12.31)
I. 매출
52,878,960,106
44,163,796,910
42,135,808,713
II. 영업이익
5,026,475,986
2,893,556,823
2,810,642,869
III. 당기순이익
4,757,244,422
846,776,524
3,020,306,303
Ⅳ. 주당이익
-
-
-
기본주당이익
726
130
456
* 재고자산평가방법변경으로 인하여 전기말 재고자산은 141,103천원 감소하였으며,
전기의 순이익은 110,060천원 감소하였습니다.