한샘 / 2022.08.16 [정정] 사업보고서
1. 요약재무정보
(1) 연결재무상태표
(단위 : 원)
구분
제49기
제48기
제47기
유동자산
457,546,000,000
520,898,000,000
478,671,000,000
현금및현금성자산
117,670,000,000
105,730,000,000
144,507,000,000
자산 총계
1,246,353,000,000
1,229,510,000,000
1,202,638,000,000
유동부채
391,733,000,000
439,532,000,000
407,327,000,000
비유동부채
232,930,000,000
161,076,000,000
182,012,000,000
부채 총계
624,662,000,000
600,608,000,000
589,339,000,000
자본금
23,534,000,000
23,534,000,000
23,534,000,000
이익잉여금
774,832,000,000
738,329,000,000
694,459,000,000
지배기업 소유주지분
621,263,000,000
607,932,000,000
593,398,000,000
비지배지분
427,000,000
20,969,000,000
19,901,000,000
자본 총계
621,690,000,000
628,902,000,000
613,299,000,000
연결에 포함된 회사수
8
9
9
(2) 연결손익계산서
(단위 : 원)
구분
제49기
제48기
제47기
매출액
2,231,221,000,000
2,067,469,000,000
1,698,372,000,000
영업이익
69,264,000,000
93,107,000,000
55,772,000,000
당기순이익
57,218,000,000
66,841,000,000
42,715,000,000
지배기업 소유주지분
55,943,000,000
65,073,000,000
42,723,000,000
기본주당순이익(원)
3,266
3,766
2,423
※ 상기 요약 연결재무제표는 한국채택국제회계기준(K-IFRS) 작성기준에 따라 작성되었음.