금강철강 / 2022.03.21 사업보고서
1. 요약재무정보
가. 요약연결재무정보
(단위 : 원)
구분
제45기
제44기
제43기
(2021.12.31)
(2020.12.31)
(2019.12.31)
자산총계
150,912,147,134,000
138,737,728,843,000
136,604,949,968,000
부채총계
31,312,522,359,000
27,907,932,054,000
26,532,179,079,000
자본총계
119,599,624,775,000
110,829,796,789,000
110,072,770,889,000
2021.01.01~ 2021.12.31
2020.01.01~ 2020.12.31
2019.01.01~ 2019.12.31
매출액
236,219,889,560,000
175,181,447,834,000
171,338,155,586,000
영업이익
9,069,143,627,000
3,150,804,414,000
2,158,369,141,000
연결당기순이익
10,194,833,085,000
2,846,273,936,000
4,389,381,650,000
지배회사 소유주지분에대한 주당이익
631
172
265