인크로스 / 2022.08.16 [정정] 사업보고서
1. 요약재무정보
가. 요약연결재무정보
(단위 : 원)
구분
2021년
(제15기말)
2020년
(제14기말)
2019년
(제13기말)
유동자산
210,764,843,000,000
165,667,220,000,000
133,740,880,000,000
현금및현금성자산
24,476,805,000,000
26,545,136,000,000
8,477,826,000,000
자산총계
230,365,261,000,000
179,307,691,000,000
144,263,390,000,000
유동부채
133,235,477,000,000
101,064,941,000,000
77,530,280,000,000
비유동부채
4,120,400,000,000
3,712,597,000,000
988,618,000,000
부채총계
137,355,878,000,000
104,777,538,000,000
78,518,898,000,000
자본금
4,028,389,000,000
4,028,389,000,000
4,028,389,000,000
이익잉여금(결손금)
68,412,980,000,000
47,814,441,000,000
35,589,940,000,000
비지배지분
-
-
-
자본총계
93,009,384,000,000
74,530,153,000,000
65,744,492,000,000
수익(매출액)
51,801,204,000,000
39,440,174,000,000
34,463,400,000,000
영업이익(손실)
21,402,590,000,000
14,847,199,000,000
12,209,437,000,000
당기순이익(손실)
21,114,722,000,000
12,307,080,000,000
9,314,082,000,000
영업기본주당이익(손실)
2,958
1,701
1,240
영업희석주당이익(손실)
2,939
1,694
1,232