앱클론 / 2023.03.17 사업보고서
1. 요약재무정보
(단위 : 원)
사업연도
제 13 기
제 12 기
제 11 기
구분
2022년
2021년
2020년
회계처리기준
K-IFRS
K-IFRS
K-IFRS
[유동자산]
24,995,000,000
11,888,000,000
21,456,000,000
[비유동자산]
29,066,000,000
17,939,000,000
18,674,000,000
자산총계
54,061,000,000
29,828,000,000
40,130,000,000
[유동부채]
8,752,000,000
10,043,000,000
4,546,000,000
[비유동부채]
8,705,000,000
426,000,000
6,255,000,000
부채총계
17,457,000,000
10,469,000,000
10,800,000,000
[자본금]
8,253,000,000
7,639,000,000
7,639,000,000
[자본잉여금]
61,237,000,000
45,498,000,000
45,498,000,000
[기타포괄손익누계액]
9,858,000,000
-
-
자본총계
36,604,000,000
19,359,000,000
29,329,000,000
부채와 자본총계
54,061,000,000
29,828,000,000
40,130,000,000
매출액
3,406,000,000
3,018,000,000
2,771,000,000
영업이익(손실)
(8,750,000,000)
(10,229,000,000)
(6,571,000,000)
당기순이익(손실)
(9,254,000,000)
(10,238,000,000)
(6,445,000,000)
기본주당순손익(원/주)
(604)
(670)
(447)