SK디스커버리 / 2023.03.21 사업보고서
1. 요약재무정보
가. 요약 연결재무제표
(단위 : 원)
과목
제54기
제53기
제52기
[유동자산]
5,326,431,000,000
2,801,641,000,000
2,456,597,000,000
[비유동자산]
6,453,667,000,000
4,080,232,000,000
3,165,037,000,000
자산총계
11,780,098,000,000
6,881,873,000,000
5,621,634,000,000
[유동부채]
3,283,276,000,000
1,977,475,000,000
1,454,470,000,000
[비유동부채]
2,543,500,000,000
1,835,090,000,000
1,550,803,000,000
부채총계
5,826,776,000,000
3,812,565,000,000
3,005,273,000,000
[자본금]
111,677,000,000
111,677,000,000
111,677,000,000
[이익잉여금]
2,864,651,000,000
2,512,419,000,000
2,326,609,000,000
[비지배지분]
3,134,317,000,000
656,017,000,000
669,374,000,000
자본총계
5,953,322,000,000
3,069,308,000,000
2,616,361,000,000
부채와자본총계
11,780,098,000,000
6,881,873,000,000
5,621,634,000,000
연결에 포함된 회사수
21
10
8
2022년 1월~12월
2021년 1월~12월
2020년 1월~12월
매출액
8,717,115,000,000
6,614,328,000,000
4,519,464,000,000
영업이익
362,229,000,000
74,366,000,000
172,967,000,000
당기순이익
534,038,000,000
272,295,000,000
355,450,000,000
지배기업의 소유주지분에 대한 주당순이익
보통주주당순이익(단위:원)
21,631
10,478
13,096
우선주주당순이익(단위:원)
21,681
10,569
13,146
보통주희석주당순이익(단위:원)
21,631
10,475
13,096
우선주희석주당순이익(단위:원)
21,681
10,567
13,146
※ 상기 재무제표는 한국채택국제회계기준 작성기준에 따라 작성되었습니다. ※ 재무제표에 대한 주석은 Ⅲ.재무에 관한 사항 중 3.연결재무제표 주석을 참조하시기 바랍니다.