모비릭스 / 2023.03.15 사업보고서
1. 요약재무정보
가. 요약연결재무정보
(단위 : 원)
구분
제16기
제15기
제14기
(2022.12.31)
(2021.12.31)
(2020.12.31)
[유동자산]
56,654,350,585
58,535,215,151
29,216,091,821
현금및현금성자산
32,303,460,961
33,189,677,862
9,863,984,369
자산총계
86,481,871,240
80,493,596,690
40,751,220,934
[유동부채]
5,796,705,135
4,454,094,703
4,237,837,190
[비유동부채]
856,732,971
2,436,039,389
1,477,744,362
부채총계
6,653,438,106
6,890,134,092
5,715,581,552
자본금
960,380,000
930,400,000
742,500,000
이익잉여금
30,736,240,504
25,085,405,563
15,140,841,806
자본총계
79,828,433,134
73,603,462,598
35,035,639,382
구분
(단위 : 원)
제16기
제15기
제14기
(2022.01.01~ 2022.12.31)
(2021.01.01~ 2021.12.31)
(2020.01.01~ 2020.12.31)
영업수익
70,925,689,520
56,717,885,751
43,726,831,777
영업이익(손실)
5,324,161,544
10,029,995,281
10,259,248,851
당기순이익(손실)
5,650,834,941
9,944,563,757
8,154,813,308
당기총포괄이익(손실)
5,944,998,236
13,485,298,136
10,075,327,098
기본주당이익
589
1,083
1,098