고스트스튜디오 / 2023.03.22 사업보고서
1. 요약재무정보
가. 요약연결재무정보
(단위: 원)
구분
제7기
제6기
제5기
(2022년 12월말)
(2021년 12월말)
(2020년 12월말)
[유동자산]
91,028,733,698
112,474,415,787
118,810,210,824
현금및현금성자산
77,872,855,590
63,693,189,524
90,220,091,847
자산총계
123,461,777,999
132,349,000,000
122,978,000,000
[유동부채]
8,108,000,000
9,956,000,000
12,874,000,000
[비유동부채]
580,000,000
1,647,000,000
1,794,000,000
부채총계
8,688,000,000
11,603,000,000
14,668,000,000
[자본금]
69,684,000,000
64,841,000,000
57,478,000,000
[이익잉여금]
78,484,000,000
75,635,000,000
55,181,000,000
[비지배지분]
2,161,000,000
913,000,000
-
자본총계
114,774,000,000
120,746,000,000
108,310,000,000
(2022.01.01~ 2022.12.31)
(2021.01.01~ 2021.12.31)
(2020.01.01~ 2020.12.31)
매출액
98,116,000,000
94,447,000,000
112,956,000,000
영업이익
29,341,000,000
36,704,000,000
47,400,000,000
당기순이익
24,871,000,000
30,374,000,000
38,733,000,000
지배기업 소유주지분
25,864,000,000
30,354,000,000
38,733,000,000
비지배지분 순이익
(993,000,000)
20,000,000
-
주당순이익
기본주당이익
2,072
2,286
3,268
희석주당이익
2,071
2,275
3,227