넥슨게임즈 / 2023.03.15 사업보고서
1. 요약재무정보
가. 요약 연결재무정보
(단위 : 원)
과 목
제8기
제7기
제6기
(2022년 12월말)
(2021년 12월말)
(2020년 12월말)
자 산 총 계
325,549,405,707
126,769,757,891
94,417,760,129
부 채 총 계
88,500,616,331
65,156,387,929
28,030,413,506
[지배기업의 소유지분]
237,025,934,086
61,613,369,962
66,387,346,623
자본금
32,880,547,000
14,426,483,500
14,419,416,000
자 본 총 계
237,048,789,376
61,613,369,962
66,387,346,623
(2022.01.01~ 2022.12.31)
(2021.01.01~ 2021.12.31)
(2020.01.01~ 2020.12.31)
영업수익
132,374,925,965
63,084,058,003
81,404,202,243
영업이익(손실)
5,155,194,997
(3,973,508,109)
25,510,968,159
법인세비용차감전순이익(손실)
6,149,773,032
(3,773,140,144)
25,575,090,039
연결당기순이익(손실)
6,048,041,788
(7,962,227,091)
26,097,251,296
지배기업의 소유주지분
6,047,732,872
(7,962,227,091)
26,097,251,296
당기총포괄이익(손실)
6,048,041,788
(7,962,227,091)
25,983,256,300
지배기업의 소유주지분
6,047,732,872
(7,962,227,091)
25,983,256,300
기본주당기순이익(손실)
110
(279)
916
희석주당기순이익(손실)
110
(279)
915