제일기획 / 2023.03.08 사업보고서
1. 요약재무정보
가. 요약연결재무정보
(단위 : 원)
구분
제50기
(2022년 12월말)
제49기
(2021년 12월말)
제48기
(2020년 12월말)
[유동자산]
2,193,979,000,000
2,018,598,000,000
1,742,270,000,000
[비유동자산]
557,466,000,000
523,513,000,000
500,194,000,000
자산총계
2,751,445,000,000
2,542,111,000,000
2,242,464,000,000
[유동부채]
1,335,642,000,000
1,224,222,000,000
1,063,895,000,000
[비유동부채]
194,373,000,000
190,622,000,000
163,040,000,000
부채총계
1,530,015,000,000
1,414,844,000,000
1,226,935,000,000
[지배기업 소유지분]
1,212,042,000,000
1,117,142,000,000
1,007,541,000,000
[비지배지분]
9,388,000,000
10,125,000,000
7,988,000,000
자본총계
1,221,430,000,000
1,127,267,000,000
1,015,529,000,000
(2022.01.01 ~ 2022.12.31)
(2021.01.01 ~ 2021.12.31)
(2020.01.01 ~ 2020.12.31)
영업수익
4,253,367,000,000
3,325,712,000,000
2,747,922,000,000
영업이익
311,413,000,000
248,180,000,000
204,917,000,000
연결 당기순이익
195,835,000,000
167,599,000,000
158,280,000,000
기본주당순이익
1,913
1,634
1,554

※ 상기 요약연결재무정보는 한국채택국제회계기준으로 작성 되었습니다.
나. 요약재무정보
(단위: 원)
구분
제50기
(2022년 12월말)
제49기
(2021년 12월말)
제48기
(2020년 12월말)
자산총계
1,328,474,000,000
1,289,135,000,000
1,252,632,000,000
부채총계
623,498,000,000
551,005,000,000
522,377,000,000
자본총계
704,976,000,000
738,130,000,000
730,255,000,000
(2022.01.01 ~ 2022.12.31)
(2021.01.01 ~ 2021.12.31)
(2020.01.01 ~ 2020.12.31)
영업수익
1,280,523,000,000
1,017,011,000,000
870,684,000,000
영업이익
100,831,000,000
78,102,000,000
77,560,000,000
당기순이익
62,924,000,000
94,479,000,000
118,262,000,000
기본주당순이익
621
933
1,168

※ 상기 요약재무정보는 한국채택국제회계기준으로 작성 되었습니다.