25. 11. 13. 오후 12:13
삼정펄프 / 2023.03.23 사업보고서
삼정펄프/사업보고서/2023.03.23
1. 요약재무정보
구 분
제 49기
제 48기
제 47기
2022년 12월말
2021년 12월말
2020년 12월말
[유동자산]
135,234,131
138,564,899
134,604,946
ㆍ현금및현금성자산
13,948,665
20,322,932
19,107,428
ㆍ단기금융상품
38,364,113
26,192,545
31,160,600
ㆍ당기손익공정가치측정금융상품
30,051,064
49,439,127
44,181,572
ㆍ매출채권및기타유동채권
18,190,025
17,208,495
15,901,293
ㆍ재고자산
27,111,594
22,305,714
17,439,385
ㆍ유동상각후원가측정금융상품
7,000,000
3,000,000
6,700,000
ㆍ기타유동자산
451,165
96,085
114,669
ㆍ당기법인세자산
117,506
-
-
[비유동자산]
97,429,687
100,848,330
98,175,567
ㆍ장기금융상품
4,000
4,000
4,000
ㆍ비유동당기손익공정가치측정금융상품
60,163,359
65,178,148
60,830,321
ㆍ비유동상각후원가측정금융상품
-
-
-
ㆍ장기매출채권및기타비유동채권
1,321,225
868,896
382,401
ㆍ이연법인세자산
1,498,986
-
-
ㆍ유형자산
33,930,547
34,195,001
36,492,221
ㆍ무형자산
511,570
602,284
466,624
ㆍ관계기업투자자산
-
-
-
자산총계
232,663,819
239,413,229
232,780,513
[유동부채]
19,018,632
20,899,896
16,521,597
[비유동부채]
638,907
2,393,721
5,285,269
부채총계
19,657,538
23,293,618
21,806,867
[자본금]
12,499,855
12,499,855
12,499,855
[주식발행초과금]
21,422,580
21,422,580
21,422,580
[이익잉여금]
178,713,374
181,826,704
177,070,071
[기타포괄손익누계액]
-
-
(389,331)
[기타자본항목]
370,471
370,471
370,471
자본총계
213,006,280
216,119,611
210,973,646
구 분
2022.01.01~
2021.01.01~
2020.01.01~
2022.12.31
2021.12.31
2020.12.31
매출액
174,464,092
138,137,181
146,331,017
영업이익
4,665,535
1,344,598
13,559,838
당기순이익
(957,080)
7,614,075
26,856,456
총포괄손익
(613,359)
7,256,604
26,348,365
주당순이익(단위:원)
(383)
3,046
10,743
https://dart.fss.or.kr/dsaf001/main.do?rcpNo=20230323000457
1/1