태양 / 2023.03.14 사업보고서
1. 요약재무정보
가. 연결요약재무정보
(단위 : 원)
구분
제34기
제33기
제32기
[유동자산]
93,487,570,340
91,527,900,544
81,455,439,157
ㆍ당좌자산
77,583,565,177
75,888,652,887
73,879,624,170
ㆍ재고자산
15,904,005,163
15,639,247,657
7,575,814,987
[비유동자산]
117,695,807,995
119,938,494,595
120,467,709,363
ㆍ투자자산
40,755,161,013
41,911,963,497
41,518,585,761
ㆍ유형자산
76,167,864,959
77,483,046,171
78,490,754,331
ㆍ무형자산
598,118,669
316,596,573
297,155,917
ㆍ기타비유동자산
174,663,354
226,888,354
161,213,354
자산총계
211,183,378,335
211,466,395,139
201,923,148,520
[유동부채]
30,208,065,852
34,427,285,502
28,490,145,539
[비유동부채]
7,334,048,504
8,595,379,513
9,335,504,178
부채총계
37,542,114,356
43,022,665,015
37,825,649,717
[지배기업소유주지분]
173,641,263,979
168,443,730,124
164,097,498,803
ㆍ자본금
4,300,000,000
4,300,000,000
4,300,000,000
ㆍ자본잉여금
9,894,081,296
9,894,081,296
9,894,081,296
ㆍ기타자본
-2,111,568,725
-2,111,568,725
-2,111,568,725
ㆍ기타포괄손익누계액
-1,921,389,842
-1,728,756,619
-2,463,432,293
ㆍ이익잉여금
163,480,141,250
158,089,974,172
154,478,418,525
[비지배지분]
-
-
-
자본총계
173,641,263,979
168,443,730,124
164,097,498,803
종속·관계·공동기업 투자주식의 평가방법
지분법
지분법
지분법
매출액
174,237,674,427
150,034,798,924
141,506,846,210
영업이익
7,433,521,597
2,524,636,728
9,263,868,365
당기순이익
6,584,321,728
4,805,710,297
7,009,696,609
ㆍ지배기업소유주지분
6,584,321,728
4,805,710,297
7,009,696,609
ㆍ비지배지분
-
-
-
주당순이익(원)
827
604
881
연결에 포함된 회사 수
1개
1개
1개
나. 요약재무정보
(단위 : 원)
구분
제34기
제33기
제32기
[유동자산]
92,943,722,095
91,081,511,220
81,151,729,484
ㆍ당좌자산
77,039,716,932
75,442,263,563
73,575,914,497
ㆍ재고자산
15,904,005,163
15,639,247,657
7,575,814,987
[비유동자산]
109,082,513,942
110,858,758,655
111,810,734,749
ㆍ투자자산
32,149,129,362
32,839,021,196
32,867,846,051
ㆍ유형자산
76,160,602,557
77,476,252,532
78,484,519,427
ㆍ무형자산
598,118,669
316,596,573
297,155,917
ㆍ기타비유동자산
174,663,354
226,888,354
161,213,354
자산총계
202,026,236,037
201,940,269,875
192,962,464,233
[유동부채]
30,215,978,736
34,465,028,689
28,621,889,511
[비유동부채]
5,513,271,958
6,761,918,927
7,603,709,699
부채총계
35,729,250,694
41,226,947,616
36,225,599,210
[자본금]
4,300,000,000
4,300,000,000
4,300,000,000
[자본잉여금]
9,894,081,296
9,894,081,296
9,894,081,296
[기타자본]
-2,111,568,725
-2,111,568,725
-2,111,568,725
[기타포괄손익누계액]
-2,265,120,000
-2,069,028,000
-2,387,613,749
[이익잉여금]
156,479,592,772
150,699,837,688
147,041,966,201
자본총계
166,296,985,343
160,713,322,259
156,736,865,023
매출액
173,718,671,943
149,806,554,981
141,028,441,628
영업이익
7,392,992,001
2,504,966,209
9,226,143,392
당기순이익
6,973,909,734
4,852,026,137
7,159,325,852
주당순이익(원)
876
609
899