GS / 2023.03.21 사업보고서
1. 요약재무정보
1. 요약연결재무정보
(단위 : 원)
구분
제19 기
(2022년 12월말)
제18 기
(2021년 12월말)
제17 기
(2020년 12월말)
[유동자산]
5,978,612,000,000
5,388,853,000,000
3,436,836,000,000
[비유동자산]
27,943,630,000,000
25,802,434,000,000
21,040,007,000,000
자산총계
33,922,242,000,000
31,191,287,000,000
24,476,843,000,000
[유동부채]
6,527,808,000,000
5,501,784,000,000
3,997,764,000,000
[비유동부채]
10,906,624,000,000
11,486,559,000,000
9,722,534,000,000
부채총계
17,434,432,000,000
16,988,343,000,000
13,720,298,000,000
[자본금]
473,501,000,000
473,501,000,000
473,501,000,000
[이익잉여금]
13,123,642,000,000
11,131,297,000,000
9,834,844,000,000
[비지배주주지분]
4,049,224,000,000
3,914,381,000,000
2,402,795,000,000
자본총계
16,487,810,000,000
14,202,944,000,000
10,756,545,000,000
(2022.01.01~ 2022.12.31)
(2021.01.01~ 2021.12.31)
(2020.01.01~ 2020.12.31)
매출액
28,777,048,000,000
20,165,049,000,000
15,346,150,000,000
영업이익(손실)
5,005,127,000,000
2,651,345,000,000
943,196,000,000
당기순이익(손실)
2,482,704,000,000
1,614,682,000,000
(187,776,000,000)
지배주주지분순이익(손실)
2,142,967,000,000
1,448,999,000,000
(242,685,000,000)
기본주당순이익(손실)
22,634
15,304
(2,564)
연결에 포함된 회사수
61
61
54