더블유게임즈 / 2023.03.20 사업보고서
1. 요약재무정보
가. 요약 연결재무정보
(단위 : 원)
구분
제11기
제10기
제9기
2022년 12월말
2021년 12월말
2020년 12월말
[유동자산]
572,611,000,000
527,871,000,000
217,201,000,000
현금및현금성자산
302,723,000,000
183,882,000,000
60,026,000,000
[비유동자산]
663,025,000,000
854,033,000,000
805,966,000,000
자산총계
1,235,636,000,000
1,381,904,000,000
1,023,167,000,000
[유동부채]
205,744,000,000
102,525,000,000
54,890,000,000
[비유동부채]
23,595,000,000
94,552,000,000
40,389,000,000
부채총계
229,339,000,000
197,077,000,000
95,279,000,000
[지배기업주주지분]
729,442,000,000
842,652,000,000
678,442,000,000
자본금
9,187,000,000
9,187,000,000
9,187,000,000
이익잉여금
399,142,000,000
543,248,000,000
423,725,000,000
[비지배주주지분]
276,855,000,000
342,174,000,000
249,446,000,000
자본총계
1,006,297,000,000
1,184,827,000,000
927,888,000,000
구분
(2022.01.01~ 2022.12.31)
(2021.01.01~ 2021.12.31)
(2020.01.01~ 2020.12.31)
매출액
617,262,000,000
624,061,000,000
658,176,000,000
영업이익
183,857,000,000
190,364,000,000
194,184,000,000
(연결)당기순이익
(221,064,000,000)
156,282,000,000
124,794,000,000
지배주주지분순이익
(132,223,000,000)
125,464,000,000
112,304,000,000
기본주당순이익(원)
(7,815)
7,391
6,634
연결에 포함된 회사수
4
5
5
주) 상기 재무정보는 한국채택국제회계기준(K-IFRS)에 따라 작성되었습니다.