이노와이어리스 / 2023.03.23 사업보고서
1. 요약재무정보
가. 요약연결재무정보
(단위 : 원)
구분
제23기
제22기
제21기
2022년 12월말
2021년 12월말
2020년 12월말
유동자산
132,320,000,000
87,910,000,000
75,406,000,000
현금및현금성자산
60,259,000,000
60,360,000,000
50,157,000,000
자산총계
185,473,000,000
140,946,000,000
124,999,000,000
유동부채
50,677,000,000
20,631,000,000
19,823,000,000
비유동부채
3,889,000,000
1,719,000,000
1,480,000,000
부채총계
54,566,000,000
22,350,000,000
21,302,000,000
자본금
3,369,000,000
3,369,000,000
3,369,000,000
이익잉여금
101,507,000,000
89,741,000,000
76,263,000,000
비지배지분
-
-
-
자본총계
130,907,000,000
118,596,000,000
103,696,000,000
2022년 1월~12월
2021년 1월~12월
2020년 1월~12월
매출액
132,854,000,000
90,669,000,000
92,967,000,000
영업손익
14,340,000,000
13,425,000,000
13,796,000,000
당기순이익
13,451,000,000
15,162,000,000
13,101,000,000
지배기업 소유주지분
13,451,000,000
15,162,000,000
13,101,000,000
기본주당순이익(단위 : 원)
1,996
2,250
1,973
연결에 포함된 회사수
8
8
8