차바이오텍 / 2023.03.22 사업보고서
1. 요약재무정보
가. 연결 요약재무정보
(단위: 원)
구분
제 21(당)기
제 20(전)기
제 19(전전)기
2022년 12월말
2021년 12월말
2020년 12월말
[유동자산]
520,266,602,078
576,915,742,465
567,975,575,925
현금및현금성자산
66,602,751,769
122,520,588,340
121,164,381,328
매출채권 및 기타유동채권
192,721,301,370
170,989,091,982
153,252,860,676
[비유동자산]
1,086,741,657,264
958,209,316,078
745,734,474,826
자산총계
1,607,008,259,342
1,535,125,058,543
1,313,710,050,751
[유동부채]
477,748,000,923
421,538,231,528
285,677,964,232
[비유동부채]
477,323,930,917
320,474,555,940
391,156,500,399
부채총계
955,071,931,840
742,012,787,468
676,834,464,631
[자본금]
28,134,159,000
28,130,266,000
26,274,511,000
[이익잉여금]
38,157,953,374
83,665,986,827
97,330,203,549
[비지배지분]
360,204,079,862
337,056,394,653
281,781,422,235
자본총계
651,936,327,502
793,112,271,075
636,875,586,120
구분
제 21기(당)
제 20(전)기
제 19(전전)기
2022.1.1~2022.12.31
2021.1.1~2021.12.31
2020.1.1~2020.12.31
매출액
844,582,867,317
727,476,086,769
664,716,825,657
영업이익(손실)
(47,076,070,730)
7,712,977,339
(2,446,838,471)
당기순이익(순손실)
(69,659,072,395)
(21,843,533,305)
(34,178,922,879)
기본주당이익(손실)
(845)
(256)
(355)
희석주당이익(손실)
(845)
(256)
(356)
※ 상기 요약 연결재무정보는 한국 채택국제회계기준(K-IFRS)에 따라 작성되었습니다.