플레이디 / 2023.03.23 사업보고서
1. 요약재무정보
(단위: 원)
구분
제13기
(2022년 12월말)
제12기
(2021년 12월말)
제11기
(2020년 12월말)
[유동자산]
139,040,328,000
115,922,065,000
98,192,826,000
ㆍ현금및현금성자산
17,909,872,000
21,739,419,000
27,744,248,000
자산총계
162,643,360,000
141,799,179,000
119,883,450,000
[유동부채]
77,663,320,000
57,235,726,000
40,400,520,000
[비유동부채]
5,957,614,000
10,510,323,000
9,048,126,000
부채총계
83,620,934,000
67,746,049,000
49,448,645,000
[자본금]
6,413,570,000
6,413,570,000
6,413,570,000
[이익잉여금]
31,962,466,000
27,037,741,000
23,408,485,000
자본총계
79,022,427,000
74,053,130,000
70,434,805,000
(2022.01.01~2022.12.31)
(2021.01.01~2021.12.31)
(2020.01.01~2020.12.31)
영업수익
43,952,147,000
34,680,498,000
29,306,229,000
영업이익
5,596,977,000
3,338,918,000
1,100,212,000
당기순이익
4,953,448,000
2,964,143,000
1,487,713,000
당기총포포괄이익
4,939,615,000
3,618,326,000
532,472,000
주당순이익(단위:원)
386
231
123
주1) 상기 재무정보는 K-IFRS 별도기준을 적용하여 작성 되었습니다.
주2) 상기 재무제표는 주주총회 승인 전으로, 제 13기 정기주주총회 승인과정에서 변 동될 수 있습니다.