한솔로지스틱스 / 2023.03.14 사업보고서
1. 요약재무정보
가. 연결 요약재무정보
(단위 : 원)
구분
제50기 연간
제49기 연간
제48기 연간
(2022년 12월말)
(2021년 12월말)
(2020년 12월말)
[유동자산]
178,162,000,000
178,349,000,000
120,770,000,000
ㆍ현금및현금성자산
30,758,000,000
19,329,000,000
18,234,000,000
자산총계
274,496,000,000
266,628,000,000
195,972,000,000
[유동부채]
156,801,000,000
166,532,000,000
111,820,000,000
[비유동부채]
15,189,000,000
21,507,000,000
29,502,000,000
부채총계
171,990,000,000
188,039,000,000
141,322,000,000
[자본금]
14,341,000,000
14,341,000,000
14,341,000,000
[이익잉여금]
138,953,000,000
114,300,000,000
92,732,000,000
[비지배지분]
162,000,000
63,000,000
-
자본총계
102,506,000,000
78,589,000,000
54,650,000,000
(2022.01.01~ 2022.12.31)
(2021.01.01~ 2021.12.31)
(2020.01.01~ 2020.12.31)
매출액
1,015,372,000,000
747,044,000,000
509,613,000,000
영업이익
36,350,000,000
30,305,000,000
13,077,000,000
당기순이익(손실)
24,241,000,000
23,492,000,000
8,689,000,000
주당이익
ㆍ기본주당순이익
882
855
316
연결에 포함된 회사수
12
11
9