HMM / 2023.07.14 [정정] 사업보고서
1. 요약재무정보
가. 요약연결재무정보
(단위 : 원)
구분
제47기말
제46기말
제45기말
(2022년 12월 말)
(2021년 12월 말)
(2020년 12월 말)
[유동자산]
14,280,104,000,000
8,768,021,000,000
2,237,239,000,000
현금및현금성자산
4,980,161,000,000
1,724,952,000,000
1,140,700,000,000
자산총계
25,973,455,000,000
17,876,100,000,000
9,373,360,000,000
[유동부채]
2,051,767,000,000
2,524,663,000,000
2,880,669,000,000
[비유동부채]
3,233,776,000,000
4,993,143,000,000
4,804,143,000,000
부채총계
5,285,543,000,000
7,517,806,000,000
7,684,812,000,000
[자본금]
2,445,197,000,000
2,445,197,000,000
1,633,632,000,000
[이익잉여금(결손금)]
10,543,289,000,000
780,591,000,000
-4,443,893,000,000
[비지배지분]
1,597,000,000
1,025,000,000
1,197,000,000
자본총계
20,687,912,000,000
10,358,294,000,000
1,688,548,000,000
(단위 : 원)
구분
제47기
제46기
제45기
2022.01.01
~2022.12.31
2021.01.01
~2021.12.31
2020.01.01
~2020.12.31
매출액
18,582,770,000,000
13,794,148,000,000
6,413,270,000,000
영업이익(손실)
9,951,555,000,000
7,377,522,000,000
980,781,000,000
당기순이익(손실)
10,085,439,000,000
5,337,151,000,000
123,966,000,000
기본주당손익(단위 : 원)
20,556
13,506
103
희석주당손익(단위 : 원)
9,868
5,191
72