에이피알 / 2023.03.29 사업보고서
1. 요약재무정보
가. 요약연결재무정보
(단위 : 원)
과 목
제9 기
제 8기
제 7기
2022년 12월말
2021년 12월말
2020년 12월말
[유동자산]
137,024,020,095
90,318,935,738
62,817,954,586
ㆍ현금및현금성자산
57,253,261,626
33,798,982,850
29,618,192,919
ㆍ매출채권및기타채권
21,070,155,714
13,762,670,732
10,599,063,509
ㆍ재고자산
50,460,161,074
37,831,063,627
18,560,580,552
ㆍ기타
8,240,441,681
4,926,218,529
4,040,117,606
[비유동자산]
47,098,602,719
36,109,894,412
29,010,706,735
ㆍ기타비유동금융자산
6,686,564,078
5,371,226,327
4,261,695,166
ㆍ유형자산
8,776,936,033
7,168,215,109
4,975,399,413
ㆍ사용권자산
16,046,761,157
13,636,505,106
13,197,575,572
ㆍ무형자산
2,105,886,103
1,329,453,993
1,224,897,255
ㆍ기타
13,482,455,348
8,604,493,877
5,351,139,329
자산총계
184,122,622,814
126,428,830,150
91,828,661,321
[유동부채]
76,266,539,344
50,064,266,575
29,046,487,205
[비유동부채]
7,598,088,754
10,363,482,951
11,082,258,968
부채총계
83,864,628,098
60,427,749,526
40,128,746,173
[지배기업 소유주지분]
100,257,994,716
66,001,080,624
51,699,915,148
[자본금]
3,592,604,000
3,495,104,000
3,447,104,000
[기타불입자본]
52,142,603,182
46,718,489,482
44,262,935,494
[기타자본]
670,133,075
1,858,558,700
2,107,948,808
[기타포괄손익누계액]
522,402,509
(47,054,324)
(616,682,991)
[이익잉여금]
43,330,251,950
13,975,982,766
2,498,609,837
[비지배지분]
-
-
-
자본총계
100,257,994,716
66,001,080,624
51,699,915,148
부채및자본총계
184,122,622,814
126,428,830,150
91,828,661,321
2022년 1월 1일~ 2022년 12월 31일
2021년 1월 1일~ 2021년 12월 31일
2020년 1월 1일~ 2020년 12월 31일
매출액
397,698,119,336
259,146,144,182
219,939,337,665
영업이익
39,228,479,397
14,273,152,154
14,469,696,877
법인세비용차감전순이익
38,923,200,581
13,737,679,498
8,853,878,654
당기순이익
29,954,676,293
11,398,827,028
7,891,717,267
지배기업 소유주지분
29,954,676,293
11,398,827,028
7,891,717,267
비지배지분
-
-
-
보통주기본주당순이익
4,221
1,642
1,269
보통주희석주당순이익
4,212
1,621
1,251
연결에 포함된 회사 수
11
8
9
※ 연결에 포함된 회사 수는 각 기말 현재 기준 연결대상 기업 수 입니다.
나. 요약별도재무정보
(단위 : 원)
과 목
제9 기
제 8기
제 7기
2022년 12월말
2021년 12월말
2020년 12월말
[유동자산]
129,147,344,520
81,874,905,885
39,816,433,876
ㆍ현금및현금성자산
48,453,333,325
21,638,142,486
11,330,016,610
ㆍ매출채권및기타채권
23,101,592,020
18,769,763,435
13,671,233,184
ㆍ재고자산
50,460,161,074
37,831,063,627
11,926,902,244
ㆍ기타
7,132,258,101
3,635,936,337
2,888,281,838
[비유동자산]
51,139,954,953
46,732,050,817
46,047,234,174
ㆍ종속기업투자
6,451,713,014
13,016,222,987
23,772,831,619
ㆍ기타비유동금융자산
6,258,553,218
5,029,130,296
4,645,442,126
ㆍ유형자산
8,402,955,708
6,715,317,299
2,964,467,806
ㆍ사용권자산
14,503,419,983
12,656,093,456
8,957,495,896
ㆍ무형자산
1,989,391,302
1,329,453,993
1,090,052,298
ㆍ기타
13,533,921,728
7,985,832,786
4,616,944,429
자산총계
180,287,299,473
128,606,956,702
85,863,668,050
[유동부채]
72,450,197,500
50,368,868,520
23,187,037,268
[비유동부채]
7,602,487,885
9,647,966,145
8,586,576,106
부채총계
80,052,685,385
60,016,834,665
31,773,613,374
[자본금]
3,592,604,000
3,495,104,000
3,447,104,000
[기타불입자본]
51,881,983,500
46,457,869,800
45,267,023,576
[기타자본]
670,133,075
1,858,558,700
2,107,948,808
[기타포괄손익누계액]
894,729,858
255,979,049
(628,084,486)
[이익잉여금]
43,195,163,655
16,522,610,488
3,896,062,778
자본총계
100,234,614,088
68,590,122,037
54,090,054,676
부채및자본총계
180,287,299,473
128,606,956,702
85,863,668,050
종속·관계·공동기업 투자주식의 평가방법
지분법
공정가치법
지분법
공정가치법
지분법
2022년 1월 1일~ 2022년 12월 31일
2021년 1월 1일~ 2021년 12월 31일
2020년 1월 1일~ 2020년 12월 31일
매출액
398,593,142,555
228,867,820,140
170,610,580,231
영업이익
43,612,419,759
8,535,939,577
2,703,057,609
법인세비용차감전순이익
36,051,922,071
13,728,216,465
6,688,165,786
당기순이익
27,291,994,622
12,548,001,809
8,317,555,099
보통주기본주당순이익
3,846
1,808
1,338
보통주희석주당순이익
3,837
1,784
1,318