세림B&G / 2023.03.30 [정정] 사업보고서
1. 요약재무정보
(단위 : 원)
구분
제4기
제3기
제2기
(2022년말)
(2021년말)
(2020년말)
[유동자산]
25,770,000,000
24,257,000,000
10,388,000,000
[비유동자산]
20,025,000,000
19,605,000,000
17,516,000,000
자산총계
45,795,000,000
43,862,000,000
27,904,000,000
[유동부채]
14,772,000,000
14,706,000,000
12,413,000,000
[비유동부채]
1,808,000,000
2,993,000,000
4,402,000,000
부채총계
16,580,000,000
17,699,000,000
16,815,000,000
자본금
2,838,000,000
2,739,000,000
500,000,000
이익잉여금
9,323,000,000
7,133,000,000
10,589,000,000
자본총계
29,215,000,000
26,162,000,000
11,089,000,000
부채와 자본총계
45,795,000,000
43,862,000,000
27,904,000,000
구분
제4기 (2022.01.01.~ 2022.12.31.)
제3기 (2021.01.01.~ 2021.12.31.)
제2기 (2020.01.01.~ 2020.12.31.)
매출액
52,526,000,000
47,675,000,000
39,441,000,000
영업이익
2,692,000,000
2,101,000,000
2,400,000,000
당기순이익
2,198,000,000
(3,098,000,000)
2,354,000,000
주당순이익(원)
79
(206)
116