제이엔케이글로벌 / 2023.03.31 [정정] 사업보고서
1. 요약재무정보
가. 요약연결재무정보
(단위 : 원)
구분
제 25 기(개별)
제 24 기(연결)
제 23 기(연결)
(2022년 12월말)
(2021년 12월말)
(2020년 12월말)
[유동자산]
162,383,043,852
128,752,947,850
114,921,480,890
자산총계
239,472,274,713
203,911,555,234
189,586,427,847
[유동부채]
105,883,132,396
84,573,800,042
76,758,494,355
부채총계
126,312,230,737
96,500,640,014
84,954,684,021
[자본금]
11,602,451,500
11,602,451,500
11,602,451,500
[이익잉여금]
20,246,029,542
12,875,153,274
9,664,403,258
[소수주주지분]
-
1,287,341,812
2,103,887,513
자본총계
113,160,043,976
107,410,915,220
104,631,743,826
(2022.01.01~2022.12.31)
(2021.01.01~2021.12.31)
(2020.01.01~2020.12.31)
매출액
197,104,167,668
131,258,487,411
191,860,473,307
영업이익(손실)
6,927,168,613
1,341,172,623
6,941,657,017
당기순이익
7,389,298,992
3,330,269,737
2,258,217,824
주당순이익
313
140
95