에스원 / 2023.03.07 사업보고서
1. 요약재무정보
1) 요약연결재무정보
(단위 : 원)
구 분
제 46 기
(2022년 12월말)
제 45 기
(2021년 12월말)
제 44 기
(2020년 12월말)
[유동자산]
950,422,000,000
864,356,000,000
797,745,000,000
ㆍ현금및현금성자산
238,856,000,000
218,900,000,000
213,173,000,000
[비유동자산]
1,125,237,000,000
1,108,617,000,000
1,108,945,000,000
자산총계
2,075,659,000,000
1,972,973,000,000
1,906,690,000,000
[유동부채]
444,738,000,000
417,273,000,000
412,946,000,000
[비유동부채]
107,932,000,000
112,804,000,000
109,559,000,000
부채총계
552,670,000,000
530,077,000,000
522,505,000,000
[지배기업의 소유지분]
1,522,966,000,000
1,442,871,000,000
1,384,160,000,000
ㆍ자본금
19,000,000,000
19,000,000,000
19,000,000,000
ㆍ이익잉여금
1,460,752,000,000
1,378,587,000,000
1,324,033,000,000
[비지배지분]
23,000
25,000
25,000
자본총계
1,522,989,000,000
1,442,896,000,000
1,384,185,000,000
구 분
제 46 기 (2022년 1월 1일~ 2022년 12월 31일)
제 45 기 (2021년 1월 1일~ 2021년 12월 31일)
제 44 기 (2020년 1월 1일~ 2020년 12월 31일)
매출액
2,467,960,000,000
2,312,489,000,000
2,223,341,000,000
영업이익
204,139,000,000
179,665,000,000
204,463,000,000
연결당기순이익
151,031,000,000
128,991,000,000
142,090,000,000
기본 주당순이익
4,467
3,815
4,203
희석 주당순이익
4,467
3,815
4,203