드림시큐리티 / 2023.03.20 사업보고서
1. 요약재무정보
가. 요약연결재무상태표
(단위: 원)
구분
제9기
제8기
제7기
자산총계
390,836,741,095
348,935,133,310
281,660,207,890
부채총계
305,451,917,704
275,376,390,179
159,156,515,673
자본총계
85,384,823,391
73,558,743,131
122,503,692,217
나. 요약연결포괄손익계산서
(단위 : 원)
구분
제9기
제8기
제7기
매출액
224,194,724,198
189,510,984,336
158,408,332,970
영업이익
25,249,946,273
17,672,823,539
13,050,945,076
당기순이익(손실)
9,675,895,026
15,037,150,229
6,177,768,498
총포괄손익
10,505,476,528
16,179,503,036
6,146,489,164
기본주당순이익(손실)
191
258
99
희석주당순이익(손실)
191
258
99