한창제지 / 2023.03.21 사업보고서
1. 요약재무정보
(단위 : 원)
구분
제 51 기
제 50 기
제 49 기
2022년 12월말
2021년 12월말
2020년 12월말
[유동자산]
103,713,000,000
122,054,000,000
92,687,000,000
ㆍ현금및현금성자산
13,533,000,000
52,370,000,000
28,709,000,000
[비유동자산]
179,350,000,000
126,544,000,000
88,395,000,000
자산총계
283,062,000,000
248,598,000,000
181,082,000,000
[유동부채]
97,228,000,000
63,512,000,000
64,858,000,000
[비유동부채]
75,403,000,000
76,541,000,000
21,514,000,000
부채총계
172,631,000,000
140,053,000,000
86,372,000,000
[자본금]
29,834,000,000
29,834,000,000
29,834,000,000
[이익잉여금]
72,141,000,000
70,235,000,000
56,375,000,000
자본총계
110,431,000,000
108,545,000,000
94,710,000,000
2022년 1월1일 ~ 2022년 12월31일
2021년 1월1일 ~ 2021년 12월31일
2021년 1월1일 ~ 2021년 12월31일
매출액
214,924,000,000
182,210,000,000
171,478,000,000
영업이익
1,286,000,000
17,763,000,000
17,247,000,000
당기순이익
1,261,000,000
15,022,000,000
10,590,000,000
주당순이익(원)
21
252
177