삼영엠텍 / 2023.03.21 사업보고서
1. 요약재무정보
가. 요약연결재무정보
(단위 : 원)
구분
제26기
(2022년)
제25기
(2021년)
제24기
(2020년)
1.유동자산
61,900,876,884
66,115,275,943
58,272,996,533
현금및현금성자산
8,768,123,079
8,344,326,926
8,108,416,088
매출채권및기타채권
12,463,080,943
13,017,973,228
9,182,806,906
재고자산
23,378,406,478
24,819,285,405
19,122,627,418
기타수취채권외
17,291,266,384
19,933,690,384
21,859,146,121
2.비유동자산
39,400,742,090
44,266,748,849
53,334,908,065
장기매출채권및기타채권
883,931,480
1,003,275,380
289,416,120
유형자산
25,419,859,123
28,248,527,808
37,107,813,666
사용권자산
93,941,529
397,383,621
266,626,965
무형자산
549,951,891
317,530,761
1,054,726,766
기타금융자산외
12,453,058,067
14,300,031,279
14,616,324,548
자산총계
101,301,618,974
110,382,024,792
111,607,904,598
1.유동부채
36,855,524,149
35,307,107,991
31,331,551,203
매입채무및기타채무
7,781,376,733
7,279,847,131
5,849,731,688
단기차입금
23,790,971,072
24,750,151,528
18,357,589,216
전환사채
-
-
4,882,514,135
기타유동부채
5,283,176,344
3,277,109,332
2,241,716,164
2.비유동부채
1,017,660,327
2,041,448,286
1,873,211,030
부채총계
37,873,184,476
37,348,556,277
33,204,762,233
1.자본금
7,513,150,500
7,513,150,500
6,772,413,500
2.자본잉여금
18,508,338,853
18,508,338,853
14,274,860,140
3.기타자본항목
(1,087,860,535)
(1,087,860,535)
(4,927,682,573)
4.기타포괄손익누계액
1,061,563,900
1,166,133,399
(568,864,463)
5.이익잉여금(결손금)
36,366,895,635
45,365,230,999
60,539,114,720
비지배지분
1,066,346,145
1,568,475,299
2,313,301,041
자본총계
63,428,434,498
73,033,468,515
78,403,142,365
(2022.01.01~ 2022.12.31)
(2021.01.01~ 2021.12.31)
(2020.01.01~ 2020.12.31)
매출액
90,676,947,922
69,812,139,404
68,020,419,205
영업이익
(3,181,086,714)
821,438,396
903,299,411
당기순이익
(8,723,170,466)
(7,734,487,117)
6,976,303,832
총포괄손익
(8,755,934,017)
(5,678,560,883)
7,017,346,605
지배기업의 소유지분에 대한 주당순이익(원)
(679)
(572)
576
연결에 포함된 종속기업수
3
3
3