케이티앤지 / 2023.03.20 사업보고서
1. 요약재무정보
가. 요약연결재무정보
(단위 : 원)
구분
제36기
제35기
제34기
[유동자산]
6,509,585,000,000
6,255,862,000,000
6,750,383,000,000
ㆍ현금및현금성자산
1,401,018,000,000
946,571,000,000
1,253,611,000,000
자산총액
12,301,716,000,000
11,637,271,000,000
11,468,383,000,000
[유동부채]
2,527,315,000,000
2,063,946,000,000
1,991,492,000,000
[비유동부채]
415,821,000,000
364,463,000,000
385,319,000,000
부채총계
2,943,136,000,000
2,428,409,000,000
2,376,811,000,000
[자본금]
954,959,000,000
954,959,000,000
954,959,000,000
[이익잉여금]
2,251,940,000,000
2,060,256,000,000
2,102,475,000,000
[비지배지분]
42,936,000,000
50,076,000,000
54,721,000,000
자본총계
9,358,580,000,000
9,208,862,000,000
9,091,572,000,000
(22.01.01~12.31)
(21.01.01~12.31)
(20.01.01~12.31)
매출액
5,851,406,000,000
5,228,352,000,000
5,055,311,000,000
영업이익
1,267,650,000,000
1,338,383,000,000
1,473,183,000,000
당기순이익
1,005,327,000,000
971,759,000,000
1,171,643,000,000
총포괄손익
1,082,573,000,000
1,061,237,000,000
1,121,767,000,000
주당순이익(원)
8,489
7,898
9,320