와이엔텍 / 2023.03.20 사업보고서
1. 요약재무정보
가. 요약연결재무정보
(단위 : 원)
구분
제 33 기
제 32 기
제 31 기
2022년 12월말
2021년 12월말
2020년12월말
[유동자산]
44,281,097,643,000
31,835,488,290,000
38,403,999,115,000
ㆍ현금및현금성자산
25,205,643,151,000
17,992,712,863,000
23,955,790,134,000
[비유동자산]
236,807,913,035,000
262,677,750,591,000
221,768,488,142,000
자산총계
281,089,010,678,000
294,513,238,881,000
260,172,487,257,000
[유동부채]
57,125,390,316,000
64,347,811,341,000
64,521,915,923,000
[비유동부채]
24,185,514,243,000
38,492,408,659,000
38,458,810,865,000
부채총계
81,310,904,559,000
102,840,220,000,000
102,980,726,788,000
[자본금]
9,099,829,500,000
9,099,829,500,000
9,099,829,500,000
[이익잉여금]
171,298,744,292,000
147,073,450,277,000
123,824,475,054,000
자본총계
199,778,106,119,000
191,673,018,881,000
157,191,760,469,000
2022.01.01~ 2022.12.31
2021.01.01~ 2021.12.31
2020.01.01~ 2020.12.31
매출액
123,802,551,618,000
111,788,910,608,000
106,033,655,328,000
영업이익
33,495,811,696,000
32,418,072,765,000
31,696,873,181,000
당기순이익
24,633,946,113,000
23,241,545,823,000
21,890,100,887,000
주당순이익
1,361
1,281
1,203
연결에 포함된 회사수
1
1
1