동방 / 2023.03.23 사업보고서
1. 요약재무정보
가. 요약연결재무정보
(단위 : 원)
사업연도
구분
제58기
제57기
제56기
(2022년 12월 말)
(2021년 12월 말)
(2020년 12월 말)
[유동자산]
204,702,000,000
142,533,000,000
128,425,000,000
현금및현금성자산
43,153,000,000
18,463,000,000
13,800,000,000
매출채권및기타채권
131,584,000,000
100,931,000,000
97,993,000,000
재고자산
12,086,000,000
6,432,000,000
4,049,000,000
[비유동자산]
363,263,000,000
388,722,000,000
398,397,000,000
유형자산
209,831,000,000
201,649,000,000
206,858,000,000
무형자산
16,070,000,000
11,819,000,000
10,762,000,000
자산총계
567,965,000,000
531,256,000,000
526,822,000,000
[유동부채]
296,862,000,000
174,351,000,000
254,629,000,000
[비유동부채]
140,823,000,000
225,448,000,000
155,423,000,000
부채총계
437,685,000,000
399,799,000,000
410,052,000,000
[자본금]
52,600,000,000
52,600,000,000
44,275,000,000
[이익잉여금]
30,828,000,000
28,002,000,000
29,923,000,000
[소수주주지분]
1,937,000,000
2,117,000,000
3,241,000,000
자본총계
130,280,000,000
131,457,000,000
116,770,000,000
(2022.1.1~ 2022.12.31)
(2021.1.1~ 2021.12.31)
(2020.1.1~ 2020.12.31)
매출액
758,533,000,000
595,947,000,000
592,054,000,000
영업이익
27,568,000,000
27,775,000,000
24,590,000,000
당기순이익
1,299,000,000
(360,000,000)
13,397,000,000
지배기업주주지분순이익
817,000,000
(793,000,000)
13,107,000,000
주당순이익(단위 : 원)
17
-20
376
기본주당이익
17
-20
376
희석주당이익
17
-20
368