빅텍 / 2023.03.14 사업보고서
1. 요약재무정보
(단위 : 원)
구분
제 27 기
제 26 기
제 25 기
(2022년말)
(2021년말)
(2020년말)
[유동자산]
50,592,000,000
54,998,000,000
75,168,000,000
ㆍ현금및현금성자산
11,804,000,000
3,190,000,000
4,318,000,000
[비유동자산]
45,620,000,000
37,870,000,000
37,566,000,000
자산총계
96,212,000,000
92,868,000,000
112,734,000,000
[유동부채]
16,353,000,000
28,704,000,000
53,670,000,000
[비유동부채]
18,815,000,000
5,871,000,000
6,806,000,000
부채총계
35,168,000,000
34,575,000,000
60,476,000,000
[자본금]
5,731,000,000
5,731,000,000
5,731,000,000
[이익잉여금]
26,139,000,000
26,052,000,000
20,643,000,000
자본총계
61,044,000,000
58,293,000,000
52,258,000,000
(2022.01.01~2022.12.31)
(2021.01.01~2021.12.31)
(2020.1.1~2020.12.31)
매출액
74,375,000,000
102,466,000,000
67,287,000,000
영업손익
1,653,000,000
7,133,000,000
3,162,000,000
당기순손익
(232,000,000)
5,264,000,000
2,948,000,000
기본및희석주당순손익(단위:원)
(8)
184
106
[( )안은 부(-)의 수치임]
※ 상기 요약재무정보는 주식회사의 외부감사에 관한 법률에 따라 제정된 한국채택 국제회계기준 에 따라 작성되었습니다.