HD현대미포 / 2023.03.20 [정정] 사업보고서
1. 요약재무정보
가. 요약연결재무정보
(단위 : 원)
구분
제 49 기
제 48 기
제 47 기
(2022년 12월말)
(2021년 12월말)
(2020년 12월말)
[유동자산]
2,724,476,000,000
2,046,698,000,000
1,879,238,000,000
ㆍ현금 및 현금성자산
490,144,000,000
400,371,000,000
532,734,000,000
자산총계
4,748,246,000,000
3,878,320,000,000
3,599,026,000,000
[유동부채]
2,499,087,000,000
1,612,004,000,000
1,191,005,000,000
[비유동부채]
73,895,000,000
62,017,000,000
40,542,000,000
부채총계
2,572,982,000,000
1,674,021,000,000
1,231,547,000,000
[자본금]
199,711,000,000
199,711,000,000
199,711,000,000
[연결이익잉여금]
1,599,779,000,000
1,633,373,000,000
1,802,580,000,000
[비지배지분]
40,450,000,000
40,627,000,000
40,923,000,000
자본총계
2,175,264,000,000
2,204,299,000,000
2,367,479,000,000
(2022.01.01~ 2022.12.31)
(2021.01.01~ 2021.12.31)
(2020.01.01~ 2020.12.31)
매출액
3,716,861,000,000
2,887,212,000,000
2,792,011,000,000
영업이익(손실)
(109,066,000,000)
(217,325,000,000)
36,690,000,000
연결당기순이익(손실)
(43,767,000,000)
(160,109,000,000)
(12,262,000,000)
주당순이익(손실) (원)
(1,118)
(4,004)
(489)
연결에 포함된 종속기업 수
2
2
2
【( )는 부(-)의 수치임】
※ 상기 연결재무제표는 한국채택국제회계기준 작성기준에 따라 작성되었습니다.
나. 요약재무정보
(단위 : 원)
구분
제 49 기
제 48 기
제 47 기
(2022년 12월말)
(2021년 12월말)
(2020년 12월말)
[유동자산]
2,945,102,000,000
2,158,881,000,000
1,942,434,000,000
ㆍ현금및현금성자산
431,837,000,000
372,687,000,000
502,627,000,000
자산총계
4,780,699,000,000
3,857,973,000,000
3,553,619,000,000
[유동부채]
2,592,826,000,000
1,647,348,000,000
1,198,176,000,000
[비유동부채]
66,727,000,000
54,428,000,000
32,145,000,000
부채총계
2,659,553,000,000
1,701,776,000,000
1,230,321,000,000
[자본금]
199,711,000,000
199,711,000,000
199,711,000,000
[이익잉여금]
1,561,094,000,000
1,597,653,000,000
1,766,642,000,000
자본총계
2,121,146,000,000
2,156,197,000,000
2,323,298,000,000
(2022.01.01~ 2022.12.31)
(2021.01.01~ 2021.12.31)
(2020.01.01~ 2020.12.31)
매출액
3,695,798,000,000
2,857,835,000,000
2,780,781,000,000
영업이익(손실)
(118,392,000,000)
(226,552,000,000)
6,579,000,000
당기순이익(손실)
(41,531,000,000)
(159,839,000,000)
(31,072,000,000)
기본주당순이익(손실) (원)
(1,041)
(4,008)
(779)
【 ( )는 부(-)의 수치임】
※ 상기 재무제표는 한국채택국제회계기준 작성기준에 따라 작성되었습니다.