대교 / 2023.07.13 [정정] 사업보고서
1. 요약재무정보
가. 요약 연결 재무정보
(단위: 원)
과목
제36기
제35기
제34기
2022년 12월말
2021년 12월말
2020년 12월말
[유동자산]
125,924,567,674,000
224,924,315,740,000
220,216,070,996,000
ㆍ현금및현금성자산
29,681,413,152,000
51,199,968,615,000
45,417,122,807,000
자산총계
666,723,788,672,000
813,566,532,780,000
845,161,976,169,000
[유동부채]
176,442,427,157,000
183,531,939,810,000
177,940,368,479,000
[비유동부채]
85,891,221,639,000
113,632,746,329,000
108,335,078,574,000
부채총계
262,333,648,796,000
297,164,686,139,000
286,275,447,053,000
[자본금]
52,064,920,000,000
52,064,920,000,000
52,064,920,000,000
[이익잉여금]
375,275,317,511,000
498,447,036,464,000
544,499,378,982,000
[비지배지분]
5,922,630,198,000
10,187,660,025,000
3,538,868,978,000
자본총계
404,390,139,876,000
516,401,846,641,000
558,886,529,116,000
대상기간
2022년 1월 1일부터 2022년 12월 31일까지
2021년 1월 1일 부터 2021년 12월 31일 까지
2020년 1월 1일 부터 2020년 12월 31일 까지
매출액
683,076,343,749,000
638,394,752,559,000
627,005,589,815,000
영업이익
-49,959,384,890,000
-28,312,392,021,000
-28,026,933,362,000
당기순이익
-136,174,498,275,000
-42,448,478,000,000
-18,181,601,393,000
지배회사지분순이익
-134,080,246,605,000
-43,634,321,834,000
-17,563,751,822,000
비지배지분순이익
-2,094,251,670,000
1,185,843,834,000
-617,849,571,000
기본주당순이익(원)
-1,959
-650
-274
연결에 포함된 회사수
14
16
17