LG생활건강 / 2023.03.20 사업보고서
1. 요약재무정보
가. 요약연결재무정보
(단위 : 백만원)
구분
제22기
제21기
제20기
(2022년 12월말)
(2021년 12월말)
(2020년 12월말)
[유동자산]
2,284,389
2,472,884
1,982,769
매출채권 및 기타채권
602,886
592,965
637,792
재고자산
955,433
1,000,656
808,966
기타유동자산
726,070
879,263
536,011
[비유동자산]
5,018,541
5,082,355
4,818,647
유형자산
2,383,867
2,449,112
2,329,834
무형자산
2,100,587
2,168,720
2,063,443
기타비유동자산
534,087
464,523
425,370
자산총계
7,302,930
7,555,239
6,801,416
[유동부채]
1,162,758
1,525,845
1,479,724
[비유동부채]
671,336
531,562
472,496
부채총계
1,834,094
2,057,407
1,952,220
[자본금]
88,589
88,589
88,589
[자본잉여금]
97,326
97,326
97,326
[이익잉여금]
5,542,447
5,484,022
4,805,404
[기타포괄손익누계액]
(83,209)
(64,496)
(124,122)
[기타자본항목]
(305,870)
(217,432)
(111,217)
[소수주주지분]
129,553
109,823
93,216
자본총계
5,468,836
5,497,832
4,849,196
자본과 부채총계
7,302,930
7,555,239
6,801,416
2022.01.01~ 2022.12.31
2021.01.01~ 2021.12.31
2020.01.01~ 2020.12.31
매출액
7,185,759
8,091,511
7,844,506
영업이익
711,123
1,289,630
1,220,865
당기순이익
258,340
861,128
813,101
지배주주지분순이익
236,572
844,523
797,629
구분
제22기
제21기
제20기
(2022년 12월말)
(2021년 12월말)
(2020년 12월말)
소수주주지분순이익
21,768
16,604
15,472
주당이익
14,112
50,395
47,596
연결에 포함된 회사수
34
36
35
나. 요약 별도재무정보
(단위 : 백만원)
구분
제22기
제21기
제20기
2022년 12월말
2021년 12월말
2020년 12월말
[유동자산]
861,079
1,253,655
892,926
매출채권 및 기타채권
314,557
441,423
378,760
재고자산
410,318
424,544
401,986
기타유동자산
136,205
387,688
112,180
[비유동자산]
3,846,245
3,858,726
3,668,006
유형자산
1,138,609
1,149,343
1,133,245
무형자산
898,605
905,392
930,916
기타비유동자산
1,809,031
1,803,991
1,603,845
자산총계
4,707,324
5,112,381
4,560,931
[유동부채]
408,372
765,934
670,223
[비유동부채]
170,859
125,133
97,234
부채총계
579,231
891,067
767,457
[자본금]
88,589
88,589
88,589
[자본잉여금]
97,326
97,326
97,326
[이익잉여금]
3,919,984
4,013,008
3,585,019
[기타포괄손익누계액]
(2,678)
(2,481)
(2,331)
[기타자본항목]
24,872
24,872
24,872
자본총계
4,128,093
4,221,314
3,793,474
자본과 부채총계
4,707,324
5,112,381
4,560,931
종속ㆍ관계ㆍ공동기업 투자주식의 평가방법
원가법
원가법
원가법
2022.01.01~ 2022.12.31
2021.01.01~ 2021.12.31
2020.01.01~ 2020.12.31
매출액
3,783,321
4,956,148
4,418,257
구분
제22기
제21기
제20기
2022년 12월말
2021년 12월말
2020년 12월말
영업이익
428,277
980,044
785,609
당기순이익
76,951
607,236
618,439
주당이익
4,586
36,234
36,902