삼천리 / 2023.03.16 사업보고서
1. 요약재무정보
가. 요약연결재무정보
(단위 : 원)
구분
제 57기
제 56기
제 55기
(2022.12.31.)
(2021.12.31.)
(2020.12.31.)
자산총계
5,021,952,000,000
4,245,309,000,000
3,859,947,000,000
부채총계
3,482,673,000,000
2,785,182,000,000
2,469,141,000,000
자본총계
1,539,279,000,000
1,460,127,000,000
1,390,806,000,000
(2022.01.01.~ 2022.12.31.)
(2021.01.01.~ 2021.12.31.)
(2020.01.01.~ 2020.12.31.)
매출액
5,789,105,000,000
3,769,311,000,000
3,208,032,000,000
영업이익
91,236,000,000
71,756,000,000
94,564,000,000
당기순이익
66,729,000,000
71,110,000,000
27,252,000,000
지배기업의 소유주지분
49,262,000,000
59,528,000,000
31,966,000,000
기본및희석주당순이익(원)
14,387
17,385
9,248