로보로보 / 2023.03.17 사업보고서
1. 요약재무정보
가. 요약연결재무정보
(단위 : 원)
제8기
제7기
제6기
(2022년 12월말)
(2021년 12월말)
(2020년 12월말)
[유동자산]
15,722,890,000,000
17,454,709,000,000
15,066,153,000,000
현금및현금성자산
2,094,178,000,000
4,195,438,000,000
588,903,000,000
[비유동자산]
15,941,974,000,000
13,883,890,000,000
9,808,228,000,000
자산총계
31,664,864,000,000
31,338,599,000,000
24,874,381,000,000
[유동부채]
2,056,236,000,000
909,964,000,000
1,278,236,000,000
[비유동부채]
67,264,000,000
117,600,000,000
163,554,000,000
부채총계
2,123,500,000,000
1,027,564,000,000
1,441,790,000,000
[자본금]
2,034,845,000,000
2,034,845,000,000
1,779,845,000,000
[이익잉여금]
7,837,215,000,000
8,189,091,000,000
9,508,593,000,000
자본총계
29,541,364,000,000
30,311,035,000,000
23,432,591,000,000
관계기업 투자주식의 평가방법
지분법
지분법
지분법
(2022.1.1~
2022.12.31)
(2021.1.1~
2021.12.31)
(2020.1.1~
2020.12.31)
매출액
11,863,068,000,000
7,619,903,000,000
4,842,599,000,000
영업이익(영업손실)
(181,934,000,000)
(1,523,724,000,000)
(2,558,792,000,000)
당기순이익(당기순손실)
(350,278,000,000)
(1,308,524,000,000)
(3,051,953,000,000)
지배회사지분순이익(손실)
(351,875,000,000)
(1,319,503,000,000)
(3,051,222,000,000)
기본주당순이익(손실)(단위:원)
(17)
(70)
(173)
연결에 포함된 회사수
4
4
2
[( )는 음(-)의 수치임]
(*) 상기 연결재무제표는 주주총회 승인전 연결재무제표 입니다. 향후 정기주주총회에서 연결재무 제표 승인 관련 안건이 부결되거나 수정이 발생한 경우 정정보고서를 통해 그 내용 및 사유 등을 반영할 예정입니다.
나. 요약재무정보
(단위 : 원)
제8기
제7기
제6기
(2022년 12월말)
(2021년 12월말)
(2020년 12월말)
[유동자산]
14,766,994,000,000
16,739,275,000,000
15,274,578,000,000
현금및현금성자산
1,212,068,000,000
3,767,908,000,000
404,390,000,000
[비유동자산]
16,570,190,000,000
13,901,984,000,000
9,436,448,000,000
자산총계
31,337,185,000,000
30,641,258,000,000
24,711,026,000,000
[유동부채]
1,762,315,000,000
547,201,000,000
1,099,770,000,000
[비유동부채]
63,811,000,000
91,109,000,000
80,420,000,000
부채총계
1,826,126,000,000
638,310,000,000
1,180,191,000,000
[자본금]
2,034,845,000,000
2,034,845,000,000
1,779,845,000,000
[이익잉여금]
7,585,680,000,000
7,909,712,000,000
9,606,837,000,000
자본총계
29,511,058,000,000
30,002,948,000,000
23,530,835,000,000
매출액
7,852,364,000,000
5,802,015,000,000
4,386,164,000,000
영업이익(영업손실)
77,714,000,000
(773,673,000,000)
(1,578,931,000,000)
당기순이익(당기순손실)
(324,031,000,000)
(1,697,125,000,000)
(2,952,979,000,000)
기본주당순이익(손실)(단위:원)
(16)
(90)
(168)
[( )는 음(-)의 수치임]
(*) 상기 재무제표는 주주총회 승인전 재무제표 입니다. 향후 정기주주총회에서 재무제표 승인 관 련 안건이 부결되거나 수정이 발생한 경우 정정보고서를 통해 그 내용 및 사유 등을 반영할 예정입 니다.