성창기업지주 / 2023.03.14 사업보고서
1. 요약재무정보
가. 요약연결재무정보
(단위 : 원)
구분
제93기
제92기
제91기
[비유동자산]
726,070,000,000
629,780,000,000
628,685,000,000
[유동자산]
94,244,000,000
73,960,000,000
78,708,000,000
자산총계
820,314,000,000
703,740,000,000
707,393,000,000
[자본금]
36,000,000,000
36,000,000,000
36,000,000,000
[이익잉여금]
190,091,000,000
202,070,000,000
195,709,000,000
[비지배지분]
127,000,000
56,000,000
210,000,000
자본총계
595,773,000,000
539,251,000,000
532,938,000,000
[비유동부채]
88,924,000,000
74,793,000,000
85,639,000,000
[유동부채]
135,617,000,000
89,696,000,000
88,816,000,000
부채총계
224,541,000,000
164,489,000,000
174,455,000,000
매출액
227,520,000,000
197,940,000,000
170,917,000,000
영업이익(손실)
(11,487,000,000)
10,472,000,000
8,033,000,000
법인세비용차감전순이익(손실)
(12,903,000,000)
8,192,000,000
7,478,000,000
당기순이익(손실)
(13,134,000,000)
5,938,000,000
5,064,000,000
지배주주지분
(13,200,000,000)
6,093,000,000
5,072,000,000
총포괄손익
58,914,000,000
7,143,000,000
7,865,000,000
주당순이익(원)
(206)
94
78