보라티알 / 2023.03.23 [정정] 사업보고서
1. 요약재무정보
1) 요약 연결 재무제표
보라티알/사업보고서/2023.03.23
요약연결재무정보는 한국채택국제회계기준(K-IFRS) 작성기준에 따라 작성되었습니 다. 당기보고서에 비교 표시된 제7기 및 제6기 연결재무제표도 외부감사인의 감사를 받은 재무정보이며, 주주총회 승인 전 재무제표입니다.
(단위: 원)
과목
제 8기
(2022년 12월말)
제 7기
(2021년 12월말)
제 6기
(2020년 12월말)
I. 유동자산
60,513,166,455
44,026,766,427
53,745,201,092
1. 현금및현금성자산
11,421,083,623
9,762,878,199
13,281,508,184
2. 매출채권 및 기타수취채권
7,615,671,164
7,218,515,340
5,987,834,289
3. 당기손익-공정가치금융자산
2,035,980,422
4,096,418,048
11,025,084,595
4. 기타금융자산
14,320,000,000
4,018,951,797
8,594,273,687
5. 재고자산
20,041,281,877
15,534,433,533
12,094,843,433
6. 기타유동자산
5,079,149,369
2,430,631,851
2,761,656,904
7. 매각예정비유동자산
-
964,937,659
-
II. 비유동자산
42,985,941,151
44,589,109,771
27,614,505,677
1. 기타장기수취채권
20,075,981,908
19,840,930,000
463,769,900
2. 당기손익-공정가치금융자산
-
2,513,116,775
4,084,235,810
3. 기타비유동금융자산
4,832,444,997
1,889,676,211
1,477,543,062
4. 유형자산
14,945,208,664
18,105,779,029
19,328,002,652
5. 무형자산
1,850,260,807
1,959,356,011
1,619,212,901
6. 이연법인세자산
1,282,044,775
280,251,745
641,741,352
자산총계
103,499,107,606
88,615,876,198
81,359,706,769
I. 유동부채
26,426,410,653
28,001,126,991
26,222,855,204
II. 비유동부채
663,074,306
211,183,504
312,745,022
부채총계
27,089,484,959
28,212,310,495
26,535,600,226
I. 지배기업소유주지분
76,409,622,647
60,403,565,703
54,824,106,543
1. 자본금
3,375,366,500
3,375,366,500
3,375,366,500
2. 자본잉여금
28,391,201,501
28,391,201,501
28,391,201,501
3. 기타자본구성요소
(1,003,758,158)
(1,003,758,158)
(1,310,498,158)
4. 기타포괄손익누계액
-
-
-
5. 이익잉여금(결손금)
45,646,812,804
29,640,755,860
24,368,036,700
II. 비지배지분
-
-
-
자본총계
76,409,622,647
60,403,565,703
54,824,106,543
부채와 자본총계
103,499,107,606
88,615,876,198
81,359,706,769
기간
제 8기
(2022.01.01~2022.12.31)
제 7기
(2021,01.01~2021.12.31)
제 6기
(2020.01.01~2020.12.31)
I. 매출액
69,472,275,173
60,871,582,620
50,422,858,509
II. 영업이익
10,605,291,100
6,946,889,081
3,586,693,844
III. 당기순이익
17,315,898,144
6,255,100,060
1,409,823,836
Ⅳ.당기순이익의 귀속
17,315,898,144
6,255,100,060
1,409,823,836
지배기업지분
17,315,898,144
6,255,100,060
1,409,823,836
비지배지분
-
-
-
Ⅴ. 지배기업지분에 대한 주당이익
-
-
-
기본주당이익
2,644
955
216
연결에 포함된 회사수
2
2
2
* 재고자산평가방법변경으로 인하여 전기(제7기) 기초 재고자산은 141,103천원 감
소하였으며, 전전기(제6기) 당기순이익은 110,060천원 감소하였습니다.
2) 요약 별도 재무제표
요약별도재무정보는 한국채택국제회계기준(K-IFRS) 작성기준에 따라 작성되었습니 다. 당기보고서에 비교 표시된 제7기 및 제6기 별도재무제표도 외부감사인의 감사를 받은 재무정보 이며, 주주총회 승인 전 재무제표입니다.
(단위: 원)
과목
제 8기
(2022년 12월말)
제7기
(2021년 12월말)
제 6기
(2020년 12월말)
I. 유동자산
54,811,991,877
40,230,965,674
52,150,174,020
1. 현금및현금성자산
9,736,537,128
8,700,549,488
12,187,966,148
2. 매출채권 및 기타수취채권
3,940,007,738
4,870,755,960
5,741,730,773
3. 당기손익-공정가치금융자산
2,035,980,422
4,096,418,048
11,025,084,595
4. 기타금융자산
14,220,000,000
3,993,951,797
8,569,273,687
5. 재고자산
19,844,007,254
15,255,187,258
11,919,953,370
6. 기타유동자산
5,035,459,335
2,349,165,464
2,706,165,447
7. 매각예정비유동자산
-
964,937,659
-
II. 비유동자산
42,511,732,471
44,345,486,484
27,721,552,094
1. 기타장기수취채권
20,018,634,133
19,830,930,000
453,769,900
2. 당기손익-공정가치금융자산
-
2,513,116,775
4,084,235,810
3. 기타비유동금융자산
4,832,444,997
1,889,676,211
1,477,543,062
4. 유형자산
14,594,140,309
18,016,407,059
19,316,924,565
5. 무형자산
1,659,070,645
1,701,143,832
1,600,312,901
6. 종속기업투자주식
174,984,000
174,984,000
174,984,000
7. 이연법인세자산
1,232,458,387
219,228,607
613,781,856
자산총계
97,323,724,348
84,576,452,158
79,871,726,114
I. 유동부채
25,092,500,126
26,803,983,076
26,072,565,863
II. 비유동부채
488,638,439
269,037,055
377,331,746
부채총계
25,581,138,565
27,073,020,131
26,449,897,609
I. 자본금
3,375,366,500
3,375,366,500
3,375,366,500
II. 자본잉여금
28,391,201,501
28,391,201,501
28,391,201,501
III. 기타자본구성요소
(1,003,758,158)
(1,003,758,158)
(1,310,498,158)
Ⅳ. 기타포괄손익누계액
-
-
-
Ⅴ. 이익잉여금(결손금)
40,979,775,940
26,740,622,184
22,965,758,662
자본총계
71,742,585,783
57,503,432,027
53,421,828,505
부채와 자본총계
97,323,724,348
84,576,452,158
79,871,726,114
종속·관계·공동기업 투자주식의 평가방법
원가법
원가법
원가법
기간
제 8기
(2022.01.01~2022.12.31)
제7기
(2021,01.01~2021.12.31)
제 6기
(2020.01.01~2020.12.31)
I. 매출
60,493,367,450
52,878,960,106
44,163,796,910
II. 영업이익
8,368,448,207
5,026,475,986
2,893,556,823
III. 당기순이익
15,548,994,956
4,757,244,422
846,776,524
Ⅳ. 주당이익
-
-
-
기본주당이익
2,374
726
130
* 재고자산평가방법변경으로 인하여 전기(제7기) 기초 재고자산은 141,103천원 감 소하였으며, 전전기(제6기) 당기순이익은 110,060천원 감소하였습니다.