지역난방공사 / 2023.03.22 사업보고서
1. 요약재무정보
가. 요약 연결재무정보
요약 연결재무정보
제 38 기
2022.12.31 현재
제 37 기
2021.12.31 현재
제 36 기
2020.12.31 현재
(단위 : 백만원)
구분
제38기
(2022년 12월말)
제37기
(2021년 12월말)
제36기
(2020년 12월말)
[유동자산]
1,119,358
711,541
583,906
·현금및현금성자산
39,041
16,578
29,604
·유동금융자산
15,930
12,496
9,238
·매출채권및기타채권
995,042
631,566
496,467
·재고자산
60,023
39,137
38,853
·당기법인세자산
401
-
30
·유동비금융자산
8,921
11,764
9,714
[비유동자산]
6,358,772
5,805,821
5,489,233
·비유동금융자산
91,721
69,214
55,986
·장기기타채권
19,380
39,370
18,546
·유형자산
5,799,527
5,348,063
5,080,335
·영업권이외의무형자산
76,916
80,080
82,291
·사용권자산
148,491
147,527
144,048
·관계기업및공동기업투자지분
15,772
12,989
9,712
·순확정급여자산
53,781
15,204
530
·이연법인세자산
139,316
75,321
79,800
·비유동비금융자산
13,868
18,053
17,985
자산총계
7,478,130
6,517,362
6,073,139
[유동부채]
1,995,957
1,514,682
920,938
·매입채무및기타채무
1,079,270
579,396
305,166
·유동리스부채
8,520
10,070
9,321
·유동금융부채
789,863
800,236
429,909
·유동비금융부채
53,774
64,592
60,283
·유동충당부채
64,445
59,542
111,340
1/5
구분
제38기
(2022년 12월말)
제37기
(2021년 12월말)
제36기
(2020년 12월말)
·당기법인세부채
85
846
4,919
[비유동부채]
3,815,170
3,179,501
3,348,466
·비유동리스부채
111,751
107,303
102,327
·비유동금융부채
2,670,039
2,088,381
2,322,103
·비유동비금융부채
1,033,360
983,817
924,036
·비유동충당부채
20
-
-
부채총계
5,811,127
4,694,183
4,269,404
[납입자본]
171,607
171,607
171,607
·자본금
57,894
57,894
57,894
·주식발행초과금
113,713
113,713
113,713
[이익잉여금]
1,229,630
1,397,948
1,384,803
·이익준비금
28,947
28,947
28,947
·기타법정적립금
541,481
541,481
541,481
·임의적립금
818,292
803,202
1,055,141
·미처분이익잉여금(미처리결손금)
(159,090)
24,318
(240,766)
[신종자본증권]
249,803
249,803
249,803
[기타자본구성요소]
11,167
3,821
(2,478)
·기타포괄손익누계액
11,167
3,821
(2,478)
[비지배지분]
4,796
-
-
자본총계
1,667,003
1,823,179
1,803,735
자본 및 부채 총계
7,478,130
6,517,362
6,073,139
종속·관계·공동기업 투자주식의 평가방법
지분법
지분법
지분법
구분
제38기 (2022.01.01 ~ 2022.12.31)
제37기 (2021.01.01 ~ 2021.12.31)
제36기 (2020.01.01 ~ 2020.12.31)
매출액
4,173,027
2,536,798
2,098,906
영업이익
(403,894)
39,686
132,853
법인세비용 차감전 순이익(손실)
(257,878)
29,122
22,033
계속영업이익(손실)
(183,979)
21,459
27,936
중단영업이익(손실)
-
-
-
당기순이익(손실)
(183,979)
21,459
27,936
지배기업소유주지분 당기순이익(손실)
(183,875)
21,459
27,936
비지배지분 당기순이익(손실)
(104)
-
-
세후기타포괄손익
37,535
14,423
(1,851)
총포괄이익(손실)
(146,444)
35,882
26,085
기본주당순이익(손실)(원)
(16,347)
1,399
2,279
연결에 포함된 회사수
3
2
2
주) ( )는 음의 표시임
나. 요약 별도재무정보
요약 별도재무정보
제 38 기
2022.12.31 현재
제 37 기
2021.12.31 현재
제 36 기
2020.12.31 현재
구분
제38기
(2022년 12월말)
제37기
(2021년 12월말)
제36기
(2020년 12월말)
[유동자산]
1,107,492
707,117
581,768
·현금및현금성자산
28,179
12,671
27,824
·유동금융자산
15,030
11,979
9,057
·매출채권및기타채권
995,176
631,647
496,380
·재고자산
60,023
39,137
38,853
·당기법인세자산
236
-
-
·유동비금융자산
8,848
11,683
9,654
[비유동자산]
6,361,609
5,807,961
5,490,089
·비유동금융자산
91,670
69,163
55,986
·장기기타채권
19,083
39,158
18,403
·유형자산
5,795,776
5,347,152
5,079,269
·영업권이외의무형자산
76,644
79,794
82,169
·사용권자산
147,156
146,510
142,686
·종속기업투자지분
9,949
4,260
3,273
·관계기업및공동기업투자지분
15,772
12,989
9,712
·순확정급여자산
52,769
15,935
956
·이연법인세자산
138,930
74,947
79,669
·비유동비금융자산
13,860
18,053
17,966
자산총계
7,469,101
6,515,078
6,071,857
[유동부채]
1,992,458
1,512,924
920,768
·매입채무및기타채무
1,078,605
580,231
306,942
·유동리스부채
7,908
9,574
9,065
·유동금융부채
789,863
800,236
429,909
·유동비금융부채
52,793
63,606
59,515
·유동충당부채
63,289
58,606
110,688
·당기법인세부채
-
671
4,649
[비유동부채]
3,814,437
3,178,975
3,347,354
·비유동리스부채
111,038
106,777
101,215
·비유동금융부채
2,670,039
2,088,381
2,322,103
·비유동비금융부채
1,033,360
983,817
924,036
부채총계
5,806,895
4,691,899
4,268,122
[납입자본]
171,607
171,607
171,607
·자본금
57,894
57,894
57,894
·주식발행초과금
113,713
113,713
113,713
[이익잉여금]
1,229,629
1,397,948
1,384,803
·이익준비금
28,947
28,947
28,947
·기타법정적립금
541,481
541,481
541,481
·임의적립금
818,291
803,202
1,055,141
·미처분이익잉여금(미처리결손금)
(159,090)
24,318
(240,766)
[신종자본증권]
249,803
249,803
249,803
[기타자본구성요소]
11,167
3,821
(2,478)
·기타포괄손익누계액
11,167
3,821
(2,478)
자본총계
1,662,206
1,823,179
1,803,735
자본 및 부채 총계
7,469,101
6,515,078
6,071,857
종속·관계·공동기업 투자주식의 평가방법
지분법
지분법
지분법
구분
제38기 (2022.01.01 ~ 2022.12.31)
제37기 (2021.01.01 ~ 2021.12.31)
제36기 (2020.01.01 ~ 2020.12.31)
매출액
4,173,027
2,536,798
2,098,906
영업이익
(403,951)
37,809
130,891
법인세비용 차감전 순이익(손실)
(257,715)
28,836
21,645
계속영업이익(손실)
(183,876)
21,459
27,936
중단영업이익(손실)
-
-
-
당기순이익(손실)
(183,876)
21,459
27,936
세후기타포괄손익
37,535
14,423
(1,848)
총포괄이익(손실)
(146,341)
35,882
26,089
기본주당순이익(손실)(원)
(16,347)
1,399
2,279
주) ( )는 음의 표시임