크레버스 / 2023.03.22 사업보고서
1. 요약재무정보
가. 연결재무제표 요약
(단위 : 원)
사업연도
제21기
2022년 12월말
제20기
2021년 12월말
제19기
2020년 12월말
유동자산
60,463,234,513
83,299,518,152
80,625,723,721
비유동자산
163,687,185,156
146,561,011,868
128,989,751,385
자산총계
224,150,419,669
229,860,530,020
209,615,475,106
유동부채
109,055,064,630
80,642,654,684
77,499,608,359
비유동부채
68,181,346,035
46,181,164,340
28,769,921,194
부채총계
177,236,410,665
126,823,819,024
106,269,529,553
지배기업의 소유지분
45,262,210,052
83,003,922,023
80,440,575,803
자본금
5,872,294,500
3,862,325,500
3,837,325,500
이익잉여금
98,123,029,876
13,618,272,237
9,833,428,962
비지배기업의 소유지분
1,651,798,952
20,032,788,973
22,905,369,750
자본총계
46,914,009,004
103,036,710,996
103,345,945,553
종속, 관계, 공동기업 투자주 식의 평가방법
지분법
지분법
지분법
(2022.01.01~2022.12.31)
(2021.01.01~2021.12.31)
(2020.01.01~2020.12.31)
매출액
227,499,581,732
210,735,912,095
180,019,914,097
영업이익
25,653,163,787
31,194,760,607
16,921,170,474
당기순이익
4,826,304,143
18,534,687,076
8,638,270,258
지배회사지분순이익
4,931,248,604
15,863,089,578
6,740,971,205
비지배주주지분순이익
(104,944,461)
2,671,597,498
1,897,299,053
주당순이익
609
2,130
961
※ 상기 재무제표는 K-IFRS를 적용하여 작성되었습니다.
※ 당사의 제19기, 제20기, 제21기 재무제표는 외부감사인의 감사를 받은 재무제표입니다.