태웅로직스 / 2023.03.20 사업보고서
1. 요약재무정보
가. 요약 연결 재무제표
(단위 : 원)
구 분
제 27 기
제 26 기
제 25 기
(2022년 12월 31일)
(2021년 12월 31일)
(2020년 12월 31일)
[유동자산]
260,308,609,561
272,728,408,022
91,515,658,648
[비유동자산]
115,041,038,959
56,704,609,830
31,110,098,005
자산총계
375,349,648,520
329,433,017,852
122,625,756,653
[유동부채]
141,658,635,143
193,770,503,193
59,276,535,558
[비유동부채]
24,220,233,530
13,928,472,035
4,170,154,074
부채총계
165,878,868,673
207,698,975,228
63,446,689,632
[자본금]
3,841,658,400
1,953,679,200
1,953,679,200
[연결이익잉여금]
190,585,100,329
99,027,442,076
36,590,086,265
[비지배지분]
616,343,710
268,246,277
117,890,324
자본총계
209,470,779,847
121,734,042,624
59,179,067,021
구분
제 27 기
제 26 기
제 25 기
(2022년 1월 1일 ~ 2022년 12월 31일)
(2021년 1월 1일 ~ 2021년 12월 31일)
(2020년 1월 1일 ~ 2020년 12월 31일)
매출액
1,328,207,332,062
939,002,259,674
341,289,550,986
영업이익
116,585,477,290
79,291,619,959
14,653,355,866
당기순이익
93,716,326,166
63,853,203,335
7,936,558,351
총포괄이익
91,802,760,365
63,795,993,000
7,575,814,800
지배주주지분순이익
93,436,337,453
63,675,699,270
7,849,467,420
기본주당이익
2,464
1,691
469
희석주당이익
2,464
1,691
451
연결에 포함된 회사수
16
14
11