그린플러스 / 2023.03.17 [정정] 사업보고서
1. 요약재무정보
가. 요약 연결재무상태표
(단위: 원)
구 분
제 26기
제 25 기
제 24 기
(2022년 12월말)
(2021년 12월말)
(2020년 12월말)
[유동자산]
48,455,000,000
62,126,000,000
49,804,000,000
[비유동자산]
57,519,000,000
39,531,000,000
39,306,000,000
자산총계
105,974,000,000
101,657,000,000
89,110,000,000
[유동부채]
31,128,000,000
23,786,000,000
34,179,000,000
[비유동부채]
14,126,000,000
17,063,000,000
20,898,000,000
부채총계
45,254,000,000
40,849,000,000
55,077,000,000
[자본금]
5,927,000,000
5,927,000,000
4,804,000,000
[이익잉여금]
3,790,000,000
6,486,000,000
10,531,000,000
[비지배지분]
196,000,000
422,000,000
744,000,000
자본총계
60,720,000,000
60,808,000,000
34,033,000,000
과 목
2022년 1월 1일 ~ 2022년 12월 31일
2021년 1월 1일 ~ 2021년 12월 31일
2020년 1월 1일 ~ 2020년 12월 31일
매출액
83,007,000,000
83,237,000,000
62,676,000,000
영업이익
3,597,000,000
5,095,000,000
5,936,000,000
당기순이익
(3,517,000,000)
(4,744,000,000)
(2,139,000,000)
총포괄이익(손실)
(588,000,000)
(4,659,000,000)
(2,758,000,000)
기본주당순이익(원)
(252)
(398)
(208)