KG에코솔루션 / 2023.03.31 [정정] 사업보고서
1. 요약재무정보
가. 연결 요약재무정보
(단위 : 원)
사업연도
구분
제24기
제23기
제22기
(2022년 12월말)
(2021년 12월말)
(2020년 12월말)
[유동자산]
1,708,939,356,000,000
1,171,196,752,000,000
693,800,270,000,000
[비유동자산]
3,382,939,581,000,000
1,896,266,630,000,000
1,864,571,605,000,000
자산총계
5,091,878,937,000,000
3,067,463,382,000,000
2,558,371,875,000,000
[유동부채]
1,219,835,415,000,000
942,569,422,000,000
555,791,458,000,000
[비유동부채]
1,282,610,538,000,000
888,987,811,000,000
952,445,371,000,000
부채총계
2,502,445,953,000,000
1,831,557,233,000,000
1,508,236,829,000,000
[자본금]
20,051,860,000,000
20,051,860,000,000
20,051,860,000,000
[이익잉여금]
753,463,075,000,000
253,694,657,000,000
205,284,311,000,000
[비지배지분]
1,769,634,035,000,000
916,885,234,000,000
782,015,999,000,000
자본총계
2,589,432,984,000,000
1,235,906,148,000,000
1,050,135,047,000,000
부채와 자본총계
5,091,878,937,000,000
3,067,463,382,000,000
2,558,371,875,000,000
종속.관계.공동기업 투자주식의 평가방법
원가법
지분법
원가법
지분법
원가법
지분법
(2022.01.01.~ 2022.12.32.)
(2021.01.01.~ 2021.12.31.)
(2020.01.01.~ 2020.12.31.)
매출액
4,944,241,256,000,000
3,412,499,198,000,000
153,866,930,000,000
영업이익(영업손실)
356,188,977,000,000
306,613,111,000,000
19,057,665,000,000
당기순이익(당기순손실)
904,912,819,000,000
192,610,284,000,000
26,670,326,000,000
총포괄이익(손실)
904,912,819,000,000
192,610,284,000,000
26,670,326,000,000
주당순이익(주당순손실)
13,572
1,389
768
* 상기 재무제표는 K-IFRS 기준으로 작성하였습니다.
* 주당순이익의 단위는 원 입니다.