E1 / 2023.03.16 사업보고서
1. 요약재무정보
가. 요약 연결 재무 정보
(단위 : 원)
과목
제39기말
제38기말
제37기말
(2022년 12월 말)
(2021년 12월 말)
(2020년 12월 말)
유동자산
1,930,286,688,911
1,629,020,624,383
1,358,137,165,953
비유동자산
2,409,368,496,596
2,370,305,686,906
2,373,311,256,536
자산총계
4,339,655,185,507
3,999,326,311,289
3,731,448,422,489
유동부채
1,711,123,011,938
1,311,736,229,211
1,637,841,242,470
비유동부채
1,118,176,469,313
1,314,183,136,427
850,144,394,923
부채총계
2,829,299,481,251
2,625,919,365,638
2,487,985,637,393
자본금
34,300,000,000
34,300,000,000
34,300,000,000
이익잉여금
1,433,572,899,101
1,300,559,425,220
1,182,682,568,731
비지배지분
67,459,760,127
65,515,677,979
58,731,792,508
자본총계
1,510,355,704,256
1,373,406,945,651
1,243,462,785,096
종속ㆍ관계ㆍ공동기업 투자주식의 평가방법
원가법
원가법
원가법
(단위 : 원)
과목
제39기
제38기
제37기
(2022. 1. 1 ~ 12. 31)
(2021. 1. 1 ~ 12. 31)
(2020. 1. 1 ~ 12. 31)
매출
7,990,767,897,663
5,152,300,897,477
3,927,554,236,615
영업이익
278,730,692,433
5,575,314,498
39,530,859,081
당기순이익
141,465,519,787
138,568,374,513
56,330,568,928
지배기업의 소유주
141,859,118,476
131,758,227,871
60,287,879,703
비지배지분
(393,598,689)
6,810,146,642
(3,957,310,775)
기본주당이익
24,536
22,789
10,427
연결에 포함된 회사수
14개사
15개사
15개사
나. 요약 재무 정보
(단위 : 원)
과목
제39기말
제38기말
제37기말
(2022년 12월 말)
(2021년 12월 말)
(2020년 12월 말)
자산총계
3,658,050,493,961
3,316,578,367,106
3,134,541,095,102
부채총계
2,054,960,716,154
1,843,287,836,607
1,728,870,916,153
자본금
34,300,000,000
34,300,000,000
34,300,000,000
자본총계
1,603,089,777,807
1,473,290,530,499
1,405,670,178,949
(단위 : 원)
과목
제39기
제38기
제37기
(2022. 1. 1 ~ 12. 31)
(2021. 1. 1 ~ 12. 31)
(2020. 1. 1 ~ 12. 31)
매출
7,593,634,724,371
4,732,698,783,895
3,563,455,849,701
영업이익
266,694,781,013
(1,692,573,176)
70,089,264,739
당기순이익
139,201,554,911
81,792,998,436
81,042,797,028
기본주당이익
24,076
14,147
14,017