에이치이엠파마 / 2023.03.28 사업보고서
1. 요약재무정보
재무상태표
제7기
2022.12.31 현재
제6기
2021.12.31 현재
제5기
2020.12.31 현재
(단위 : 원)
제7기
제6기
제5기
자산
유동자산
22,964,452,853
15,722,150,873
22,559,690,932
비유동자산
11,870,316,292
11,285,143,541
6,593,757,735
자산총계
34,834,769,145
27,007,294,414
29,153,448,667
부채
유동부채
13,504,346,182
1,462,489,024
1,784,116,406
비유동부채
1,095,672,248
4,264,217,733
1,108,868,308
부채총계
14,600,018,430
5,726,706,757
2,892,984,714
자본
자본금
3,002,332,000
2,741,316,000
2,645,528,000
이익잉여금(결손금)
(32,341,914,301)
(19,362,836,748)
(8,397,956,782)
자본총계
20,234,750,715
21,280,587,657
26,260,463,953
자본과부채총계
34,834,769,145
27,007,294,414
29,153,448,667
포괄손익계산서
제 7 기 2022.01.01 부터 2022.12.31 까지
제 6 기 2021.01.01 부터 2021.12.31 까지
제 5 기 2020.01.01 부터 2020.12.31 까지
(단위 : 원)
제7기
제6기
제5기
수익(매출액)
3,667,932,078
1,857,259,307
650,150,803
영업이익(손실)
(13,242,833,549)
(10,954,767,890)
(4,994,498,042)
당기순이익(손실)
(13,008,896,040)
(10,919,143,576)
(5,067,722,975)