기아 / 2023.03.09 사업보고서
1. 요약재무정보
가. 요약연결재무제표
(단위 : 원)
구분
제79기
제78기
제77기
[유동자산]
34,147,147,000,000
29,205,483,000,000
26,093,382,000,000
현금및현금성자산
11,553,972,000,000
11,533,710,000,000
10,160,697,000,000
자산총계
73,710,965,000,000
66,849,997,000,000
60,490,443,000,000
[유동부채]
25,377,803,000,000
21,562,636,000,000
21,097,589,000,000
[비유동부채]
8,990,081,000,000
10,374,805,000,000
9,501,182,000,000
부채총계
34,367,884,000,000
31,937,441,000,000
30,598,771,000,000
[지배회사소유주지분]
39,337,938,000,000
34,910,429,000,000
29,891,672,000,000
보통주자본금
2,139,317,000,000
2,139,317,000,000
2,139,317,000,000
이익잉여금
36,320,754,000,000
31,682,932,000,000
27,173,417,000,000
[비지배지분]
5,143,000,000
2,127,000,000
-
자본총계
39,343,081,000,000
34,912,556,000,000
29,891,672,000,000
매출액
86,559,029,000,000
69,862,366,000,000
59,168,096,000,000
영업이익
7,233,120,000,000
5,065,685,000,000
2,066,457,000,000
법인세비용차감전순이익
7,501,993,000,000
6,393,781,000,000
1,841,358,000,000
당기순이익
5,408,976,000,000
4,760,311,000,000
1,487,585,000,000
지배회사소유주지분순이익
5,409,429,000,000
4,760,450,000,000
1,487,585,000,000
기본주당순이익(원)
13,495
11,874
3,710
연결에 포함된 회사수
24
24
23