웰바이오텍 / 2024.03.29 [정정] 사업보고서
1. 요약재무정보
가. 요약연결재무정보
(단위 : 원)
구분
제 48 기
제 47 기
제 46 기
2022년12월31일 현재
2021년12월31일 현재
2020년12월31일 현재
[유동자산]
46,932,000,000
124,386,000,000
29,929,000,000
현금및현금성자산
10,414,000,000
3,909,000,000
1,748,000,000
자산총계
59,285,000,000
139,383,000,000
70,921,000,000
[유동부채]
22,552,000,000
100,661,000,000
41,740,000,000
[비유동부채]
1,430,000,000
1,693,000,000
9,691,000,000
부채총계
23,982,000,000
102,354,000,000
51,430,000,000
[지배기업주주지분]
34,769,000,000
36,544,000,000
18,986,000,000
자본금
33,216,000,000
29,339,000,000
22,655,000,000
이익잉여금
(102,063,000,000)
(181,327,000,000)
(145,428,000,000)
[비지배지분]
534,000,000
485,000,000
504,000,000
자본총계
35,303,000,000
37,029,000,000
19,491,000,000
[2022.01.01~2022.12.31]
[2021.01.01~2021.12.31]
[2020.01.01~2020.12.31]
매출액
158,116,000,000
108,377,000,000
60,431,000,000
구분
제 48 기
제 47 기
제 46 기
2022년12월31일 현재
2021년12월31일 현재
2020년12월31일 현재
영업손익
2,262,000,000
(4,319,000,000)
(12,572,000,000)
당기순손익
(21,024,000,000)
(33,298,000,000)
(67,825,000,000)
당기총포괄손익
(20,873,000,000)
(33,270,000,000)
(67,879,000,000)
주당손익(원)
(325)
(601)
(1,543)