지누스 / 2023.03.15 사업보고서
1. 요약재무정보
가. 요약연결재무정보
(단위 : 원)
구분
제44기
제43기
제42기
2021년 12월말
2021년 12월말
2020년 12월말
[유동자산]
685,770,000,000
651,429,000,000
601,600,000,000
ㆍ현금및현금성자산
132,081,000,000
131,653,000,000
96,746,000,000
ㆍ재고자산
291,760,000,000
237,241,000,000
243,465,000,000
[비유동자산]
429,050,000,000
367,208,000,000
295,208,000,000
ㆍ유형자산
385,588,000,000
331,239,000,000
263,493,000,000
자산총계
1,114,821,000,000
1,018,636,000,000
896,807,000,000
[유동부채]
391,306,000,000
438,355,000,000
391,718,000,000
[비유동부채]
97,357,000,000
102,053,000,000
90,676,000,000
부채총계
488,664,000,000
540,408,000,000
482,394,000,000
자본금
9,450,000,000
7,900,000,000
7,203,000,000
이익잉여금
356,254,000,000
334,392,000,000
287,613,000,000
자본총계
626,157,000,000
478,228,000,000
414,413,000,000
부채및자본총계
1,114,821,000,000
1,018,636,000,000
896,807,000,000
구분
제44기
제43기
제42기
2021년 12월말
2021년 12월말
2020년 12월말
(2022.01.01
~ 2022.12.31)
(2021.01.01
~ 2021.12.31)
(2020.01.01
~ 2020.12.31)
매출액
1,159,606,000,000
1,123,843,000,000
989,525,000,000
영업이익
65,561,000,000
74,335,000,000
86,723,000,000
당기순이익
29,372,000,000
51,657,000,000
45,790,000,000
기본주당이익(단위:원)
1,658
3,372
3,040
희석주당이익(단위:원)
1,639
3,311
2,967
연결에 포함된 회사수
18개
15개
15개