에이치엘사이언스 / 2023.03.20 사업보고서
1. 요약재무정보
가. 요약 연결재무제표
(단위 : 원)
구분
제23기
제22기
제21기
(2022년 12월말)
(2021년 12월말)
(2020년 12월말)
[유동자산]
37,235,502,846,000
71,275,669,632,000
78,788,652,912,000
ㆍ현금및현금성자산
3,619,027,257,000
2,966,134,588,000
7,540,897,160,000
[비유동자산]
71,582,075,733,000
46,589,510,651,000
28,270,490,906,000
자산총계
108,817,578,579,000
117,865,180,283,000
107,059,143,818,000
[유동부채]
3,842,334,107,000
9,515,204,922,000
10,140,132,454,000
[비유동부채]
673,403,482,000
937,392,636,000
1,079,448,371,000
부채총계
4,515,737,589,000
10,452,597,558,000
11,219,580,825,000
[자본금]
2,696,057,500,000
2,696,057,500,000
2,571,074,000,000
[이익잉여금]
80,677,416,590,000
81,183,668,039,000
69,769,089,283,000
[비지배지분]
86,722,093,000
154,257,036,000
-
자본총계
104,301,840,990,000
107,412,582,725,000
95,839,562,993,000
구분
(2022.1월~12월말)
(2021.1월~12월말)
(2020.1월~12월말)
매출액
52,758,204,961,000
104,375,404,099,000
143,035,984,575,000
영업이익
(603,657,954,000)
14,770,690,824,000
23,629,399,414,000
당기순이익
1,530,197,115,000
13,533,561,692,000
19,641,574,562,000
구분
제23기
제22기
제21기
(2022년 12월말)
(2021년 12월말)
(2020년 12월말)
지배기업 소유주지분
1,592,364,551,000
13,539,304,656,000
-
비지배지분
(62,167,436,000)
(5,742,964,000)
-
주당순이익(원)
304
2,608
3,916
연결에 포함된 회사수
1개
1개
-
주1) 제22기 3분기부터 연결기준을 최초 적용하였습니다. 비교표시 되는 제21기(전전기) 재무제표는 별 도기준으로 작성되었습니다.