엘브이엠씨 / 2023.04.26 사업보고서
1. 요약재무정보
가. 요약연결재무정보
(단위 : 원)
구분
2022년
2021년
2020년
[유동자산]
210,836,751,457
240,932,014,948
304,434,673,738
ㆍ현금및현금성자산
16,561,774,987
21,582,346,044
34,793,798,235
자산총계
668,343,910,903
662,707,177,979
648,343,197,740
[유동부채]
233,260,739,004
208,035,875,765
229,501,459,460
[비유동부채]
24,170,884,075
21,165,063,710
55,148,459,000
부채총계
257,431,623,079
229,200,939,475
284,649,918,460
[지배기업의 소유주에게 귀속되는 자본]
404,733,402,263
426,195,850,940
357,004,082,270
[비지배지분]
6,298,287,761
8,310,388,564
2,689,259,010
자본총계
411,031,690,024
434,506,239,504
359,693,341,280
2022년 1월~12월
2021년 1월~12월
2020년 1월~12월
매출액
249,679,425,043
205,163,961,336
274,319,032,792
영업이익(영업손실)
(14,140,312,637)
(12,767,417,178)
571,549,110
당기순이익(당기순손실)
(39,026,774,556)
(17,150,051,836)
(21,440,067,600)
주당순이익(주당순손실)(원)
(388)
(172)
(413)
연결에 포함된 회사수
15
15
14