삼양패키징 / 2023.03.14 사업보고서
1. 요약재무정보
가. 요약연결재무정보
(단위 : 원)
구분
2022년
(제9기)
2021년
(제8기)
2020년
(제7기)
자산총계
642,561,000,000
612,487,000,000
564,505,000,000
유동자산
177,390,000,000
185,164,000,000
143,750,000,000
비유동자산
465,171,000,000
427,323,000,000
420,755,000,000
부채총계
281,487,000,000
291,246,000,000
256,763,000,000
유동부채
81,119,000,000
179,585,000,000
128,486,000,000
비유동부채
200,368,000,000
111,661,000,000
128,277,000,000
자본총계
361,074,000,000
321,241,000,000
307,742,000,000
자본금
78,943,000,000
71,049,000,000
71,049,000,000
이익잉여금
136,447,000,000
134,489,000,000
120,990,000,000
2022.1.1~2022.12.31
2021.1.1~2021.12.31
2020.1.1~2020.12.31
매출액
407,353,000,000
391,946,000,000
367,569,000,000
영업이익
23,696,000,000
46,146,000,000
52,266,000,000
당기순이익
12,090,000,000
30,302,000,000
32,297,000,000
주당순이익 (원)
777
2,132
2,273