이리츠코크렙 / 2023.03.14 사업보고서
1. 요약재무정보
가. 요약연결재무정보
(단위 : 원)
구분
제34기
(2022년12월31일)
제33기
(2022년06월30일)
제32기
(2021년12월31일)
[유동자산]
19,311,916,183,000
18,265,234,879,000
17,335,444,059,000
ㆍ현금및현금성자산
10,731,597,301,000
18,246,572,635,000
11,312,386,064,000
[비유동자산]
673,647,578,251,000
677,926,824,895,000
682,206,071,539,000
자산총계
692,959,494,434,000
696,192,059,774,000
699,541,515,598,000
[유동부채]
3,964,497,081,000
3,854,036,681,000
3,936,687,811,000
[비유동부채]
447,343,882,681,000
446,675,533,970,000
446,048,092,529,000
부채총계
451,308,379,762,000
450,529,570,651,000
449,984,780,340,000
[자본금]
31,670,795,000,000
31,670,795,000,000
31,670,795,000,000
[이익잉여금]
165,421,029,704,000
169,432,404,155,000
173,326,650,290,000
[비지배지분]
-
-
-
자본총계
241,651,114,672,000
245,662,489,123,000
249,556,735,258,000
구분
(2022.07.01 ~ 2022.12.31)
(2022.01.01 ~ 2022.06.30)
(2021.07.01 ~ 2021.12.31)
영업수익
21,669,192,172,000
21,329,442,471,000
21,304,182,848,000
영업이익
16,686,199,659,000
16,362,548,715,000
16,367,627,858,000
당기순이익
9,325,677,643,000
9,084,546,320,000
8,983,988,275,000
ㆍ지배기업의 소유주지분
9,325,677,643,000
9,084,546,320,000
8,983,988,275,000
ㆍ비지배지분
-
-
-
주당순이익
147,000
143,000
142,000