강동씨앤엘 / 2023.03.20 사업보고서
1. 요약재무정보
(단위 : 원)
구분
제9기
제8기
제7기
[유동자산]
39,854,205,000
48,415,815,000
38,514,127,000
현금및현금성자산
3,762,364,000
2,860,586,000
8,245,892,000
[비유동자산]
97,309,021,000
98,367,677,000
76,823,400,000
유형자산
81,376,280,000
78,075,530,000
50,657,764,000
투자부동산
9,632,003,000
6,911,090,000
3,795,178,000
자산총계
137,163,225,000
146,783,492,000
115,337,527,000
[유동부채]
9,904,453,000
11,415,579,000
10,466,720,000
[비유동부채]
17,924,343,000
18,217,049,000
12,508,673,000
부채총계
27,828,796,000
29,632,628,000
22,975,393,000
[자본금]
3,197,996,000
3,197,996,000
3,197,996,000
[이익잉여금]
38,621,907,000
46,191,117,000
41,954,674,000
자본총계
109,334,429,000
117,150,863,000
92,362,134,000
부채와자본총계
137,163,225,000
146,783,492,000
115,337,527,000
종속ㆍ관계기업 투자주식의 평가방법
지분법
지분법
지분법
구분
제9기
제8기
제7기
2022.01.01~ 2022.12.31
2021.01.01~ 2021.12.31
2020.01.01~ 2020.12.31
매출액
69,904,737,000
65,672,532,000
70,182,711,000
영업이익(손실)
(12,631,267,000)
3,697,680,000
4,280,746,000
당기순이익(손실)
(7,760,971,000)
4,638,804,000
4,445,204,000
주당순이익(손실)(원)
(243)
145
139