SK네트웍스 / 2023.11.14 [정정] 사업보고서
1. 요약재무정보
가. 요약연결재무정보
(단위 : 원)
구분
제 70 기
제 69 기
제 68 기
(2022년 12월말)
(2021년 12월말)
(2020년 12월말)
[유동자산]
2,703,209,000,000
3,047,155,000,000
2,638,678,000,000
[비유동자산]
6,796,050,000,000
6,363,761,000,000
6,134,804,000,000
자산총계
9,499,259,000,000
9,410,916,000,000
8,773,482,000,000
[유동부채]
3,567,813,000,000
3,897,565,000,000
3,723,299,000,000
[비유동부채]
3,480,734,000,000
3,124,356,000,000
2,804,933,000,000
부채총계
7,048,547,000,000
7,021,921,000,000
6,528,232,000,000
[자본금]
648,654,000,000
648,654,000,000
648,654,000,000
[연결이익잉여금]
982,696,000,000
897,345,000,000
819,035,000,000
[비지배지분]
196,318,000,000
190,498,000,000
187,078,000,000
자본총계
2,450,712,000,000
2,388,995,000,000
2,245,250,000,000
(2022.1.1~2022.12.31)
(2021.1.1~2021.12.31)
(2020.1.1~2020.12.31)
[매출액]
9,666,446,000,000
11,018,140,000,000
10,625,906,000,000
[영업이익]
154,211,000,000
121,978,000,000
123,949,000,000
[당기순이익(손실)]
90,765,000,000
103,540,000,000
42,053,000,000
주당손익(단위 : 원)
395
451
153
연결에 포함된 회사수
27
28
31
(지배회사 포함)
(지배회사 포함)
(지배회사 포함)
* 제70기 재무제표는 주주총회 승인전 재무제표이며, 향후 정기주주총회에서 재무제표 승인 관련 안건 이 부결되거나 수정이 발생한 경우 정정보고서를 통해 그 내용 및 사유 등을 반영할 예정임