아시아나항공 / 2023.08.29 [정정] 사업보고서
1. 요약재무정보
가. 요약재무정보(연결)
(단위 : 원)
구분
제35기
제34기
제33기
[유동자산]
2,844,323,000,000
2,565,299,000,000
2,386,236,000,000
[비유동자산]
10,611,019,000,000
10,517,365,000,000
11,465,224,000,000
자산총계
13,455,341,000,000
13,082,665,000,000
13,851,459,000,000
[유동부채]
5,976,436,000,000
5,239,252,000,000
5,247,203,000,000
[비유동부채]
6,763,260,000,000
7,322,316,000,000
7,514,919,000,000
부채총계
12,739,696,000,000
12,561,568,000,000
12,762,122,000,000
[자본금]
372,059,000,000
372,059,000,000
372,059,000,000
[이익잉여금(결손금)]
(850,766,000,000)
(981,701,000,000)
(1,305,404,000,000)
[비지배지분]
24,441,000,000
16,994,000,000
57,950,000,000
자본총계
715,646,000,000
521,096,000,000
1,089,337,000,000
종속ㆍ관계ㆍ공동기업 투자주식의 평가방법
지분법 적용
지분법 적용
지분법 적용
(2022.1.1~ 2022.12.31)
(2021.1.1~ 2021.12.31)
(2020.1.1~ 2020.12.31)
매출액
6,206,669,000,000
4,339,706,000,000
3,878,133,000,000
영업이익(손실)
598,764,000,000
93,204,000,000
(271,789,000,000)
당기순이익(손실)
26,526,000,000
(516,810,000,000)
(502,972,000,000)
총포괄이익(손실)
188,141,000,000
(475,611,000,000)
(474,585,000,000)
기본주당순이익(손실)
498
(6,053)
(5,373)
연결에 포함된 회사수
9
13
24