덕산네오룩스 / 2023.08.31 [정정] 사업보고서
1. 요약재무정보
가. 요약 연결재무정보(K-IFRS적용)
(1) 연결 재무상태표 정보
(단위 : 원)
구 분
제9기 기말
제8기 기말
제7기 기말
[유동자산]
189,300,361,285
188,013,438,934
90,912,923,450
ㆍ현금 및 현금성자산
132,735,420,842
133,623,796,577
50,590,834,314
ㆍ매출채권
13,021,754,242
12,749,112,819
11,594,189,168
ㆍ기타유동수취채권
12,233,578,516
2,063,556,400
718,625,191
ㆍ기타유동금융자산
-
5,163,985
1,456,902
ㆍ기타유동자산
2,547,120,737
958,924,979
1,580,028,981
ㆍ재고자산
28,762,486,948
38,612,884,174
26,427,788,894
[비유동자산]
172,237,554,433
148,652,274,437
129,999,945,869
ㆍ순확정급여자산
2,108,077,663
-
-
ㆍ기타비유동수취채권
3,944,373,123
18,195,300,212
12,469,709,110
ㆍ기타비유동금융자산
19,032,536,008
11,626,764,358
5,612,524,753
ㆍ기타비유동자산
3,005,088,665
3,922,964,201
2,268,533,044
ㆍ관계기업투자
13,256,848,683
1,656,555,230
487,473,105
ㆍ유형자산
92,308,338,009
76,489,132,030
72,429,558,256
ㆍ무형자산
37,913,714,177
36,402,130,182
36,574,364,550
ㆍ사용권자산
668,578,105
359,428,224
157,783,051
자산총계
361,537,915,718
336,665,713,371
220,912,869,319
[유동부채]
16,164,865,423
22,650,637,362
19,881,932,676
[비유동부채]
25,041,371,666
26,908,510,821
8,275,120,414
부채총계
41,206,237,089
49,559,148,183
28,157,053,090
[자본금]
4,966,235,800
4,966,235,800
4,802,002,400
[주식발행초과금]
138,602,045,860
138,602,045,860
93,774,660,970
[기타자본항목]
(4,154,582,013)
2,403,620,037
311,490,537
[이익잉여금]
180,819,625,870
141,034,812,590
93,867,662,322
[비지배지분]
98,353,112
99,850,901
-
자본총계
320,331,678,629
287,106,565,188
192,755,816,229
부채 및 자본총계
361,537,915,718
336,665,713,371
220,912,869,319
연결에 포함된 회사수
3개
2개
-
(2) 연결 포괄손익계산서 정보
(단위 : 원)
구 분
제9기
제8기
제7기
매출액
176,677,173,188
191,358,001,344
144,162,647,179
영업이익
44,866,531,676
50,975,561,267
40,112,481,933
법인세비용차감전순이익
44,786,652,810
56,335,607,307
37,761,329,467
당기순이익
38,919,638,935
46,834,338,496
33,343,534,849
- 지배기업 소유주지분
38,921,136,724
46,834,487,595
33,343,534,849
- 비지배지분
(1,497,789)
(149,099)
-
총포괄손익
39,783,315,491
47,167,001,169
32,813,064,519
주당순이익
1,574
1,946
1,389
※ 상기 연결 재무제표는 한국채택국제회계기준(K-IFRS)에 따라 작성되었습니다.
※ 제7기는 별도 재무제표입니다.
나. 요약 별도재무정보(K-IFRS적용)
(1) 별도 재무상태표 정보
(단위 : 원)
구 분
제9기 기말
제8기 기말
제7기 기말
[유동자산]
187,510,150,588
184,018,302,896
90,912,923,450
ㆍ현금 및 현금성자산
131,584,080,122
129,629,016,712
50,590,834,314
ㆍ매출채권
13,021,754,242
12,749,112,819
11,594,189,168
ㆍ기타유동수취채권
12,173,331,442
2,063,200,227
718,625,191
ㆍ기타유동금융자산
-
5,163,985
1,456,902
ㆍ기타유동자산
1,968,497,834
958,924,979
1,580,028,981
ㆍ재고자산
28,762,486,948
38,612,884,174
26,427,788,894
[비유동자산]
174,876,245,099
152,546,459,574
129,999,945,869
ㆍ순확정급여자산
2,108,077,663
-
-
ㆍ기타비유동수취채권
3,944,373,123
18,195,300,212
12,469,709,110
ㆍ기타비유동금융자산
15,466,436,008
11,626,764,358
5,612,524,753
ㆍ기타비유동자산
2,998,919,705
3,922,964,201
2,268,533,044
ㆍ관계기업투자
24,680,475,513
5,550,740,367
487,473,105
ㆍ유형자산
86,901,972,573
76,489,132,030
72,429,558,256
ㆍ무형자산
36,982,837,911
36,402,130,182
36,574,364,550
ㆍ사용권자산
1,793,152,603
359,428,224
157,783,051
자산총계
362,386,395,687
336,564,762,470
220,912,869,319
[유동부채]
17,523,626,475
22,649,537,362
19,881,932,676
[비유동부채]
24,629,443,695
26,908,510,821
8,275,120,414
부채총계
42,153,070,170
49,558,048,183
28,157,053,090
[자본금]
4,966,235,800
4,966,235,800
4,802,002,400
[주식발행초과금]
138,602,045,860
138,602,045,860
93,774,660,970
[기타자본항목]
(4,154,582,013)
2,403,620,037
311,490,537
[이익잉여금]
180,819,625,870
141,034,812,590
93,867,662,322
자본총계
320,233,325,517
287,006,714,287
192,755,816,229
부채 및 자본총계
362,386,395,687
336,564,762,470
220,912,869,319
(2) 별도 포괄손익계산서 정보
(단위 : 원)
구 분
제9기
제8기
제7기
매출액
176,677,173,188
191,358,001,344
144,162,647,179
영업이익
44,933,500,070
50,982,429,347
40,112,481,933
법인세비용차감전순이익
44,788,150,599
56,335,756,406
37,761,329,467
당기순이익
38,921,136,724
46,834,487,595
33,343,534,849
총포괄손익
39,784,813,280
47,167,150,268
32,813,064,519
주당순이익
1,574
1,946
1,389
※ 상기 별도 재무제표는 한국채택국제회계기준에 따라 작성되었습니다.