위니아에이드 / 2023.03.23 사업보고서
1. 요약재무정보
1) 요약 연결재무정보
(단위 : 원)
구분
제8기
(2022년 12월말)
제7기
(2021년 12월말)
제6기
(2020년 12월말)
회계처리 기준
K-IFRS
K-IFRS
K-IFRS
[유동자산]
245,175,306,505
151,432,536,709
111,696,350,985
현금및현금성자산
55,748,280,204
36,700,962,648
37,253,799,206
매출채권
114,101,259,616
61,128,406,930
41,709,970,631
재고자산
36,282,581,813
29,768,397,549
14,491,554,898
[비유동자산]
147,591,709,062
128,597,334,341
81,610,507,695
유형자산
55,043,227,644
54,740,978,738
47,038,307,160
무형자산
20,694,589,343
21,703,382,802
22,776,984,301
자산총계
392,767,015,567
280,029,871,050
193,306,858,680
[유동부채]
132,450,076,529
160,500,526,507
98,315,250,805
[비유동부채]
51,984,720,668
20,655,361,485
21,860,362,480
부채총계
184,434,797,197
181,155,887,992
120,175,613,285
[지배기업 소유주지분]
208,332,218,370
98,873,983,058
73,131,245,395
자본금
7,696,702,500
4,982,795,000
4,982,795,000
자본잉여금
111,480,557,196
28,991,320,067
28,991,320,067
이익잉여금
83,386,842,040
64,933,494,817
39,541,184,118
자본총계
208,332,218,370
98,873,983,058
73,131,245,395
구분
(2022.01.01~ 2022.12.31)
(2021.01.01~ 2021.12.31)
(2020.01.01~ 2020.12.31)
매출액
439,461,730,494
486,454,667,882
418,527,071,880
영업이익
22,261,045,183
34,435,723,653
31,502,573,705
당기순이익
15,846,187,670
24,919,142,327
24,895,406,225
기본및희석주당순이익
1,232
2,501
2,498

2) 요약 재무정보
(단위 : 원)
구분
제8기
(2022년 12월말)
제7기
(2021년 12월말)
제6기
(2020년 12월말)
회계처리 기준
K-IFRS
K-IFRS
K-IFRS
[유동자산]
243,426,000,318
151,432,536,709
111,696,350,985
현금및현금성자산
55,241,178,765
36,700,962,648
37,253,799,206
매출채권
113,424,351,395
61,128,406,930
41,709,970,631
재고자산
36,282,581,813
29,768,397,549
14,491,554,898
[비유동자산]
119,940,889,201
128,597,334,341
81,610,507,695
유형자산
55,043,227,644
54,740,978,738
47,038,307,160
무형자산
20,646,793,884
21,703,382,802
22,776,984,301
자산총계
363,366,889,519
280,029,871,050
193,306,858,680
[유동부채]
129,455,779,119
160,500,526,507
98,315,250,805
[비유동부채]
25,410,184,853
20,655,361,485
21,860,362,480
부채총계
154,865,963,972
181,155,887,992
120,175,613,285
[자본금]
7,696,702,500
4,982,795,000
4,982,795,000
[자본잉여금]
111,480,557,196
28,991,320,067
28,991,320,067
[이익잉여금]
83,376,012,422
64,933,494,817
39,541,184,118
자본총계
208,500,925,547
98,873,983,058
73,131,245,395
구분
(2022.01.01~ 2022.12.31)
(2021.01.01~ 2021.12.31)
(2020.01.01~ 2020.12.31)
매출액
438,843,099,623
486,454,667,882
418,527,071,880
영업이익
22,250,215,565
34,435,723,653
31,502,573,705
당기순이익
15,835,358,052
24,919,142,327
24,895,406,225
기본및희석주당순이익
1,231
2,501
2,498