SK디앤디 / 2023.03.17 사업보고서
1. 요약재무정보
1. 요약연결재무정보
(단위 : 원)
구분
제19기
제18기
제17기
(2022년 12월말)
(2021년 12월말)
(2020년 12월말)
[유동자산]
1,279,958,000,000
1,179,715,000,000
1,005,809,000,000
자산총계
2,191,576,000,000
1,983,431,000,000
1,712,428,000,000
[유동부채]
476,003,000,000
465,594,000,000
705,305,000,000
[비유동부채]
1,018,507,000,000
878,581,000,000
475,651,000,000
부채총계
1,494,510,000,000
1,344,175,000,000
1,180,956,000,000
[자본금]
24,190,000,000
24,190,000,000
24,190,000,000
[이익잉여금]
375,441,000,000
328,088,000,000
213,976,000,000
[비지배지분]
-
-
7,075,000,000
자본총계
697,066,000,000
639,256,000,000
531,472,000,000
2022.01.01 ~ 2022.12.31
2021.01.01 ~ 2021.12.31
2020.01.01 ~ 2020.12.31
구분
제19기
제18기
제17기
(2022년 12월말)
(2021년 12월말)
(2020년 12월말)
영업수익
563,437,000,000
881,836,000,000
702,647,000,000
영업이익
64,346,000,000
209,866,000,000
111,168,000,000
당기순이익
76,213,000,000
133,635,000,000
66,111,000,000
총포괄이익
75,942,000,000
144,246,000,000
54,297,000,000
주당순이익
ㆍ보통주 기본주당이익 (원)
3,084
5,910
2,505
ㆍ보통주 희석주당이익 (원)
3,084
5,578
2,498
2. 요약재무정보
(단위 : 원)
구분
제19기
제18기
제17기
(2022년 12월말)
(2021년 12월말)
(2020년 12월말)
자산총계
1,940,323,000,000
1,740,377,000,000
1,548,139,000,000
부채총계
1,245,397,000,000
1,097,019,000,000
1,010,580,000,000
[자본금]
24,190,000,000
24,190,000,000
24,190,000,000
[이익잉여금]
376,348,000,000
333,197,000,000
226,909,000,000
자본총계
694,926,000,000
643,358,000,000
537,559,000,000
2022.01.01 ~ 2022.12.31
2021.01.01 ~ 2021.12.31
2020.01.01 ~ 2020.12.31
구분
제19기
제18기
제17기
(2022년 12월말)
(2021년 12월말)
(2020년 12월말)
영업수익
502,234,000,000
793,284,000,000
567,684,000,000
영업이익
38,648,000,000
195,109,000,000
90,616,000,000
당기순이익
73,936,000,000
123,399,000,000
60,663,000,000
총포괄이익
73,599,000,000
133,705,000,000
49,230,000,000
주당순이익
ㆍ보통주 기본주당이익 (원)
2,972
5,465
2,288
ㆍ보통주 희석주당이익 (원)
2,972
5,171
2,282