대양전기공업 / 2023.03.21 사업보고서
1. 요약재무정보
(1) 요약연결재무정보
(단위 : 원)
구분
제 35 기
제 34 기
제 33 기
2022년 12월말
2021년 12월말
2020년 12월말
[자산총계]
261,112,522,817
260,003,389,886
253,990,161,403
[부채총계]
42,643,345,113
33,313,327,791
34,945,704,180
[자본총계]
218,469,177,704
226,690,062,095
219,044,457,223
매출액
130,396,027,254
136,604,762,213
189,162,527,096
영업이익
(9,885,634,582)
7,259,306,665
16,298,014,064
당기순이익
(7,496,350,570)
8,836,987,665
13,832,346,033
총포괄이익
(7,353,731,141)
9,046,870,255
13,803,604,540
기본주당이익
(804)
951
1,486
* ( )는 부(-)의 수치임
* 한국채택국제회계기준에 따라 작성되었습니다. .
(2) 요약재무정보
(단위 : 원)
구분
제 35 기
제 34 기
제 33 기
2022년 12월말
2021년 12월말
2020년 12월말
[자산총계]
239,085,988,819
241,431,725,597
223,739,263,331
[부채총계]
30,929,046,060
24,560,165,627
26,274,286,319
[자본총계]
208,156,942,759
216,871,559,970
197,464,977,012
매출액
111,640,019,191
119,165,653,971
168,100,467,340
영업이익
(10,772,394,836)
6,762,911,464
14,572,920,036
당기순이익
(7,847,463,961)
20,807,848,341
12,736,546,726
총포괄이익
(7,847,463,961)
20,807,848,341
12,736,546,726
기본주당이익
(842)
2,239
1,368
* ( )는 부(-)의 수치임
* 한국채택국제회계기준에 따라 작성되었습니다.