서울반도체 / 2023.03.22 사업보고서
1. 요약재무정보
가. 요약 연결 재무정보
(단위 : 원)
과 목
제36기(2022)
제35기(2021)
제34기(2020)
[유동자산]
550,449,970,337
729,650,947,465
648,230,665,135
·현금및현금성자산
78,811,752,106
86,004,905,754
34,805,941,892
·단기금융상품
3,120,046,200
2,348,500,000
100,000,000
·매출채권및기타채권
322,724,075,387
417,219,301,951
408,437,563,444
·재고자산
139,184,113,374
209,830,279,053
149,958,776,918
·당기손익-공정가치측정 금융자산
0
5,457,754,683
45,305,603,952
·기타유동자산
6,530,547,326
8,590,716,693
5,902,068,618
·당기법인세자산
79,435,944
199,489,331
3,720,710,311
[비유동자산]
739,421,984,909
783,403,715,071
681,927,290,509
·장기금융상품
1,000,000,000
1,000,000,000
1,000,000,000
·당기손익-공정가치측정 금융자산
13,378,956,535
14,397,613,536
16,521,496,080
·유형자산
656,577,392,593
673,974,007,903
579,849,238,584
·투자부동산
78,596,333
35,282,898
36,281,750
·무형자산
29,177,836,580
40,051,043,217
39,154,459,351
·관계기업및공동기업투자
1,830,876,828
1,770,090,367
1,685,964,015
·기타비유동금융자산
3,198,454,036
1,357,036,896
1,337,405,544
·기타비유동자산
21,186,174,062
26,339,970,082
20,414,269,489
·이연법인세자산
12,993,697,942
24,478,670,172
21,928,175,696
자 산 총 계
1,289,871,955,246
1,513,054,662,536
1,330,157,955,644
[유동부채]
305,104,421,601
458,843,569,301
503,499,611,243
[비유동부채]
209,198,169,698
202,137,550,614
35,894,957,347
부 채 총 계
514,302,591,299
660,981,119,915
539,394,568,590
[지배기업 소유주지분]
704,990,339,114
729,706,055,676
683,793,948,949
·자본금
29,152,700,000
29,152,700,000
29,152,700,000
·기타불입자본
319,894,340,444
319,859,247,286
324,796,863,767
·기타자본구성요소
(34,672,017,271)
(35,309,679,986)
(46,890,016,404)
·이익잉여금
390,615,315,941
416,003,788,376
376,734,401,586
[비지배지분]
70,579,024,833
122,367,486,945
106,969,438,105
자 본 총 계
775,569,363,947
852,073,542,621
790,763,387,054
2022.1.1
~2022.12.31
2021.1.1
~2021.12.31
2020.1.1
~2020.12.31
매출액
1,109,427,463,605
1,301,040,816,362
1,153,051,365,589
영업이익
(33,437,894,990)
63,212,273,964
59,655,030,864
법인세차감전순이익
(30,777,676,427)
75,827,384,334
35,713,024,458
당기순이익
(54,325,725,131)
61,502,200,763
29,027,319,922
당기포괄이익
(48,201,932,115)
85,040,823,868
23,155,542,198
기본주당순이익
(20)
878
310
희석주당순이익
(20)
878
310
연결에 포함된 회사 수
11
11
9
* 한국채택국제회계기준 작성기준에 따라 작성되었습니다.
* 연결에 포함된 회사 수는 당사를 제외한 종속회사의 개수입니다.
나. 요약 별도 재무정보
(단위 : 원)
과 목
제36기(2022)
제35기(2021)
제34기(2020)
[유동자산]
392,705,501,816
475,438,498,115
503,293,056,195
·현금및현금성자산
62,546,298,305
57,907,983,927
24,525,632,462
·단기금융상품
461,135,277
386,000,000
100,000,000
·매출채권및기타채권
299,065,855,408
323,276,906,372
318,254,033,295
·재고자산
28,972,473,796
88,565,723,685
74,489,583,415
·당기손익-공정가치측정 금융자산
-
3,666,424,800
45,305,603,952
·기타금융자산
-
-
35,909,583,616
·기타유동자산
1,659,739,030
1,635,459,331
1,310,415,699
·당기법인세자산
-
-
3,398,203,756
[비유동자산]
564,255,401,149
541,449,170,606
503,016,276,613
·매출채권및기타채권
21,303,956,504
29,205,234,030
34,484,605,796
·장기금융상품
1,000,000,000
1,000,000,000
1,000,000,000
·당기손익-공정가치측정 금융자산
12,978,956,535
13,997,613,536
16,121,496,080
·유형자산
106,071,715,787
116,297,313,583
123,209,029,673
·투자부동산
12,991,605,456
12,888,716,670
13,253,593,994
·무형자산
11,106,371,257
14,597,048,526
16,150,155,450
·종속기업투자
289,145,594,939
289,145,594,939
269,774,456,299
·관계기업및공동기업투자
997,796,747
997,796,747
997,796,747
·기타금융자산
80,593,284,252
36,763,615,405
319,726,189
·기타비유동자산
8,971,755,486
8,837,630,575
11,921,818,595
·이연법인세자산
19,094,364,186
17,718,606,595
15,783,597,790
자 산 총 계
956,960,902,965
1,016,887,668,721
1,006,309,332,808
[유동부채]
180,599,264,547
240,299,971,779
259,356,869,772
[비유동부채]
9,507,545,934
10,393,633,736
8,053,887,326
부 채 총 계
190,106,810,481
250,693,605,515
267,410,757,098
[자본금]
29,152,700,000
29,152,700,000
29,152,700,000
[기타불입자본]
359,792,362,683
359,792,362,683
359,740,078,970
[기타자본구성요소]
(32,826,612,863)
(32,862,605,216)
(26,031,731,957)
[이익잉여금]
410,735,642,664
410,111,605,739
376,037,528,697
자 본 총 계
766,854,092,484
766,194,063,206
738,898,575,710
2022.1.1
~2022.12.31
2021.1.1
~2021.12.31
2020.1.1
~2020.12.31
종속,관계,공동기업 투자주식의 평가방법
원가법
원가법
원가법
매출액
941,191,252,347
1,109,723,372,670
993,090,756,160
영업이익
10,663,557,526
43,836,579,753
28,260,906,323
법인세차감전순이익
34,630,040,669
59,057,570,571
37,995,735,533
당기순이익
24,912,722,525
44,458,380,181
29,338,281,639
기본 주당순이익
442
786
512
희석 주당순이익
442
786
512