에이프로젠 / 2022.03.16 [정정] 사업보고서
1. 요약재무정보
가. 요약연결재무정보
(단위 : 원)
구 분
제20(당)기
제19(전) 기
제18(전전) 기
2019년 12월말
2018년 12월말
2017년 12월말
[유동자산]
60,439,242,873,000
119,556,345,240,000
82,363,359,387,000
현금및현금성자산
22,550,458,301,000
52,455,506,267,000
42,558,243,050,000
자산총계
389,633,253,000,000
334,089,850,971,000
273,702,349,518,000
[유동부채]
143,699,873,885,000
66,719,474,151,000
68,383,776,228,000
[비유동부채]
25,586,565,030,000
4,868,652,716,000
33,598,276,267,000
부채총계
169,286,438,915,000
71,588,126,867,000
101,982,052,495,000
[지배기업 소유주지분]
자본금
25,862,466,000,000
25,711,466,000,000
24,397,866,000,000
이익잉여금(결손금)
(15,005,206,053,000)
4,525,915,402,000
10,773,811,724,000
[비지배지분]
31,238,889,767,000
51,914,091,729,000
18,095,847,092,000
자 본 총 계
220,346,814,085,000
262,501,724,104,000
171,720,297,023,000
관계기업투자주식의 평가방법
지분법
지분법
지분법
2019년 1월~12월
2018년 1월~12월
2017년 1월~12월
매출액
27,892,810,709,000
53,283,926,034,000
62,178,381,194,000
영업이익
(39,886,771,190,000)
2,593,921,585,000
27,518,741,513,000
연결당기순이익(손실)
(41,014,509,582,000)
(15,443,290,131,000)
16,840,224,651,000
기본주당순이익
(375)
(158)
366
나. 요약재무정보
(단위 : 원)
구분
제20(당)기
제19(전) 기
제18(전전) 기
2019년12월말
2018년12월말
2017년 12월말
[유동자산]
47,585,926,824,000
98,307,444,289,000
54,869,838,264,000
현금및현금성자산
12,644,075,672,000
50,457,118,866,000
42,241,111,410,000
자산총계
243,479,724,842,000
237,267,896,984,000
214,193,632,968,000
[유동부채]
15,005,206,053,000
13,191,009,308,000
23,911,043,649,000
[비유동부채]
25,567,078,612,000
6,054,805,010,000
32,561,101,630,000
부채총계
40,572,284,665,000
19,245,814,318,000
56,472,145,279,000
[자본금]
25,862,466,000,000
25,711,466,000,000
24,397,866,000,000
[이익잉여금(결손금)]
54,872,492,071,000
70,848,954,832,000
25,704,470,945,000
자본총계
202,907,440,177,000
218,022,082,666,000
157,721,487,689,000
2019년 1월~12월
2018년 1월~12월
2017년 1월~12월
매출액
17,857,139,453,000
48,100,297,615,000
62,178,381,194,000
영업이익
(14,991,442,531,000)
14,074,187,219,000
28,227,716,091,000
당기순이익
(15,767,838,245,000)
46,460,814,781,000
26,634,854,353,000
기본주당순이익(단위:원)
(305)
936
552