## 현대홈쇼핑 / 2023.03.15 사업보고서

### 1. 요약재무정보

#### 가. 요약 연결재무정보
(단위 : 원)

| 과목                                         | 2022년 (제22기)   | 2021년 (제21기)   | 2020년 (제20기)   |
| :------------------------------------------- | :---------------- | :---------------- | :---------------- |
| 비유동자산                                   | 1,531,600,000,000 | 1,625,087,000,000 | 1,586,940,000,000 |
| 유형자산                                     | 353,770,000,000   | 379,379,000,000   | 374,795,000,000   |
| 무형자산                                     | 105,492,000,000   | 164,974,000,000   | 209,073,000,000   |
| 유동자산                                     | 1,080,428,000,000 | 975,252,000,000   | 1,106,171,000,000 |
| 재고자산                                     | 265,732,000,000   | 177,727,000,000   | 153,272,000,000   |
| **자산총계**                                 | **2,782,028,000,000** | **2,600,338,000,000** | **2,693,111,000,000** |
| 자본금                                       | 60,000,000,000    | 60,000,000,000    | 60,000,000,000    |
| 이익잉여금                                   | 1,715,181,000,000 | 1,637,812,000,000 | 1,554,428,000,000 |
| **자본총계**                                 | **1,958,739,000,000** | **1,882,372,000,000** | **1,794,803,000,000** |
| 비유동부채                                   | 117,523,000,000   | 173,644,000,000   | 150,882,000,000   |
| 유동부채                                     | 676,314,000,000   | 544,322,000,000   | 747,426,000,000   |
| **부채총계**                                 | **823,289,000,000** | **717,966,000,000** | **898,308,000,000** |
| 종속ㆍ관계ㆍ공동기업 투자주식의 평가방법       | 지분법            | 지분법            | 지분법            |
| 기간                                         | 2022.01.01 ~ 2022.12.31 | 2021.01.01 ~ 2021.12.31 | 2020.01.01 ~ 2020.12.31 |
| 매출액                                       | 2,101,668,000,000 | 2,095,384,000,000 | 2,016,445,000,000 |
| 영업이익                                     | 110,641,000,000   | 140,099,000,000   | 189,447,000,000   |
| 당기순이익                                   | 86,322,000,000    | 101,665,000,000   | 112,708,000,000   |
| 총포괄이익                                   | 103,841,000,000   | 115,709,000,000   | 113,594,000,000   |
| 계속영업주당손익(원)                         | 5,019             | 12,307            | 13,247            |
| 중단영업주당손익(원)                         | 2,522             | (3,426)           | (3,433)           |
| 연결에 포함된 회사수                         | 8                 | 8                 | 9                 |

#### 나. 요약 재무정보
(단위 : 원)

| 과목                                       | 2022년 (제22기)   | 2021년 (제21기)   | 2020년 (제20기)   |
| :----------------------------------------- | :---------------- | :---------------- | :---------------- |
| 비유동자산                                 | 1,019,719,000,000 | 1,131,714,000,000 | 1,182,260,000,000 |
| 유형자산                                   | 102,226,000,000   | 91,783,000,000    | 89,646,000,000    |
| 무형자산                                   | 13,438,000,000    | 13,276,000,000    | 13,681,000,000    |
| 유동자산                                   | 745,110,000,000   | 616,322,000,000   | 669,510,000,000   |
| 재고자산                                   | 101,579,000,000   | 56,310,000,000    | 55,811,000,000    |
| **자산총계**                               | **1,865,949,000,000** | **1,748,036,000,000** | **1,851,770,000,000** |
| 자본금                                     | 60,000,000,000    | 60,000,000,000    | 60,000,000,000    |
| 이익잉여금                                 | 1,285,414,000,000 | 1,235,512,000,000 | 1,208,588,000,000 |
| **자본총계**                               | **1,547,571,000,000** | **1,499,721,000,000** | **1,473,427,000,000** |
| 비유동부채                                 | 4,849,000,000     | 5,320,000,000     | 3,905,000,000     |
| 유동부채                                   | 313,529,000,000   | 242,995,000,000   | 374,438,000,000   |
| **부채총계**                               | **318,378,000,000** | **248,315,000,000** | **378,343,000,000** |
| 종속ㆍ관계ㆍ공동기업 투자주식의 평가방법     | 원가법            | 원가법            | 원가법            |
| 기간                                       | 2022.01.01 ~ 2022.12.31 | 2021.01.01 ~ 2021.12.31 | 2020.01.01 ~ 2020.12.31 |
| 매출액                                     | 1,101,635,000,000 | 1,080,404,000,000 | 1,084,990,000,000 |
| 영업이익                                   | 112,712,000,000   | 133,934,000,000   | 155,728,000,000   |
| 당기순이익                                 | 67,522,000,000    | 44,756,000,000    | 64,280,000,000    |
| 총포괄이익                                 | 75,324,000,000    | 51,479,000,000    | 65,668,000,000    |
| 주당순이익(원)                             | 5,898             | 3,910             | 5,597             |