HD현대 / 2023.03.20 사업보고서
1. 요약재무정보
가. 요약연결재무정보
(단위 : 원)
구 분
제 6 기말
제 5 기말
제 4 기말
(2022년 12월말)
(2021년 12월말)
(2020년 12월말)
[유동자산]
30,130,809,645,000
13,555,036,973,000
8,049,124,007,000
ㆍ현금 및 현금성자산
3,994,767,866,000
2,137,064,211,000
2,038,500,825,000
ㆍ매출채권 및 기타채권
5,923,430,205,000
4,618,500,416,000
2,230,645,003,000
ㆍ재고자산
9,470,742,395,000
6,031,871,903,000
3,021,898,860,000
[비유동자산]
35,440,051,431,000
22,223,610,950,000
18,509,828,358,000
ㆍ유형자산
24,219,899,472,000
13,268,914,223,000
10,679,603,834,000
ㆍ무형자산
4,374,207,422,000
3,064,296,656,000
2,008,713,707,000
자산총계
65,570,861,076,000
35,778,647,923,000
26,558,952,365,000
[유동부채]
26,274,593,765,000
11,685,895,014,000
6,336,366,091,000
[비유동부채]
16,032,603,272,000
12,240,689,832,000
9,124,732,039,000
부채총계
42,307,197,037,000
23,926,584,846,000
15,461,098,130,000
[자본금]
81,433,085,000
81,433,085,000
81,433,085,000
[이익잉여금]
2,654,698,596,000
1,686,527,044,000
2,212,956,223,000
[비지배지분]
15,778,417,884,000
5,548,834,484,000
4,082,930,555,000
자본총계
23,263,664,039,000
11,852,063,077,000
11,097,854,235,000
관계·공동기업
투자주식의 평가방법
지분법
지분법
지분법
(2022년 1월 1일 ~ 2022년 12월 31일)
(2021년 1월 1일 ~ 2021년 12월 31일)
(2020년 1월 1일 ~ 2020년 12월 31일)
매출액
60,849,668,073,000
28,353,671,478,000
18,910,981,519,000
영업이익(손실)
3,387,008,264,000
1,036,588,377,000
(597,108,836,000)
당기순이익(손실)
2,234,955,013,000
150,575,823,000
(789,719,525,000)
총포괄이익(손실)
2,342,700,864,000
252,748,508,000
(515,015,923,000)
주당순이익(손실)(원)
19,933
(2,082)
(8,563)
연결에 포함된 종속기업수
83
60
40
【 ( )는 부(-)의 수치임】※ 1) 상기 재무제표는
한국채택국제회계기준 작성기준에 따라 작성되었습니다.
2) 기업회계기준서 제1016호 '유형자산' 개정사항의 적용에 따라 전기 재무제표가 재작성되었습니다.
3) 당사는 전기 중 주식분할(액면금액 5,000원에서 1,000원으로 경)하여 신주기준으 로 주당순이익(손실)을 산정하였습니다.
나. 요약재무정보
(단위 : 원)
구 분
제 6 기말
제 5 기말
제 4 기말
(2022년 12월말)
(2021년 12월말)
(2020년 12월말)
[유동자산]
116,246,343,000
99,068,875,000
299,508,477,000
ㆍ현금 및 현금성자산
96,814,143,000
95,249,878,000
295,436,714,000
ㆍ매출채권 및 기타채권
15,652,025,000
2,770,202,000
2,464,413,000
[비유동자산]
8,559,324,707,000
8,014,188,469,000
7,428,350,557,000
ㆍ종속기업및관계기업투자
7,932,652,217,000
7,670,494,274,000
7,241,055,619,000
ㆍ유형자산
15,250,708,000
120,543,034,000
33,420,521,000
ㆍ사용권자산
209,712,935,000
126,251,751,000
125,257,126,000
ㆍ무형자산
28,037,750,000
28,037,750,000
26,879,750,000
자산총계
8,675,571,050,000
8,113,257,344,000
7,727,859,034,000
[유동부채]
845,144,279,000
689,927,900,000
442,635,952,000
[비유동부채]
2,282,839,919,000
1,780,407,087,000
1,752,386,393,000
부채총계
3,127,984,198,000
2,470,334,987,000
2,195,022,345,000
[자본금]
81,433,085,000
81,433,085,000
81,433,085,000
[이익잉여금]
2,862,855,226,000
2,961,255,329,000
2,851,579,865,000
자본총계
5,547,586,852,000
5,642,922,357,000
5,532,836,689,000
종속 ·관계기업
투자주식의 평가방법
원가법
원가법
원가법
(2022년 1월 1일 ~ 2022년 12월 31일)
(2021년 1월 1일 ~ 2021년 12월 31일)
(2020년 1월 1일 ~ 2020년 12월 31일)
매출액
347,229,888,000
253,751,437,000
375,932,399,000
영업이익(손실)
316,649,815,000
234,373,280,000
300,813,982,000
당기순이익(손실)
219,293,648,000
502,088,652,000
86,432,633,000
총포괄이익(손실)
222,582,702,000
502,295,455,000
85,570,868,000
주당순이익(손실)(원)
3,103
7,105
1,215
【 ( )는 부(-)의 수치임】
※ 1) 상기 재무제표는 한국채택국제회계기준 작성기준에 따라 작성되었습니다.
2) 당사는 전기 중 주식분할(액면금액 5,000원에서 1,000원으로 경)하여 신주기준 으로 주당순이익(손실)을 산정하였습니다.