에스아이리소스 / 2023.03.21 사업보고서
1. 요약재무정보
당사의 요약재무정보는 한국채택국제회계기준(K-IFRS)에 따라 작성된 개별재무제표 입니다.
(단위: 원)
구분
제36기
(2022년)
제35기
(2021년)
제34기
(2020년)
자산
[유동자산]
12,358,993,635
12,763,443,942
8,319,484,042
[비유동자산]
7,690,915,664
7,424,578,446
7,042,079,304
자산총계
20,049,909,299
20,188,022,388
15,361,563,346
부채
[유동부채]
1,224,343,263
1,675,967,242
1,724,390,139
[비유동부채]
1,166,386,337
44,861,124
178,317,526
부채총계
2,390,729,600
1,720,828,366
1,902,707,665
자본
자본금
6,807,618,600
6,807,618,600
6,634,007,500
이익잉여금(결손금)
(7,341,941,012)
(6,378,645,754)
(10,281,783,747)
자본총계
17,659,179,699
18,467,194,022
13,458,855,681
2022년 1월~12월
2021년 1월~12월
2020년 1월~12월
매출액
4,717,220,355
21,003,250,973
13,425,932,666
영업이익
(2,274,037,825)
2,002,251,727
364,930,582
당기순이익
(963,295,258)
3,903,137,993
1,175,593,826
주당순이익(원)
(14)
58
18