에어부산 / 2023.08.31 [정정] 사업보고서
1. 요약재무정보
가. 요약연결재무정보
(단위 : 원)
과목
2022년
2021년
2020년
(제16기)
(제15기)
(제14기)
[유동자산]
202,751,000,000
76,091,000,000
83,878,000,000
[비유동자산]
1,025,132,000,000
933,646,000,000
950,612,000,000
자산총계
1,227,883,000,000
1,009,737,000,000
1,034,491,000,000
[유동부채]
357,729,000,000
243,212,000,000
288,479,000,000
[비유동부채]
743,495,000,000
635,994,000,000
635,745,000,000
부채총계
1,101,224,000,000
879,206,000,000
924,224,000,000
[자본금]
116,640,000,000
193,920,000,000
82,070,000,000
[이익잉여금(결손금)]
△492,015,000,000
△338,152,000,000
△72,717,000,000
자본총계
126,659,000,000
130,532,000,000
110,267,000,000
2022년 1월~12월
2021년 1월~12월
2020년 1월~12월
매출액
404,993,000,000
176,502,000,000
189,918,000,000
영업이익(영업손실)
△81,308,000,000
△203,964,000,000
△188,685,000,000
당기순이익(당기순손실)
△150,401,000,000
△265,961,000,000
△128,472,000,000
기타주당순이익(손실)
△2,048
△7,432
△2,408
[△는 음(-)의 수치임]