이건홀딩스 / 2023.03.21 사업보고서
1. 요약재무정보
가. 요약연결재무정보
(단위 : 원)
구분
(요약 연결 재무상태표)
제 36 기
(2022.12.31)
제 35 기
(2021.12.31)
제 34 기
(2020.12.31)
[유동자산]
187,108,000,000
180,654,000,000
136,263,000,000
현금및현금성자산
33,075,000,000
25,503,000,000
17,075,000,000
[비유동자산]
518,076,000,000
512,234,000,000
508,486,000,000
자산총계
705,184,000,000
692,888,000,000
645,319,000,000
[유동부채]
217,204,000,000
269,637,000,000
214,700,000,000
[비유동부채]
179,630,000,000
127,472,000,000
153,051,000,000
부채 총계
396,834,000,000
397,109,000,000
367,751,000,000
[납입자본]
61,300,000,000
61,300,000,000
61,300,000,000
[이익잉여금]
87,375,000,000
84,484,000,000
81,277,000,000
[비지배지분]
148,613,000,000
141,754,000,000
130,962,000,000
자본총계
308,350,000,000
295,779,000,000
277,568,000,000
(요약 연결 포괄손익계산서)
(2022.01.01.~ 2022.12.31.)
(2021.01.01.~ 2021.12.31.)
(2020.01.01.~ 2020.12.31.)
매출액
507,558,000,000
474,876,000,000
413,511,000,000
영업이익
22,088,000,000
38,682,000,000
7,513,000,000
당기순이익
5,464,000,000
14,430,000,000
908,000,000
총포괄손익
15,476,000,000
21,114,000,000
(4,197,000,000)
기본주당순이익(단위:원)
96
338
(8)
연결에 포함된 종속회사수
9
9
9
*제36기(당기)는 주주총회 승인 전 연결재무제표입니다. 향후 정기주주총회에서 재 무제표 승인 관련 안건이 부결되거나 수정이 발생한 경우 정정보고서를 통해 그 내용 및 사유 등을 반영할 예정입니다.