삼성SDI / 2023.03.13 [정정] 사업보고서
1. 요약재무정보
가. 요약 연결재무정보
(단위 : 원)
구분
제53기
제52기
제51기
(2022년 12월말)
(2021년 12월말)
(2020년 12월말)
[유동자산]
9,651,702,000,000
7,444,907,000,000
5,657,405,000,000
ㆍ현금및현금성자산
2,614,272,000,000
2,325,692,000,000
1,545,974,000,000
[비유동자산]
20,605,823,000,000
18,388,286,000,000
15,876,827,000,000
자산총계
30,257,525,000,000
25,833,193,000,000
21,534,232,000,000
[유동부채]
8,006,939,000,000
6,461,286,000,000
4,983,633,000,000
[비유동부채]
5,033,084,000,000
4,175,208,000,000
3,191,672,000,000
부채총계
13,040,023,000,000
10,636,494,000,000
8,175,305,000,000
[자본금]
356,712,000,000
356,712,000,000
356,712,000,000
[이익잉여금]
10,468,351,000,000
8,516,473,000,000
7,418,102,000,000
[비지배지분]
731,779,000,000
492,435,000,000
381,311,000,000
자본총계
17,217,502,000,000
15,196,699,000,000
13,358,927,000,000
(단위 : 원)
구분
제53기
제52기
제51기
(2022년 01월 01일~ 2022년 12월 31일)
(2021년 01월 01일~ 2021년 12월 31일)
(2020년 01월 01일~ 2020년 12월 31일)
[매출액]
20,124,070,000,000
13,553,220,000,000
11,294,770,000,000
[영업이익]
1,808,013,000,000
1,067,576,000,000
671,335,000,000
[당기순이익]
2,039,361,000,000
1,250,402,000,000
630,966,000,000
[총포괄손익]
1,899,484,000,000
1,879,866,000,000
767,576,000,000
[기본및희석주당손익]
ㆍ보통주
29,191
17,492
8,593
ㆍ우선주
29,241
17,542
8,643
[연결에 포함된 회사수]
21개
20개
22개
※ 한국채택국제회계기준 작성기준에 따라 작성되었습니다.
※ 연결에 포함된 회사는 총 21개사로, 모회사 및 20개의 연결대상 종속회사로
구성되어 있습니다.
나. 요약재무정보
(단위 : 원)
구분
제53기
제52기
제51기
(2022년 12월말)
(2021년 12월말)
(2020년 12월말)
[유동자산]
6,272,668,000,000
4,617,780,000,000
3,423,162,000,000
[비유동자산]
12,576,219,000,000
12,227,217,000,000
11,861,799,000,000
자산총계
18,848,887,000,000
16,844,997,000,000
15,284,961,000,000
[유동부채]
4,800,392,000,000
3,573,103,000,000
2,858,584,000,000
[비유동부채]
1,392,477,000,000
1,279,024,000,000
1,208,760,000,000
부채총계
6,192,869,000,000
4,852,127,000,000
4,067,344,000,000
[자본금]
356,712,000,000
356,712,000,000
356,712,000,000
[이익잉여금]
7,303,942,000,000
6,439,851,000,000
5,914,709,000,000
자본총계
12,656,018,000,000
11,992,870,000,000
11,217,617,000,000
종속ㆍ관계ㆍ공동기업투자주식의 평가방법
원가법
원가법
원가법
(단위 : 원)
구분
제53기
제52기
제51기
(2022년 01월 01일~ 2022년 12월 31일)
(2021년 01월 01일~ 2021년 12월 31일)
(2020년 01월 01일~ 2020년 12월 31일)
[매출액]
17,458,294,000,000
11,581,771,000,000
9,101,398,000,000
[영업이익]
1,010,874,000,000
587,614,000,000
231,336,000,000
[당기순이익]
865,838,000,000
596,550,000,000
217,316,000,000
[총포괄손익]
730,092,000,000
842,197,000,000
335,628,000,000
[기본및희석주당순이익]
ㆍ보통주
12,946
8,920
3,249
ㆍ우선주
12,996
8,970
3,299
※ 한국채택국제회계기준 작성기준에 따라 작성되었습니다. (별도기준)