한화에어로스페이스 / 2023.03.21 [정정] 사업보고서
1. 요약재무정보
가. 요약연결재무정보
(단위: 원)
구분
제46기
제45기
제44기
2022년 12월말
2021년 12월말
2020년 12월말
[유동자산]
8,589,056,000,000
6,283,538,000,000
5,122,726,000,000
- 현금 및 현금성 자산
3,043,179,000,000
2,528,070,000,000
1,330,706,000,000
[비유동자산]
6,568,246,000,000
4,762,293,000,000
4,342,090,000,000
자산 총계
15,157,302,000,000
11,045,831,000,000
9,464,816,000,000
[유동부채]
8,270,093,000,000
4,330,103,000,000
3,900,357,000,000
[비유동부채]
2,963,425,000,000
2,784,169,000,000
2,574,733,000,000
부채 총계
11,233,518,000,000
7,114,272,000,000
6,475,090,000,000
[자본금]
265,650,000,000
265,650,000,000
265,650,000,000
[이익잉여금]
2,020,052,000,000
1,812,010,000,000
1,581,200,000,000
비지배지분
1,060,959,000,000
1,042,324,000,000
391,979,000,000
자본 총계
3,923,784,000,000
3,931,559,000,000
2,989,726,000,000
관계·공동기업
투자주식의 평가방법
지분법
지분법
지분법
2022.1.1 ~
2022.12.31
2021.1.1 ~
2021.12.31
2020.1.1 ~
2020.12.31
매출액
6,539,606,000,000
5,541,389,000,000
4,752,825,000,000
영업이익(영업손실)
377,215,000,000
277,093,000,000
211,044,000,000
당기순이익(당기순손실)
200,828,000,000
252,581,000,000
121,426,000,000
총포괄이익
108,876,000,000
356,685,000,000
176,021,000,000
주당순이익(주당순손실)
3,964
4,989
2,390
희석주당순이익
3,964
4,989
2,390

나. 요약재무정보
(단위: 원)
구분
제46기
제45기
제44기
2022년 12월말
2021년 12월말
2020년 12월말
[유동자산]
3,603,636,000,000
1,375,650,000,000
1,553,913,000,000
- 현금 및 현금성 자산
1,142,871,000,000
330,273,000,000
264,426,000,000
[비유동자산]
5,085,925,000,000
3,764,555,000,000
3,087,534,000,000
자산 총계
8,689,561,000,000
5,140,205,000,000
4,641,447,000,000
[유동부채]
4,218,171,000,000
1,255,228,000,000
1,162,912,000,000
[비유동부채]
1,817,001,000,000
1,794,127,000,000
1,482,913,000,000
부채 총계
6,035,172,000,000
3,049,355,000,000
2,645,825,000,000
[자본금]
265,650,000,000
265,650,000,000
265,650,000,000
[이익잉여금]
1,745,328,000,000
1,461,002,000,000
1,366,143,000,000
자본 총계
2,654,389,000,000
2,090,850,000,000
1,995,622,000,000
2022.1.1 ~
2022.12.31
2021.1.1 ~
2021.12.31
2020.1.1 ~
2020.12.31
매출액
1,956,745,000,000
1,224,760,000,000
1,059,925,000,000
영업이익(영업손실)
147,254,000,000
(17,755,000,000)
(7,326,000,000)
당기순이익(당기순손실)
306,700,000,000
119,344,000,000
28,407,000,000
총포괄이익(총포괄손실)
324,690,000,000
126,053,000,000
42,187,000,000
주당순이익(주당순손실)
6,054
2,357
559
희석주당순이익
6,054
2,357
559