## 우리금융지주 / 2023.03.16 사업보고서

### 1. 요약재무정보
#### 가. 요약연결재무정보
##### 1) 요약연결재무상태표
(주식회사 우리금융지주와 종속기업) (단위:원)

| 과 목                                  | 제4(당)기말        | 제3(전)기말        | 제2(전전)기말      |
| :------------------------------------- | :----------------- | :----------------- | :----------------- |
| **Ⅰ. 자산**                           |                    |                    |                    |
| 1. 현금및현금성자산                   | 34,219,148,000,000 | 20,613,073,000,000 | 17,343,237,000,000 |
| 2. 당기손익-공정가치측정 금융자산       | 19,860,573,000,000 | 13,497,234,000,000 | 14,762,941,000,000 |
| 3. 기타포괄손익-공정가치측정 금융자산   | 33,085,080,000,000 | 39,119,789,000,000 | 30,028,929,000,000 |
| 4. 상각후원가측정유가증권             | 28,268,516,000,000 | 17,086,274,000,000 | 17,020,839,000,000 |
| 5. 상각후원가측정대출채권및기타금융자산 | 355,760,729,000,000 | 348,885,617,000,000 | 312,753,824,000,000 |
| 6. 공동기업및관계기업투자자산         | 1,305,636,000,000  | 1,335,167,000,000  | 993,291,000,000    |
| 7. 유형자산                           | 3,142,930,000,000  | 3,174,720,000,000  | 3,287,198,000,000  |
| 8. 무형자산                           | 849,114,000,000    | 785,386,000,000    | 792,077,000,000    |
| 9. 매각예정자산                       | 13,772,000,000     | 26,327,000,000     | 60,002,000,000     |
| 10. 순확정급여자산                    | 319,280,000,000    | 21,346,000,000     | 5,658,000,000      |
| 11. 당기법인세자산                    | 53,274,000,000     | 22,598,000,000     | 75,655,000,000     |
| **자산총계**                          | **480,474,396,000,000** | **447,183,871,000,000** | **399,081,017,000,000** |
| **Ⅱ. 부채**                           |                    |                    |                    |
| 1. 당기손익-공정가치측정 금융부채       | 8,952,399,000,000  | 4,873,458,000,000  | 6,813,822,000,000  |
| 2. 예수부채                           | 342,105,209,000,000 | 317,899,871,000,000 | 291,477,279,000,000 |
| 3. 차입부채                           | 28,429,603,000,000 | 24,755,459,000,000 | 20,745,466,000,000 |
| 4. 발행사채                           | 44,198,486,000,000 | 44,653,864,000,000 | 37,479,358,000,000 |
| 5. 충당부채                           | 545,865,000,000    | 576,134,000,000    | 501,643,000,000    |
| 6. 순확정급여부채                     | 35,202,000,000     | 47,986,000,000     | 52,237,000,000     |
| 7. 당기법인세부채                     | 843,555,000,000    | 584,491,000,000    | 370,718,000,000    |
| 8. 이연법인세부채                     | 31,799,000,000     | 186,946,000,000    | 160,250,000,000    |
| 9. 파생상품부채(위험회피목적)         | 202,911,000,000    | 27,584,000,000     | 64,769,000,000     |
| 10. 기타금융부채                      | 22,811,868,000,000 | 24,171,030,000,000 | 14,215,817,000,000 |
| 11. 기타부채                          | 690,157,000,000    | 556,853,000,000    | 473,813,000,000    |
| **부채총계**                          | **448,847,054,000,000** | **418,333,676,000,000** | **372,355,172,000,000** |
| **Ⅲ. 자본**                           |                    |                    |                    |
| 1. 지배기업 소유주지분                | 28,761,897,000,000 | 25,842,019,000,000 | 23,053,608,000,000 |
| (1) 자본금                            | 3,640,303,000,000  | 3,640,303,000,000  | 3,611,338,000,000  |
| (2) 신종자본증권                      | 3,112,449,000,000  | 2,294,381,000,000  | 1,895,366,000,000  |
| (3) 자본잉여금                        | 682,385,000,000    | 682,385,000,000    | 626,111,000,000    |
| (4) 이익잉여금                        | 23,750,152,000,000 | 21,392,564,000,000 | 19,268,265,000,000 |
| 2. 비지배지분                         | 2,865,445,000,000  | 3,008,176,000,000  | 3,672,237,000,000  |
| **자본총계**                          | **31,627,342,000,000** | **28,850,195,000,000** | **26,725,845,000,000** |
| **부채와자본총계**                    | **480,474,396,000,000** | **447,183,871,000,000** | **399,081,017,000,000** |

연결에 포함된 회사수(최상위 지배기업 제외) : 167개 / 152개 / 131개

##### 2) 요약연결포괄손익계산서
(주식회사 우리금융지주와 종속기업) (단위:원)

| 과 목                                    | 제4(당)기         | 제3(전)기         | 제2(전전)기       |
| :--------------------------------------- | :---------------- | :---------------- | :---------------- |
| **I. 영업이익**                          | **4,430,524,000,000** | **3,659,749,000,000** | **2,080,394,000,000** |
| 1. 순이자이익                            | 8,696,579,000,000  | 6,985,721,000,000  | 5,998,512,000,000  |
| 2. 순수수료이익                          | 1,710,170,000,000  | 1,470,775,000,000  | 1,014,039,000,000  |
| 3. 배당수익                              | 159,982,000,000    | 309,211,000,000    | 138,543,000,000    |
| 4. 당기손익-공정가치측정 금융상품관련손익 | 238,502,000,000    | 325,751,000,000    | 421,709,000,000    |
| 5. 기타포괄손익-공정가치측정 금융자산관련손익 | (21,498,000,000)   | 32,624,000,000     | 24,138,000,000     |
| 6. 상각후원가측정 금융자산매매손익       | 74,204,000,000     | 107,317,000,000    | 44,443,000,000     |
| 7. 신용손실에 대한 손상차손              | (885,272,000,000)  | (536,838,000,000)  | (784,371,000,000)  |
| 8. 일반관리비                            | (4,529,890,000,000) | (4,147,411,000,000) | (3,956,181,000,000) |
| 9. 기타영업손익                          | (1,012,253,000,000) | (887,401,000,000)  | (820,438,000,000)  |
| **II. 영업외손익**                       | **54,850,000,000**   | **89,492,000,000**   | **(79,143,000,000)** |
| **III. 법인세비용차감전순이익**          | **4,485,374,000,000** | **3,749,241,000,000** | **2,001,251,000,000** |
| **IV. 법인세비용**                       | **(1,161,392,000,000)** | **(941,870,000,000)** | **(486,002,000,000)** |
| **V. 당기순이익**                        | **3,323,982,000,000** | **2,807,371,000,000** | **1,515,249,000,000** |
| 1. 지배기업지분이익                      | 3,141,680,000,000  | 2,587,936,000,000  | 1,307,266,000,000  |
| 2. 비지배지분이익                        | 182,302,000,000    | 219,435,000,000    | 207,983,000,000    |
| **VI. 기타포괄손익**                     | **(239,819,000,000)** | **170,181,000,000**  | **(82,207,000,000)** |
| **VII. 총포괄이익**                      | **3,084,163,000,000** | **2,977,552,000,000** | **1,433,042,000,000** |
| 1. 지배기업지분 총포괄이익               | 2,909,053,000,000  | 2,745,764,000,000  | 1,233,097,000,000  |
| 2. 비지배지분 총포괄이익                 | 175,110,000,000    | 231,788,000,000    | 199,945,000,000    |
| **VIII. 주당이익**                       |                    |                    |                    |
| 1. 기본및희석주당이익(단위:원)           | 4,191              | 3,481              | 1,742              |

#### 나. 요약별도재무정보 (제거)