신일전자 / 2023.03.23 사업보고서
1. 요약재무정보
(단위: 원)
구분
제 64 기
제 63 기
제 62 기
2022년 12월말
2021년 12월말
2020년 12월말
자산
유동자산
105,816,872,000,000
82,714,381,000,000
72,045,790,000,000
현금및현금성자산
21,340,820,000,000
30,366,778,000,000
25,404,049,000,000
비유동자산
47,063,783,000,000
39,374,300,000,000
38,552,864,000,000
유형자산
40,879,915,000,000
33,426,324,000,000
33,955,252,000,000
자산총계
152,880,655,000,000
122,088,681,000,000
110,598,654,000,000
부채
유동부채
64,029,490,000,000
39,024,415,000,000
35,188,721,000,000
비유동부채
6,960,322,000,000
457,840,000,000
144,563,000,000
부채총계
70,989,812,000,000
39,482,255,000,000
35,333,284,000,000
자본
자본금
35,523,761,000,000
35,523,761,000,000
35,523,761,000,000
이익잉여금(결손금)
37,619,330,000,000
38,334,913,000,000
31,754,562,000,000
자본총계
81,890,843,000,000
82,606,426,000,000
75,265,370,000,000
자본과부채총계
152,880,655,000,000
122,088,681,000,000
110,598,654,000,000
구분
(2022.1.1~2022.12.31.)
(2021.1.1~2021.12.31.)
(2020.1.1~2020.12.31.)
매출액
202,728,990,000,000
193,517,100,000,000
172,441,515,000,000
영업이익
2,828,953,000,000
9,607,808,000,000
6,236,116,000,000
당기순이익(손실)
1,041,713,000,000
7,977,953,000,000
8,015,379,000,000
총포괄손익
1,041,713,000,000
7,977,953,000,000
8,015,379,000,000
기본주당이익
15
114
115