삼일씨엔에스 / 2023.03.21 사업보고서
1. 요약재무정보
● 연결재무제표에 관한 사항
(단위: 원)
구분
제57기
(2022년 12월말)
제56기
(2021년 12월말)
제55기
(2020년 12월말)
[유동자산]
177,347,000,000
127,764,000,000
125,546,000,000
[비유동자산]
234,094,000,000
224,110,000,000
200,852,000,000
자산총계
411,441,000,000
351,874,000,000
326,398,000,000
[유동부채]
89,725,000,000
54,920,000,000
38,969,000,000
[비유동부채]
50,873,000,000
19,923,000,000
10,067,000,000
부채총계
140,597,000,000
74,843,000,000
49,036,000,000
자본금
12,732,000,000
12,732,000,000
12,732,000,000
이익잉여금
181,772,000,000
187,543,000,000
190,512,000,000
비지배지분
2,540,000,000
2,638,000,000
-
자본총계
270,844,000,000
277,031,000,000
277,362,000,000
(2022.01.01~ 2022.12.31)
(2021.01.01~ 2021.12.31)
(2020.01.01~ 2020.12.31)
매출액
241,241,000,000
226,606,000,000
186,071,000,000
영업이익
(6,978,000,000)
13,579,000,000
(258,000,000)
당기순이익(손실)
(5,881,000,000)
(3,063,000,000)
(1,035,000,000)
주당순이익(손실)(원)
(486)
(253)
(81)