하츠 / 2023.03.14 사업보고서
1. 요약재무정보
※ 당사의 재무제표는 한국채택국제회계기준(K-IFRS)에 의거하여 작성되었습니다.
(단위 : 원)
과목
제35기
(2022년 12월말)
제34기
(2021년 12월말)
제33기
(2020년 12월말)
[유동자산]
74,544,470,332,000
61,282,809,354,000
70,713,114,391,000
현금및현금성자산
26,873,852,152,000
14,242,064,524,000
22,474,174,714,000
매출채권 및 기타유동채권
24,198,896,826,000
21,509,335,956,000
20,311,221,758,000
재고자산
19,032,569,393,000
16,238,843,943,000
10,653,564,198,000
기타유동금융자산
3,000,000,000,000
7,938,889,024,000
16,300,000,000,000
기타유동자산
1,439,151,961,000
1,353,675,907,000
974,153,721,000
[비유동자산]
60,074,821,938,000
56,522,923,828,000
33,382,271,824,000
장기매출채권 및 기타비유동채권
1,374,634,703,000
1,176,256,330,000
1,091,470,760,000
기타비유동금융자산
6,783,086,025,000
5,752,827,501,000
3,256,000,781,000
기타비유동자산
1,399,880,032,000
139,986,607,000
-
관계기업투자
-
150,592,016,000
190,081,098,000
유형자산
24,048,503,557,000
22,777,007,381,000
22,676,750,363,000
무형자산
1,455,090,463,000
1,072,855,384,000
1,205,919,159,000
투자부동산
22,698,170,533,000
22,750,523,632,000
2,559,921,454,000
이연법인세자산
2,315,456,625,000
2,702,874,977,000
2,402,128,209,000
자산총계
134,619,292,270,000
117,805,733,182,000
104,095,386,215,000
[유동부채]
20,388,692,109,000
18,111,265,386,000
12,848,354,531,000
[비유동부채]
17,126,484,556,000
5,066,472,001,000
3,617,351,941,000
부채총계
37,515,176,665,000
23,177,737,387,000
16,465,706,472,000
[자본금]
6,400,000,000,000
6,400,000,000,000
6,400,000,000,000
[자본잉여금]
11,918,859,058,000
11,916,568,861,000
11,913,508,347,000
[이익잉여금]
83,018,034,787,000
79,303,479,735,000
72,241,835,502,000
자본총계
97,104,115,605,000
94,627,995,795,000
87,629,679,743,000
관계기업 투자주식의 평가방법
지분법
지분법
지분법
구분
2022.01.01 ~2022.12.31.
2021.01.01 ~2021.12.31.
2020.01.01 ~2020.12.31
매출액
143,130,132,137,000
137,185,085,797,000
125,078,383,409,000
영업이익
7,183,438,566,000
10,002,548,784,000
7,938,567,169,000
당기순이익(손실)
4,594,237,701,000
8,082,741,457,000
5,991,724,105,000
기본주당이익(손실)(원)
383
660
493
주1) 상기 재무제표는 한국채택국제회계기준에 따라 작성된 외부감사인의 감사를 받 은 재무제표입니다.
주2) 한편, 제35기(당기) 재무제표는 주주총회 승인전 재무제표로서 2023년 3월 22 일 개최될 정기주주총회에서 최종 승인될 예정입니다. 향후 정기주주총회에서 재무 제표 승인 관련 안건이 부결되거나 수정이 발생할 경우 정정보고서를 통해 그 내용 및 사유 등을 반영할 예정입니다.