남선알미늄 / 2023.03.22 사업보고서
1. 요약재무정보
1. 요약연결재무정보
(단위 : 천원)
구분
제50기
제49기
제48기
[유동자산]
134,740,292
116,527,738
112,419,203
ㆍ현금및현금성자산
53,512,386
25,441,264
16,567,192
ㆍ금융기관예치금
70,000
5,070,000
2,538,959
ㆍ매출채권
36,690,082
38,160,768
49,854,567
ㆍ기타채권
448,956
193,015
9,835,493
ㆍ기타포괄-공정가치금융자산
-
1,789
-
ㆍ기타금융자산
1,400
1,400
7,960
ㆍ재고자산
33,145,082
36,558,856
23,897,461
ㆍ당기법인세자산
361,103
133,160
885,485
ㆍ미청구공사
6,203,037
4,740,129
4,192,727
ㆍ기타유동자산
4,308,246
6,227,357
4,639,359
[비유동자산]
266,454,852
238,710,616
182,733,600
ㆍ장기금융기관예치금
7,500
7,500
7,500
ㆍ장기매출채권
-
-
10,685
ㆍ장기기타채권
897,445
797,097
865,335
ㆍ당기손익-공정가치금융자산
11,195,608
8,916,154
4,805,657
ㆍ기타포괄-공정가치금융자산
-
30,978
-
ㆍ유형자산
59,268,559
60,803,814
66,040,904
ㆍ투자부동산
1,287,120
2,982,200
3,561,900
ㆍ무형자산
65,263
65,311
65,505
ㆍ관계기업투자
193,733,357
165,107,562
107,376,114
ㆍ기타비유동자산
-
-
-
자산총계
401,195,144
355,238,354
295,152,804
[유동부채]
49,056,023
69,337,233
63,654,125
[비유동부채]
45,502,319
49,970,354
41,954,121
부채총계
94,558,342
119,307,587
105,608,246
[지배기업소유지분]
306,636,802
235,930,767
189,544,558
ㆍ자본금
64,693,490
55,243,490
55,243,490
ㆍ기타불입자본
32,834,526
4,368,345
4,368,345
ㆍ기타자본
644,883
(812,469)
(3,304,561)
ㆍ이익잉여금(결손금)
208,463,903
177,131,401
133,237,284
[비지배지분]
-
-
-
자본총계
306,636,802
235,930,767
189,544,558
구분
(2022.01 ~ 2022.12)
(2021.01 ~ 2021.12)
(2020.01 ~ 2020.12)
매출액
255,740,230
230,343,537
268,474,786
영업이익
(2,490,018)
(6,912,236)
(1,515,276)
연결총당기순이익의 귀속
27,929,159
41,688,592
10,538,669
ㆍ지배기업의 소유주지분
27,929,159
41,688,592
10,538,669
ㆍ비지배지분
-
-
-
연결총포괄이익의 귀속
32,789,853
46,386,210
10,444,304
ㆍ지배기업의 소유주지분
32,789,853
46,386,210
10,444,304
ㆍ비지배지분
-
-
-
기본주당이익(원)
238
377
95
희석주당순이익(손실)
236
397
115
연결에 포함된 회사수
1
1
1
2. 요약재무정보
(단위 : 천원)
구분
제50기
제49기
제48기
[유동자산]
144,476,341
125,733,839
121,119,160
ㆍ현금및현금성자산
53,453,580
25,439,440
16,487,650
ㆍ금융기관예치금
70,000
5,070,000
2,538,959
ㆍ매출채권
36,690,082
38,160,768
49,854,567
ㆍ기타채권
10,244,024
9,400,955
18,615,154
ㆍ기타금융자산
1,400
1,400
7,960
ㆍ기타포괄-공정가치금융자산
-
1,789
-
ㆍ재고자산
33,145,082
36,558,856
23,897,461
ㆍ미청구공사
6,203,037
4,740,129
4,192,727
ㆍ기타유동자산
4,308,246
6,227,358
4,639,359
ㆍ당기법인세자산
360,890
133,144
885,323
[비유동자산]
146,846,828
149,947,506
155,812,435
ㆍ장기금융기관예치금
7,500
7,500
7,500
ㆍ장기기타채권
897,445
797,097
865,335
ㆍ당기손익-공정가치금융자산
211,965
151,629
151,629
ㆍ기타포괄-공정가치금융자산
-
30,978
-
ㆍ장기매출채권
-
-
10,685
ㆍ유형자산
59,268,560
60,803,814
66,040,904
ㆍ투자부동산
1,287,120
2,982,200
3,561,900
ㆍ무형자산
65,263
65,311
65,505
ㆍ종속기업투자
85,108,977
85,108,977
85,108,977
자산총계
291,323,169
275,681,345
276,931,595
[유동부채]
49,028,528
69,323,135
63,647,494
[비유동부채]
28,644,884
37,234,941
39,222,368
부채총계
77,673,412
106,558,076
102,869,862
ㆍ자본금
64,693,490
55,243,490
55,243,490
ㆍ기타불입자본
32,834,526
4,368,345
4,368,345
ㆍ기타자본
(18,695)
6,864
(18,695)
ㆍ이익잉여금(결손금)
116,140,436
109,504,570
114,468,594
자본총계
213,649,757
169,123,269
174,061,734
종속,관계,공동기업 투자주식의 평가방법
원가법
원가법
원가법
구분
(2022.01 ~ 2022.12)
(2021.01 ~ 2021.12)
(2020.01 ~ 2020.12)
매출액
255,740,300
230,343,537
268,474,786
영업이익
(2,333,712)
(6,778,063)
(1,420,763)
당기순이익의 귀속(손실)
2,713,939
(6,277,201)
(2,461,919)
총포괄이익의 귀속(손실)
6,610,307
(4,938,465)
(2,295,763)
기본주당이익(원)
23
(57)
(22)
희석주당순이익(손실)
41
(37)
(2)