이상네트웍스 / 2023.03.20 사업보고서
1.
요약재무정보
가. 연결요약재무제표
주식회사 이상네트웍스 및 그 종속기업
(단위:원)
구분
제23기
제22기
제21기
2022년 12월말
2021년 12월말
2020년 12월말
[유동자산]
61,615,508,349
61,354,470,714
52,613,740,329
-당좌자산
49,637,780,619
43,112,067,932
38,583,553,592
-재고자산
11,977,727,730
10,462,710,072
12,945,115,997
-매각예정비유동자산
-
7,779,692,710
1,085,070,740
[비유동자산]
102,523,805,127
92,631,041,322
101,309,830,376
-투자자산
50,853,977,013
36,556,018,641
35,012,643,194
-유형자산
23,830,876,698
25,795,501,537
33,881,309,222
-무형자산
17,363,507,939
17,582,531,010
18,009,149,340
-사용권자산
8,957,447,021
11,184,877,595
12,884,309,060
-기타비유동자산
1,517,996,456
1,512,112,539
1,522,419,560
자산총계
164,139,313,476
153,985,512,036
153,923,570,705
[유동부채]
25,312,183,928
21,572,082,837
27,566,293,624
[비유동부채]
13,033,695,510
14,839,463,846
15,725,512,424
부채총계
38,345,879,438
36,411,546,683
43,291,806,048
[자본금]
5,000,000,000
4,507,500,000
4,507,500,000
[자본잉여금]
26,702,034,731
27,194,534,731
27,194,534,731
[기타자본항목]
(2,892,272,618)
(347,530,605)
(347,530,605)
[기타포괄손익누계액]
(176,439,847)
(22,367,339)
(216,667,666)
[이익잉여금]
83,326,451,565
74,404,886,040
68,825,329,779
[비지배지분]
13,833,660,207
11,836,942,526
10,668,598,418
자본총계
125,793,434,038
117,573,965,353
110,631,764,657
구분
제23기
제22기
제21기
2022.01.01~2022.12.31
2021.01.01~2021.12.31
2020.01.01~2020.12.31
매출액
69,962,205,388
57,155,970,394
41,423,562,839
영업이익
13,301,535,533
10,075,774,846
3,027,912,999
계속사업이익
11,816,613,202
10,597,738,226
11,654,534,200
중단사업이익(손실)
102,334,842
(773,466,669)
(2,430,939,547)
구분
제23기
제22기
제21기
2022.01.01~2022.12.31
2021.01.01~2021.12.31
2020.01.01~2020.12.31
연결당기순이익
11,918,948,044
7,640,460,924
5,992,694,048
-지배지분순이익
9,888,894,988
6,472,116,816
6,215,841,888
-비지배지분순이익
2,030,053,056
1,168,344,108
(223,147,840)
계속영업주당순이익
992
732
873
중단영업주당순이익
10
(78)
(245)
연결종속회사의 수
3
3
4
(*) 보고기간 중 연결회사는 희석주식이 존재하지 아니함에 따라 희석주당순이익은 보통주당순이익과 동일합니다.
나. 별도요약재무제표
주식회사 이상네트웍스 (단위:원)
구분
제23기
제22기
제21기
2022년 12월말
2021년 12월말
2020년 12월말
[유동자산]
27,197,998,809
35,781,565,819
32,567,679,288
-당좌자산
15,220,271,079
17,607,788,510
19,941,431,452
-재고자산
11,977,727,730
10,394,084,599
12,626,247,836
-매각예정비유동자산
-
7,779,692,710
-
[비유동자산]
84,996,573,797
73,018,635,390
80,889,742,819
-투자자산
59,733,368,356
47,777,426,190
47,855,995,421
-유형자산
19,442,981,095
19,852,441,825
26,544,159,520
-무형자산
421,376,751
412,330,126
409,115,959
-사용권자산
4,666,580,275
4,252,805,317
4,752,969,779
-기타비유동자산
732,267,320
723,631,932
1,327,502,140
자산총계
112,194,572,606
108,800,201,209
113,457,422,107
[유동부채]
19,419,454,843
17,045,197,016
22,177,409,362
[비유동부채]
5,845,143,016
4,929,934,216
5,415,775,335
부채총계
25,264,597,859
21,975,131,232
27,593,184,697
[자본금]
5,000,000,000
4,507,500,000
4,507,500,000
[자본잉여금]
26,702,034,731
27,194,534,731
27,194,534,731
[기타자본항목]
(4,317,676,582)
(1,772,934,569)
(752,598,140)
[이익잉여금]
59,545,616,598
56,895,969,815
54,914,800,819
[기타포괄손익누계액]
-
-
-
구분
제23기
제22기
제21기
2022년 12월말
2021년 12월말
2020년 12월말
자본총계
86,929,974,747
86,825,069,977
85,864,237,410
종속·관계기업 투자주식의 평가방법
원가법
원가법
원가법
구분
제23기
제22기
제21기
2022.01.01~2022.12.31
2021.01.01~2021.12.31
2020.01.01~2020.12.31
매출액
30,771,426,026
29,155,602,893
23,831,504,877
영업이익
5,117,600,760
4,843,176,434
2,272,649,005
계속사업이익
3,438,969,541
3,453,596,572
6,500,692,832
중단사업이익(손실)
102,334,842
(580,769,976)
-
당기순이익
3,541,304,383
2,872,826,596
6,500,692,832
계속영업주당순이익
348
349
656
중단영업주당순이익
10
(59)
-
(*) 보고기간 중 회사는 희석주식이 존재하지 아니함에 따라 희석주당순이익은 보통 주당순이익과 동일합니다.
주1) 상기 재무제표는 한국채택 국제회계기준에 따라 작성되었으며, 외부감사인의 감사를 받은 재무제표입니다.
주2) 상기 재무제표는 주주총회 승인 전 재무제표로 향후 정기주주총회에서 재무제 표 승인 관련 안건이 부결되거나 수정이 발생한 경우 정정보고서를 통해 그 내용 및 사유를 반영할 예정입니다.