한국가스공사 / 2023.03.21 사업보고서
1. 요약재무정보
가. 요약연결재무정보
(단위 : 원)
계정과목
제 40기
제 39기
제 38기
(2022년)
(2021년)
(2020년)
[자 산]
62,424,983,000,000
43,669,902,000,000
35,909,774,000,000
Ⅰ. 유동자산
25,091,557,000,000
13,147,738,000,000
7,527,879,000,000
ㆍ현금 및 현금성자산
813,275,000,000
564,523,000,000
331,761,000,000
Ⅱ. 비유동자산
37,333,426,000,000
30,522,164,000,000
28,381,895,000,000
자산총계
62,424,983,000,000
43,669,902,000,000
35,909,774,000,000
[부 채]
52,014,243,000,000
34,550,566,000,000
28,174,619,000,000
Ⅰ. 유동부채
30,634,566,000,000
14,021,663,000,000
7,212,818,000,000
Ⅱ. 비유동부채
21,379,677,000,000
20,528,903,000,000
20,961,801,000,000
부채총계
52,014,243,000,000
34,550,566,000,000
28,174,619,000,000
[자 본]
10,410,740,000,000
9,119,336,000,000
7,735,155,000,000
Ⅰ. 이익잉여금
7,476,257,000,000
6,185,268,000,000
5,190,804,000,000
ⅤI. 비지배지분
223,659,000,000
250,194,000,000
254,116,000,000
자본총계
10,410,740,000,000
9,119,336,000,000
7,735,155,000,000
[부채와 자본총계]
62,424,983,000,000
43,669,902,000,000
35,909,774,000,000
구분
2022.01.01 ~ 2022.12.31
2021.01.01 ~ 2021.12.31
2020.01.01 ~ 2020.12.31
매출액
51,724,287,000,000
27,520,756,000,000
20,833,722,000,000
영업이익
2,463,422,000,000
1,239,699,000,000
898,855,000,000
당기순이익(손실)
1,497,008,000,000
964,522,000,000
(160,683,000,000)
지배기업의 소유주에게 귀속되는 당기순이익(손실)
1,493,103,000,000
950,757,000,000
(172,060,000,000)
기본주당이익(원)
17,317
11,078
(1,989)
※ ( )는 부(-)의 수치임.
※ 상기요약연결재무정보는 한국채택국제회계기준(K-IFRS)에 따라서 작성하였습니다.
※ 연결에 포함된 회사수는 한국가스공사를 제외한 숫자입니다.
※ 본 연결재무제표는 주주총회 승인전 연결재무제표로, 향후 정기주주총회에서 연결재무
제표 승인 관련 안건이 부결되거나 수정이 발생한 경우 정정보고서를 통해 그 내용 및 사 유 등을 반영할 예정입니다.