금강철강 / 2023.03.20 사업보고서
1. 요약재무정보
가. 요약연결재무정보
(단위 : 원)
구분
제46기
제45기
제44기
[유동자산]
119,929,930,729
109,569,383,963
98,079,705,246
ㆍ현금및현금성자산
36,435,100,213
40,992,547,892
21,521,251,814
[비유동자산]
39,988,062,930
41,342,763,171
40,658,023,597
자산총계
159,917,993,659
150,912,147,134
138,737,728,843
[유동부채]
33,908,448,425
28,527,008,622
26,156,561,280
[비유동부채]
1,284,203,510
2,785,513,737
1,751,370,774
부채총계
35,192,651,935
31,312,522,359
27,907,932,054
[자본금]
9,860,000,000
9,860,000,000
9,860,000,000
[연결자본잉여금]
19,250,522,325
16,530,995,100
16,530,995,100
[연결자본조정]
△8,489,372,648
△6,662,819,544
△6,662,819,544
[연결기타포괄손익누계액]
△489,087,339
△273,815,819
144,015,751
[연결이익잉여금]
105,073,043,855
100,556,508,274
91,338,867,624
비지배지분
△479,764,469
△411,243,236
△381,262,142
자본총계
124,725,341,724
119,599,624,775
110,829,796,789
종속기업
투자주식의 평가방법
원가법
원가법
원가법
관계기업
투자주식의 평가방법
지분법
지분법
지분법
부채와자본총계
159,917,993,659
150,912,147,134
138,737,728,843
2022.01.01~ 2022.12.31
2021.01.01~ 2021.12.31
2020.01.01~ 2020.12.31
매출액
244,220,990,730
236,219,889,560
175,181,447,834
영업이익
4,891,451,957
9,069,143,627
3,150,804,414
지배회사소유 순이익
5,465,827,698
10,224,814,179
2,808,420,598
연결당기순이익
5,397,306,465
10,194,833,085
2,846,273,936
지배회사 소유주지분에대한 주당이익
332
631
172
연결에 포함된 회사수
2
2
2
[Δ는 부(-)의 수치임]