대호에이엘 / 2024.03.12 [정정] 사업보고서
1. 요약재무정보
요약재무정보
(단위 : 원)
구분
제21기
제20기
제19기
[유동자산]
89,445,393,799
88,007,116,960
48,190,356,110
ㆍ현금및현금성자산
35,940,823,853
35,790,241,599
9,946,987,971
ㆍ매출채권 및 기타채권
21,005,326,421
16,805,420,847
18,342,406,835
ㆍ기타금융자산
277,779,258
-
-
ㆍ재고자산
28,847,376,281
22,208,804,245
17,488,416,683
ㆍ당기법인세자산
-
9,362,360
1,684,100
ㆍ기타유동자산
742,997,986
13,193,287,909
2,410,860,521
ㆍ매각예정자산
2,631,090,000
-
-
[비유동자산]
64,097,303,077
57,018,145,104
52,985,116,138
ㆍ기타채권
1,728,831,299
2,267,100,334
2,208,570,997
ㆍ기타금융자산
10,859,401,149
4,932,198,653
1,033,761,189
ㆍ유형자산
43,939,686,724
41,839,448,634
27,217,298,239
ㆍ무형자산
2,948,581,284
536,561,106
734,506,389
ㆍ투자부동산
4,177,804,840
7,196,606,444
21,461,118,278
ㆍ이연법인세자산
-
-
-
ㆍ기타비유동자산
77,719,416
190,269,003
253,692,003
ㆍ사용권자산
365,278,365
55,960,930
76,169,043
자산총계
153,542,696,876
145,025,262,064
101,175,472,248
[유동부채]
73,769,193,265
67,192,170,903
61,315,938,779
[비유동부채]
6,892,784,281
8,807,911,053
12,442,080,170
부채총계
80,661,977,546
76,000,081,956
73,758,018,949
[지배지분]
72,880,719,330
69,025,180,108
27,417,453,299
ㆍ자본금
26,001,759,500
25,267,568,000
13,567,419,500
ㆍ주식발행초과금
35,149,026,204
32,279,660,452
332,580,500
ㆍ자기주식
Δ101,441,444
Δ101,441,444
Δ101,441,444
ㆍ이익잉여금
Δ2,141,720,341
Δ9,123,031,548
Δ7,621,172,030
ㆍ기타자본
13,973,095,411
20,702,424,648
21,240,066,773
[비지배지분]
-
-
-
자본총계
72,880,719,330
69,025,180,108
27,417,453,299
[매출액]
174,036,740,741
143,401,758,272
121,426,441,516
[영업이익(Δ손실)]
9,340,386,983
1,819,870,720
2,592,046,131
[법인세차감전순손익]
6,655,899,866
Δ3,485,660,015
746,584,185
[당기순이익(Δ손실)]
5,924,964,090
Δ3,042,735,063
652,578,795
[기타포괄손익]
Δ6,571,317,886
1,281,708,826
Δ537,702,635
[총포괄손익]
Δ646,353,796
Δ1,761,026,237
114,876,160
[지배기업소유지분당기순손익]
5,924,964,090
Δ3,042,735,063
652,578,795
[지배기업소유지분총포괄손익]
Δ646,353,796
Δ1,761,026,237
114,876,160
[기본주당손익]
114
Δ60
24
[Δ는 부(-)의 수치임]
* 상기 제21기,제20기, 제19기 재무정보는 외부감사인으로 부터 감사 및 검토 받은 재무정보입니다.