브이티 / 2023.03.21 사업보고서
1. 요약재무정보
(1) 요약 연결재무정보
주식회사 브이티지엠피와 그 종속기업
. (단위 : 천원)
구분
제37기 당기말 (2022년12월말)
제36기 전기말 (2021년12월말)
제35기 전전기말 (2020년12월말)
[유동자산]
119,240,321
106,743,278
79,847,711
ㆍ당좌자산
96,953,979
75,381,958
37,336,368
ㆍ재고자산
22,286,342
31,361,320
42,511,343
[비유동자산]
101,456,720
100,904,320
79,083,535
ㆍ기타비유동금융자산
7,000
7,000
7,102
ㆍ당기손익-공정가치금융자산
6,247,916
6,382,475
102
ㆍ유형자산
29,341,641
28,196,302
33,251,817
ㆍ사용권자산
5,374,533
6,169,061
868,488
ㆍ무형자산
45,739,583
50,797,049
14,360,313
ㆍ기타비유동자산
14,746,047
9,352,433
30,595,713
자산총계
220,697,041
207,647,598
158,931,246
[유동부채]
99,203,209
77,492,480
70,104,546
[비유동부채]
18,745,588
20,064,469
18,394,600
부채총계
117,948,798
97,556,949
88,499,146
Ⅰ.지배기업 소유지분
77,604,564
77,839,726
70,592,500
자본금
17,241,947
17,241,947
17,079,761
기타자본항목
10,486,736
22,112,161
40,680,724
이익잉여금
49,875,882
38,485,618
12,832,016
Ⅱ.비지배지분
25,143,679
32,250,923
(160,400)
자본총계
102,748,243
110,090,649
70,432,100
구분
(2022.01.01~ 2022.12.31)
(2021.01.01~ 2021.12.31)
(2020.01.01~ 2020.12.31)
매출액
240,241,306
226,769,601
107,395,373
영업이익
23,552,825
26,390,742
5,460,910
당기순이익
13,204,953
17,497,575
(1,308,656)
지배기업 소유주지분
11,149,482
14,913,899
1,105,400
비지배지분
2,055,471
2,583,676
(2,414,055)
주당순이익
342
456
34
※ 한국채택국제회계기준(K-IFRS)에 따라 작성되었습니다.
(2) 요약 별도재무정보
주식회사 브이티지엠피
.
(단위 : 천원)
구분
제37기 당기말 (2022년12월말)
제36기 전기말 (2021년12월말)
제35기 전전기말 (2020년12월말)
[유동자산]
57,000,937
67,595,517
56,634,656
ㆍ당좌자산
44,649,338
52,390,737
40,197,308
ㆍ재고자산
12,351,599
15,204,780
16,437,348
[비유동자산]
104,144,228
93,353,681
83,104,056
ㆍ기타비유동금융자산
243,673
7,000
7,000
ㆍ장기매출채권및기타비유동채권
3,259,197
4,177,143
1,755,540
ㆍ종속기업및관계기업투자
62,230,995
50,675,018
39,195,788
ㆍ유형자산
27,262,084
26,758,735
32,998,595
ㆍ사용권자산
1,033,502
1,747,619
715,704
ㆍ무형자산
9,048,169
8,886,389
8,431,430
ㆍ기타비유동자산
1,066,608
1,101,777
-
자산총계
161,145,165
160,949,198
139,738,712
[유동부채]
52,025,655
54,620,008
47,856,154
[비유동부채]
13,667,163
13,170,286
14,955,779
부채총계
65,692,818
67,790,294
62,811,933
자본금
17,241,947
17,241,947
17,079,761
기타자본항목
38,883,059
40,141,766
44,934,889
이익잉여금
39,327,342
35,775,191
14,912,130
자본총계
95,452,347
93,158,904
76,926,779
종속 관계 공동기업 투자주식의 평가방법
원가법
원가법
원가법
구분
(2022.01.01~ 2022.12.31)
(2021.01.01~ 2021.12.31)
(2020.01.01~ 2020.12.31)
매출액
157,342,080
142,415,831
105,877,069
영업이익
19,433,110
17,217,814
9,811,608
당기순이익
3,368,339
10,165,303
6,461,705
주당순이익
103
311
201
※ 한국채택국제회계기준(K-IFRS)에 따라 작성되었습니다. 25. 11. 12. 오후 11:06