아난티 / 2023.03.21 사업보고서
1. 요약재무정보
가. 요약연결재무정보
(단위 : 원)
구 분
제36기
제35기
제34기
2022년 12월말
2021년 12월말
2020년 12월말
[유동자산]
525,676,000,000
466,549,000,000
351,959,000,000
ㆍ현금및현금성자산
177,804,000,000
266,456,000,000
206,857,000,000
ㆍ재고자산
316,074,000,000
178,210,000,000
120,239,000,000
[비유동자산]
1,209,111,000,000
918,586,000,000
791,717,000,000
ㆍ유형자산
1,172,366,000,000
873,405,000,000
765,965,000,000
자산총계
1,734,787,000,000
1,385,135,000,000
1,143,676,000,000
[유동부채]
749,253,000,000
565,777,000,000
290,809,000,000
[비유동부채]
474,899,000,000
418,803,000,000
486,150,000,000
부채총계
1,224,152,000,000
984,580,000,000
776,959,000,000
[지배기업소유주지분]
506,952,000,000
377,519,000,000
341,491,000,000
[이익잉여금(결손금)]
59,199,000,000
28,220,000,000
9,164,000,000
[외부주주지분]
3,683,000,000
23,037,000,000
25,226,000,000
자본총계
510,635,000,000
400,555,000,000
366,717,000,000
구분
2022.01.01~ 2022.12.31
2021.01.01~ 2021.12.31
2020.01.01~ 2020.12.31
매출액
325,346,000,000
219,820,000,000
114,059,000,000
영업이익(손실)
115,223,000,000
59,731,000,000
(31,724,000,000)
당기순이익(손실)
33,987,000,000
16,682,000,000
(44,795,000,000)
지배기업 소유주지분
31,036,000,000
18,870,000,000
(39,349,000,000)
비지배지분
2,951,000,000
(2,189,000,000)
(5,447,000,000)
연결기준 기본주당순이익(단위 : 원)
360
221
(463)