시공테크 / 2023.03.21 사업보고서
1. 요약재무정보
가. 요약 연결재무정보(K-IFRS 적용)
(단위: 원)
구분
제35기
제34기
제33기
[유동자산]
54,719,000,000
68,335,000,000
60,589,000,000
[비유동자산]
107,933,000,000
86,437,000,000
94,750,000,000
자산총계
162,652,000,000
154,772,000,000
155,339,000,000
[유동부채]
33,307,000,000
37,086,000,000
38,661,000,000
[비유동부채]
5,238,000,000
3,065,000,000
3,840,000,000
부채총계
38,545,000,000
40,151,000,000
42,501,000,000
[자본금]
10,024,000,000
10,024,000,000
10,024,000,000
[이익잉여금]
90,067,000,000
78,165,000,000
76,581,000,000
자본총계
124,107,000,000
114,621,000,000
112,838,000,000
구 분
(2022년 1월 1일 ~ 2022년 12월 31일)
(2021년 1월 1일 ~ 2021년 12월 31일)
(2020년 1월 1일 ~ 2020년 12월 31일)
매출액
100,208,000,000
92,592,000,000
103,707,000,000
영업이익(손실)
(5,204,000,000)
(955,000,000)
4,827,000,000
당기순이익(손실)
6,924,000,000
2,834,000,000
5,239,000,000
총포괄이익(손실)
13,021,000,000
3,146,000,000
5,568,000,000
기본주당이익(손실)
363
146
272