이크레더블 / 2023.03.20 사업보고서
1. 요약재무정보
가. 요약 연결재무제표
(단위: 원)
구 분
제23기
(2022년 12월말)
제22기
(2021년 12월말)
제21기
(2020년 12월말)
자산 총계
56,566,032,774
74,068,099,069
67,494,683,028
부채 총계
10,317,664,262
10,720,664,002
9,643,008,985
[자본금]
6,146,800,000
6,146,800,000
6,146,800,000
[이익잉여금]
35,457,680,802
52,556,747,357
47,060,986,333
자본 총계
46,248,368,512
63,347,435,067
57,851,674,043
매출액
47,130,065,587
45,703,148,455
42,906,193,743
영업이익
19,286,893,039
18,222,470,771
16,874,695,268
법인세비용차감전순이익
20,172,053,062
18,489,716,965
17,326,511,852
연결총당기순이익
15,659,525,445
13,926,281,024
13,050,829,502
연결주당순이익
1,300
1,156
1,084
연결에 포함된 회사수
1개
1개
1개