CJ대한통운 / 2023.03.17 사업보고서
1. 요약재무정보
가. 요약연결재무정보
(단위: 원)
구 분
제113기
제112기
제111기
2022년 12월말
2021년 12월말
2020년 12월말
[유동자산]
2,956,460,000,000
2,348,223,000,000
2,538,547,000,000
[비유동자산]
6,736,840,000,000
6,645,706,000,000
7,104,952,000,000
자산총계
9,693,300,000,000
8,993,929,000,000
9,643,499,000,000
[유동부채]
3,108,760,000,000
2,448,916,000,000
2,807,607,000,000
[비유동부채]
2,550,231,000,000
2,528,655,000,000
2,795,950,000,000
부채총계
5,658,991,000,000
4,977,571,000,000
5,603,557,000,000
[지배기업의 소유주지분]
3,570,746,000,000
3,565,470,000,000
3,338,147,000,000
자본금
114,062,000,000
114,062,000,000
114,062,000,000
이익잉여금
924,839,000,000
747,681,000,000
718,060,000,000
[비지배지분]
463,563,000,000
450,888,000,000
701,795,000,000
자본총계
4,034,309,000,000
4,016,358,000,000
4,039,942,000,000
2022.01.01~2022.12.31
2021.01.01~2021.12.31
2020.01.01~2020.12.31
매출액
12,130,713,000,000
11,343,652,000,000
10,781,127,000,000
영업이익
411,787,000,000
343,881,000,000
325,338,000,000
당기순이익
196,822,000,000
158,280,000,000
142,623,000,000
기본주당이익
8,190
1,841
5,683
총포괄이익
48,578,000,000
360,962,000,000
93,419,000,000
연결에 포함된 회사수
112개
114개
133개
(2) 부문별 연결재무정보
1) 사업부문별 연결재무정보
(기준일 : 2022년 12월 31일)
(단위: 원)
구분
CL사업부문
택배사업부문
글로벌사업부문
건설사업부문
합 계
매출액
2,839,151,000,000
3,649,492,000,000
5,542,924,000,000
677,301,000,000
12,708,868,000,000
영업이익
124,058,000,000
174,296,000,000
96,946,000,000
16,487,000,000
411,787,000,000
자산총계
3,345,784,000,000
2,505,646,000,000
2,805,234,000,000
1,036,636,000,000
9,693,300,000,000
부채총계
1,708,750,000,000
1,523,391,000,000
1,590,867,000,000
835,983,000,000
5,658,991,000,000
2) 지역별 연결재무정보(매출기준)
(단위: 원)
(기준일 : 2022년 12월 31일)
지역구분
제113기
제112기
금액
(비율)
금액
(비율)
국내
8,197,368,000,000
67.6%
7,718,774,000,000
68.1%
아시아
2,440,530,000,000
20.1%
2,352,617,000,000
20.7%
미주
1,329,174,000,000
11.0%
1,048,134,000,000
9.2%
기타
163,641,000,000
1.3%
224,127,000,000
2.0%
합계
12,130,713,000,000
100.0%
11,343,652,000,000
100.0%
나. 요약재무정보
(단위: 원)
구 분
제113기
제112기
제111기
2022년 12월말
2021년 12월말
2020년 12월말
[유동자산]
1,876,859,000,000
1,230,044,000,000
1,244,521,000,000
[비유동자산]
5,948,254,000,000
5,859,058,000,000
5,976,167,000,000
자산총계
7,825,113,000,000
7,089,102,000,000
7,220,688,000,000
[유동부채]
2,389,399,000,000
1,594,827,000,000
1,748,181,000,000
[비유동부채]
2,008,965,000,000
2,077,471,000,000
2,206,665,000,000
부채총계
4,398,364,000,000
3,672,298,000,000
3,954,846,000,000
[납입자본과적립금]
3,426,749,000,000
3,416,804,000,000
3,265,842,000,000
자본금
114,062,000,000
114,062,000,000
114,062,000,000
이익잉여금
769,439,000,000
573,743,000,000
503,963,000,000
자본총계
3,426,749,000,000
3,416,804,000,000
3,265,842,000,000
2022.01.01~2022.12.31
2021.01.01~2021.12.31
2020.01.01~2020.12.31
매출액
8,214,654,000,000
7,728,647,000,000
6,936,120,000,000
영업이익
262,723,000,000
257,667,000,000
218,742,000,000
당기순이익
200,576,000,000
93,782,000,000
95,549,000,000
기본주당이익
9,144
3,798
4,195
총포괄이익
28,144,000,000
168,994,000,000
105,911,000,000