효성 ITX / 2023.03.15 사업보고서
1. 요약재무정보
가. 요약 연결재무정보
(단위 : 원)
구분
제26기
(2022년 12월말)
제25기
(2021년 12월말)
제24기
(2020년 12월말)
[유동자산]
92,177,295,184,000
65,848,347,987,000
55,677,093,634,000
ㆍ현금및현금성자산
18,332,905,753,000
277,883,412,000
3,481,517,294,000
ㆍ매출채권및기타채권
62,825,395,134,000
52,736,755,423,000
43,697,284,374,000
ㆍ재고자산
8,442,829,237,000
7,939,367,475,000
4,555,578,633,000
자산총계
176,818,736,427,000
241,404,764,480,000
161,698,569,724,000
[유동부채]
95,274,397,111,000
106,821,414,945,000
88,852,034,746,000
[비유동부채]
15,795,782,429,000
31,263,946,268,000
23,421,646,385,000
부채총계
111,070,179,540,000
138,085,361,213,000
112,273,681,131,000
[자본금]
6,214,000,000,000
6,214,000,000,000
6,214,000,000,000
[이익잉여금(결손금)]
48,156,235,872,000
28,523,491,702,000
25,270,962,794,000
자본총계
65,748,556,887,000
103,319,403,267,000
49,424,888,593,000
구분
(2022.01.01~ 2022.12.31)
(2021.01.01~ 2021.12.31)
(2020.01.01~ 2020.12.31)
매출액
511,266,620,347,000
475,904,429,382,000
484,119,583,520,000
영업이익
22,323,153,949,000
20,287,985,472,000
16,812,254,864,000
법인세차감전순이익
19,589,651,370,000
19,235,057,083,000
16,170,166,504,000
연결당기순이익
14,921,412,242,000
14,388,125,433,000
12,749,411,272,000
지배기업 소유지분에 대한 주당손익(원)
ㆍ보통주기본주당이익
1,254
1,212
1,067

```