유비쿼스홀딩스 / 2023.03.21 사업보고서
1. 요약재무정보
가. 요약 연결재무정보
주식회사 유비쿼스홀딩스와 그 종속기업 (단위 : 원)
구분
제23기
제22기
제21기
[유동자산]
262,051,117,877
246,052,738,517
218,559,413,240
ㆍ현금및현금성자산
101,667,993,496
50,795,325,353
92,294,605,057
ㆍ재고자산
49,682,968,505
35,378,621,836
23,248,333,912
자산총계
364,915,089,051
352,382,557,034
317,956,637,876
[유동부채]
33,697,843,634
38,623,967,282
35,567,981,790
[비유동부채]
7,698,505,285
7,191,998,894
7,887,265,248
부채총계
41,396,348,919
45,815,966,176
43,455,247,038
[지배기업의 소유지분]
231,508,937,407
225,135,993,899
207,907,484,119
ㆍ자본금
10,348,314,000
10,348,314,000
10,348,314,000
ㆍ이익잉여금
341,444,673,465
332,581,297,573
315,336,939,975
[비지배지분]
92,009,802,725
81,430,596,959
66,593,906,719
자본총계
323,518,740,132
306,566,590,858
274,501,390,838
기간
(2022.01.01~2022.12.31)
(2021.01.01~2021.12.31)
(2020.01.01~2020.12.31)
매출액
151,583,235,829
150,995,968,469
121,381,633,504
영업이익
27,409,294,612
32,924,692,468
21,631,888,338
법인세비용차감전순이익
35,664,219,828
45,884,971,174
23,627,752,425
연결당기순이익
26,781,128,940
37,012,848,882
18,971,251,565
지배기업소유주지분 순이익
14,592,108,983
20,054,576,173
9,552,434,563
기본주당순이익
884
1,214
578
연결에 포함된 회사수
6
5
6
나. 요약 재무정보
주식회사 유비쿼스홀딩스 (단위 : 원)
구분
제23기
제22기
제21기
[유동자산]
19,034,352,074
17,982,351,876
8,683,368,260
ㆍ현금및현금성자산
18,009,272,008
6,801,110,116
7,680,302,870
ㆍ매출채권및기타유동채권
726,150,863
566,737,445
505,049,918
자산총계
183,809,316,937
186,665,260,632
180,741,243,788
[유동부채]
843,085,410
1,494,720,386
540,052,233
[비유동부채]
4,815,310,659
3,203,108,180
2,533,536,980
부채총계
5,658,396,069
4,697,828,566
3,073,589,213
ㆍ자본금
10,348,314,000
10,348,314,000
10,348,314,000
ㆍ이익잉여금
285,421,803,838
289,238,315,036
284,938,537,545
자본총계
178,150,920,868
181,967,432,066
177,667,654,575
기간
(2022.01.01~2022.12.31)
(2021.01.01~2021.12.31)
(2020.01.01~2020.12.31)
영업수익
8,321,285,210
6,915,295,410
5,996,870,199
영업이익
3,453,325,325
2,106,818,870
1,427,874,577
법인세비용차감전순이익
2,352,912,022
8,929,334,407
250,038,621
당기순이익
1,963,008,702
7,106,972,871
397,637,936
기본주당순이익(손실)
119
430
24