HD현대마린엔진 / 2023.07.12 [정정] 사업보고서
1. 요약재무정보
가. 요약연결재무정보
(단위 : 원)
사업연도
제22기
제21기
제20기
구분
(2022년 12월 말)
(2021년 12월 말)
(2020년 12월 말)
[유동자산]
165,007,000,000
153,990,000,000
152,537,000,000
[비유동자산]
251,197,000,000
248,016,000,000
314,826,000,000
자산총계
416,291,000,000
430,406,000,000
467,363,000,000
[유동부채]
184,790,000,000
244,851,000,000
258,519,000,000
[비유동부채]
39,365,000,000
31,594,000,000
34,924,000,000
부채총계
224,155,000,000
276,445,000,000
293,443,000,000
[자본금]
70,953,000,000
70,915,000,000
70,915,000,000
[이익잉여금]
24,173,000,000
(8,035,000,000)
(5,626,000,000)
자본총계
192,136,000,000
153,961,000,000
173,920,000,000
2022.01.01~
2022.12.31
2021.01.01~
2021.12.31
2020.01.01~
2020.12.31
매출액
179,328,000,000
137,404,000,000
247,960,000,000
영업이익(영업손실)
11,342,000,000
(10,897,000,000)
2,319,000,000
당기순이익(당기순손실) (단위:원)
14,144,000,000
(7,828,000,000)
1,103,000,000
지배기업지분순이익(순손실) (단위:원)
14,144,000,000
(7,828,000,000)
1,103,000,000
기본주당순이익(순손실) (단위:원)
499
(276)
39
희석주당순이익(순손실) (단위:원)
499
(276)
39