25. 11. 13. 오후 7:24
소룩스 / 2023.03.20 사업보고서
1. 요약재무정보
소룩스/사업보고서/2023.03.20
(단위 : 원)
구분
2022년
(제27기)
2021년
(제26기)
2020년
(제25기)
1. 유동자산
29,648,327,383
25,587,900,822
34,802,175,571
(1) 당좌자산
26,887,852,294
22,955,382,443
33,006,176,680
(2) 재고자산
2,760,475,089
2,632,518,379
1,795,998,891
2. 비유동자산
38,762,398,054
48,293,239,010
31,767,123,512
(1) 투자자산
11,727,143,140
11,364,523,230
250,037,996
(2) 유형자산
17,398,725,340
18,160,686,736
17,601,059,535
(3) 무형자산
1,197,308,487
1,064,605,528
813,351,458
(4) 기타비유동자산
8,439,221,087
17,703,423,516
13,102,674,523
자산총계
68,410,725,437
73,881,139,832
66,569,299,083
1. 유동부채
23,852,496,188
23,768,617,483
20,170,244,231
2. 비유동부채
1,218,901,071
2,175,384,233
3,391,011,636
부채총계
25,071,397,259
25,944,001,716
23,561,255,867
1. 자본금
825,684,300
825,684,300
815,816,000
2. 자본잉여금
19,349,302,380
19,349,302,380
18,373,281,680
3. 자본조정
334,332,225
183,165,129
-
4. 기타포괄손익누계액
(69,013,396)
(64,216,339)
(75,514,821)
5. 이익잉여금
22,899,022,669
27,643,202,646
23,894,460,357
자본총계
43,339,328,178
47,937,138,116
43,008,043,216
종속.관계.공동기업 투자주식의 평가 방법
지분법
지분법
지분법
구분
2022.01.01~ 2022.12.31
2021.01.01~ 2021.12.31
2020.01.01~ 2020.12.31
매출액
55,896,292,167
70,010,753,724
57,630,614,763
영업이익
(4,321,420,711)
5,055,686,712
5,075,149,406
당기순이익
(4,331,337,827)
4,156,650,289
4,445,738,559
기본주당이익
(525)
505
671
희석주당이익
(525)
505
669
https://dart.fss.or.kr/dsaf001/main.do?rcpNo=20230320001048
1/1