삼륭물산 / 2023.03.21 사업보고서
1. 요약재무정보
요약재무정보(연결)
(단위 : 원)
구분
제43기 기말
제42기 기말
제41기 기말
[유동자산]
47,738,000,000
45,302,000,000
46,123,000,000
[비유동자산]
64,733,000,000
69,677,000,000
69,969,000,000
자산총계
112,471,000,000
114,979,000,000
116,093,000,000
[유동부채]
44,120,000,000
40,055,000,000
31,946,000,000
[비유동부채]
8,737,000,000
12,043,000,000
19,049,000,000
부채총계
52,857,000,000
52,098,000,000
50,996,000,000
[자본금]
7,563,000,000
7,563,000,000
7,563,000,000
[이익잉여금]
46,454,000,000
49,706,000,000
51,912,000,000
[비지배지분]
(424,000,000)
(409,000,000)
(398,000,000)
자본총계
59,614,000,000
62,881,000,000
65,097,000,000
매출액
90,280,000,000
87,693,000,000
86,906,000,000
영업이익
(1,172,000,000)
914,000,000
1,999,000,000
당기순이익
(2,622,000,000)
(1,257,000,000)
(5,503,000,000)
주당순이익(원)
(172)
(82)
(363)
연결에 포함된 회사수
3
2
2