제주항공 / 2023.03.15 사업보고서
1. 요약재무정보
가. 요약연결재무정보
(단위: 원)
구분
제 18 기
제 17 기
제 16 기
2022년 12월말
2021년 12월말
2020년 12월말
[유동자산]
563,876,000,000
390,603,000,000
300,416,000,000
·현금및현금성자산
200,298,000,000
294,273,000,000
100,918,000,000
[비유동자산]
1,099,768,000,000
876,153,000,000
868,151,000,000
자산총계
1,663,644,000,000
1,266,756,000,000
1,168,567,000,000
[유동부채]
854,616,000,000
488,274,000,000
458,851,000,000
[비유동부채]
502,408,000,000
594,393,000,000
492,904,000,000
부채총계
1,357,024,000,000
1,082,667,000,000
951,755,000,000
[자본금]
76,993,000,000
49,760,000,000
192,498,000,000
[이익잉여금(결손금)]
Δ483,152,000,000
Δ311,478,000,000
Δ197,137,000,000
[비지배지분]
자본총계
306,620,000,000
184,089,000,000
216,812,000,000
2022년 1월~12월
2021년 1월~12월
2020년 1월~12월
매출액
702,503,000,000
273,079,000,000
377,046,000,000
영업이익(손실)
Δ177,502,000,000
Δ317,159,000,000
Δ335,816,000,000
연결당기순이익(손실)
Δ173,864,000,000
Δ272,278,000,000
Δ306,476,000,000
지배기업 소유주지분
Δ173,864,000,000
Δ272,278,000,000
Δ306,476,000,000
기본주당순이익(손실)(단위:원)
Δ3,264
Δ6,754
Δ10,125
희석주당순이익(손실)(단위:원)
Δ3,264
Δ6,754
Δ10,125