한국수출포장공업 / 2023.03.15 사업보고서
1. 요약재무정보
1. 요약 연결재무정보(K-IFRS적용)
(단위 : 원)
구분
제66기
제65기
제64기
(2022년12월말)
(2021년12월말)
(2020년12월말)
Ⅰ. 유동자산
143,085,000,000
125,321,000,000
99,702,000,000
(1)현금및현금성자산
20,011,000,000
24,876,000,000
17,075,000,000
Ⅱ. 비유동자산
202,436,000,000
206,526,000,000
209,381,000,000
자산총계
345,521,000,000
331,847,000,000
309,083,000,000
Ⅰ. 유동부채
46,154,000,000
50,673,000,000
38,593,000,000
Ⅱ. 비유동부채
18,450,000,000
17,815,000,000
17,918,000,000
부채총계
64,604,000,000
68,488,000,000
56,511,000,000
Ⅰ. 자본금
20,000,000,000
20,000,000,000
20,000,000,000
Ⅲ. 이익잉여금
246,864,000,000
229,220,000,000
215,515,000,000
비지배지분
-
-
-
자본총계
280,917,000,000
263,359,000,000
252,572,000,000
자본과부채총계
345,521,000,000
331,847,000,000
309,083,000,000
(2022.01.01 ~ 2022.12.31)
(2021.01.01 ~ 2021.12.31)
(2020.01.01 ~ 2020.12.31)
매출액
341,420,000,000
319,224,000,000
264,813,000,000
영업이익(손실)
25,703,000,000
20,006,000,000
10,884,000,000
연결총당기순이익(손실)
20,317,000,000
15,859,000,000
8,354,000,000
1. 지배기업의 소유주비분
20,317,000,000
15,859,000,000
8,354,000,000
2. 비지배지분
-
-
-
총포괄손익
20,238,000,000
16,061,000,000
8,298,000,000
1.지배기업 소유주지분
20,238,000,000
16,061,000,000
8,298,000,000
2. 비지배지분
-
-
-
주당순이익(원)
5,308
4,120
2,090
연결에 포함된 회사수
1개
1개
1개

2. 요약 재무정보
(단위 : 원)
구분
제66기
제65기
제64기
(2022년12월말)
(2021년12월말)
(2020년12월말)
Ⅰ. 유동자산
137,850,000,000
120,185,000,000
95,635,000,000
(1)현금및현금성자산
18,151,000,000
21,116,000,000
14,346,000,000
Ⅱ. 비유동자산
201,721,000,000
205,697,000,000
208,472,000,000
자산총계
339,571,000,000
325,882,000,000
304,107,000,000
Ⅰ. 유동부채
45,429,000,000
49,799,000,000
37,996,000,000
Ⅱ. 비유동부채
18,395,000,000
17,572,000,000
17,669,000,000
부채총계
63,824,000,000
67,371,000,000
55,665,000,000
Ⅰ. 자본금
20,000,000,000
20,000,000,000
20,000,000,000
Ⅲ. 이익잉여금
241,694,000,000
224,372,000,000
211,385,000,000
자본총계
275,747,000,000
258,511,000,000
248,442,000,000
자본과부채총계
339,571,000,000
325,882,000,000
304,107,000,000
(2022.01.01 ~ 2022.12.31)
(2021.01.01 ~ 2021.12.31)
(2020.01.01 ~ 2020.12.31)
매출액
336,658,000,000
314,181,000,000
260,488,000,000
영업이익(손실)
25,257,000,000
18,991,000,000
10,384,000,000
당기순이익(손실)
20,002,000,000
15,100,000,000
7,982,000,000
총포괄손익
19,916,000,000
15,342,000,000
7,856,000,000
주당순이익(원)
5,226
3,923
1,997