현대지에프홀딩스 / 2023.03.21 사업보고서
1. 요약재무정보
가. 요약연결재무정보
(단위 : 원)
구 분
제 55기
제 54기
제 53기
(2022년 말)
(2021년 말)
(2020년 말)
[유동자산]
1,058,080,200,000
990,554,123,000
1,101,781,615,000
ㆍ현금및현금성자산
56,639,517,000
59,408,166,000
76,291,026,000
ㆍ매출채권 및 기타채권
540,249,835,000
482,445,597,000
407,101,281,000
ㆍ재고자산
372,030,048,000
330,006,364,000
274,549,473,000
[비유동자산]
2,127,053,173,000
2,119,432,669,000
1,966,684,057,000
ㆍ유형자산
579,004,703,000
588,176,300,000
589,604,284,000
ㆍ관계기업및공동기업투자
784,731,154,000
663,031,997,000
508,582,185,000
ㆍ비유동금융자산
336,126,457,000
436,952,763,000
407,237,274,000
자산총계
3,185,133,373,000
3,109,986,792,000
3,068,465,672,000
[유동부채]
752,414,076,000
588,539,334,000
546,657,326,000
[비유동부채]
236,789,433,000
310,976,480,000
331,630,456,000
부채총계
989,203,509,000
899,515,814,000
878,287,782,000
[자본금]
48,852,241,000
48,852,241,000
48,852,241,000
[이익잉여금]
1,290,258,219,000
1,228,506,767,000
1,203,027,684,000
[비지배지분]
374,745,535,000
385,338,823,000
408,954,541,000
자본총계
2,195,929,864,000
2,210,470,978,000
2,190,177,890,000
기 간
2022.01.01 ~2022.12.31
2021.01.01 ~2021.12.31
2020.01.01 ~2020.12.31
매출액
3,923,177,808,000
3,486,080,421,000
3,238,489,082,000
영업이익(영업손실)
60,030,394,000
58,615,990,000
78,571,680,000
계속사업이익(계속사업손실)
42,329,790,000
41,339,272,000
81,562,551,000
ㆍ지배회사지분순이익
55,856,005,000
43,456,270,000
71,135,540,000
주당순이익(원)
640
498
815
연결에포함된 회사수
25개사
24개사
21개사
※위 연결재무정보는 '주주총회 승인 전 재무제표'를 기준으로 작성된 것이며 향후 주주총회에서 재무제표 승인 관련 안건이 부결되거나 수정이 발생할 경우 정정보고서를 통해 그 내용 및 사유 등을 반영할 예정입니다.