KT나스미디어 / 2023.03.23 사업보고서
1. 요약재무정보
가. 요약연결재무정보
(단위 : 원)
과목
제 23기
(2022년 12월말)
제22기
(2021년 12월말)
제21기
(2020년 12월말)
[유동자산]
435,360,834,000
409,344,560,000
360,553,470,000
ㆍ현금및현금성자산
86,133,221,000
71,396,147,000
53,719,959,000
ㆍ매출채권및기타유동채권
264,560,279,000
245,951,266,000
221,330,689,000
ㆍ재고자산
1,293,046,000
343,307,000
296,575,000
ㆍ기타
83,374,288,000
91,653,840,000
85,206,247,000
[비유동자산]
82,664,247,000
81,049,350,000
61,485,394,000
ㆍ유형자산
14,695,322,000
12,909,295,000
11,652,773,000
ㆍ무형자산
40,054,361,000
41,356,848,000
42,867,507,000
ㆍ기타비유동금융자산
4,035,896,000
2,850,924,000
-
ㆍ비유동금융리스채권
907,774,000
1,184,150,000
1,448,372,000
ㆍ관계기업투자
6,510,594,000
6,466,802,000
1,191,376,000
ㆍ이연법인세자산
1,078,173,000
386,060,000
1,542,825,000
자산총계
518,025,081,000
490,393,910,000
422,038,864,000
[유동부채]
261,380,996,000
248,648,284,000
208,834,002,000
[비유동부채]
14,202,659,000
19,969,553,000
12,537,305,000
부채총계
275,583,655,000
268,617,837,000
221,371,307,000
[자본금]
5,450,338,000
4,982,812,000
4,557,703,000
[자본잉여금]
43,306,446,000
43,310,757,000
43,315,552,000
[이익잉여금]
156,214,673,000
138,044,033,000
118,583,374,000
[비지배지분]
37,373,092,000
35,216,014,000
33,898,222,000
자본총계
242,441,426,000
221,776,073,000
200,667,557,000
영업수익
152,393,542,000
124,160,713,000
111,641,077,000
영업이익
33,052,556,000
32,875,303,000
26,967,943,000
당기순이익
28,918,011,000
27,119,738,000
23,134,215,000
[지배회사지분순이익]
26,783,271,000
26,149,204,000
22,889,510,000
[비지배회사지분순이익]
2,134,739,000
970,534,000
244,705,000
당기총포괄이익
28,223,361,000
27,990,387,000
22,334,904,000
주당순이익(단위 : 원)
2,605
2,542
2,225