알루코 / 2023.03.20 사업보고서
1. 요약재무정보
가 요약 연결 재무정보
(단위 : 원)
구분
제67기
제66기
제65기
[유동자산]
326,840,775,284
333,969,217,767
282,141,095,787
· 현금및현금성자산
27,881,741,245
24,116,652,362
37,798,820,202
· 매출채권및기타채권
141,386,059,999
117,985,148,939
80,644,036,091
· 당기법인세자산
-
4,837,468
-
· 기타금융자산(유동)
18,035,405,682
59,261,370,873
53,545,188,730
· 재고자산
118,778,786,773
109,932,443,364
87,045,728,997
· 기타유동자산
18,775,454,032
22,241,915,381
23,107,321,767
· 매각예정자산
1,983,327,553
426,849,380
-
[비유동자산]
490,092,190,897
446,188,484,946
419,282,172,141
· 매출채권및기타채권(비유동)
278,950,000
2,362,435,427
1,598,779,613
· 당기손익-공정가치측정금융자산
1,491,194,328
1,491,194,328
-
· 기타포괄손익-공정가치측정금융자산
4,388,000,000
4,973,000,000
7,953,550,879
· 기타금융자산(비유동)
39,229,215,643
9,422,879,823
5,930,491,147
· 투자부동산
1,442,981,700
3,427,486,469
1,895,933,067
· 유형자산
414,669,289,670
390,855,194,314
369,764,118,603
· 무형자산
22,253,371,474
29,275,469,170
29,864,740,639
· 이연법인세자산
1,567,778,711
1,596,621,761
1,789,044,721
· 기타비유동자산
4,771,409,371
2,784,203,654
485,513,472
자산 총계
816,932,966,181
780,157,702,713
701,423,267,928
[유동부채]
465,830,380,456
367,456,741,373
366,338,434,483
[비유동부채]
40,517,868,450
120,036,579,704
73,183,251,058
부채 총계
506,348,248,906
487,493,321,077
439,521,685,541
· 자본금
45,005,521,000
44,916,421,000
41,624,446,500
· 자본잉여금
100,696,806,923
100,224,197,071
86,095,134,378
· 자기주식
(607,106)
(607,106)
(607,106)
· 기타자본
761,383,268
2,371,013,011
(1,105,383,175)
· 적립금
19,423,556,986
13,926,164,287
13,926,164,287
· 이익잉여금
71,571,571,434
66,438,851,837
61,539,397,032
[지배기업소유주지분 합계]
237,458,232,505
227,876,040,100
202,079,151,916
· 비지배지분
73,126,484,770
64,788,341,536
59,822,430,471
자본 총계
310,584,717,275
292,664,381,636
261,901,582,387
부채와자본 총계
816,932,966,181
780,157,702,713
701,423,267,928
매출액
645,412,126,051
505,586,030,763
495,265,471,625
영업이익
34,572,726,220
16,666,595,158
24,769,915,832
법인세차감전순이익
17,171,994,998
5,282,637,582
(30,808,782,605)
지배회사지분순이익
13,932,736,309
4,153,494,642
(14,749,772,576)
비지배지분순이익
1,790,222,941
(1,709,165,303)
(17,191,011,198)
연결총당기순이익
15,722,959,250
2,444,329,339
(31,940,783,774)
기본주당이익(원)
155
49
(189)
희석주당이익(원)
155
49
(189)
연결에 포함된 회사수
9
11
13
※ 상기 제67기, 제66기, 제65기 요약연결재무정보는 한국채택국제회계기준 작성기 준에 따라 작성되었습니다.
※ Aluasia Limited, ALUKO Japan은 당기 중 청산으로 인해 소멸되어 종속기업에서 제외되었습니다.
※ 알루아시아(주)는 중간지배기업으로서 해당 요약재무정보는 손자회사인 ALUASI
A, Hyundai VINA, ALK VINA, ALUTEC VINA, KPTU VINA, ALUKO EUROPE 를 연결한 연결재무정보입니다.
※
ALUTEC Vina Shareholding Company(이하 "ALUTEC VINA")와 KPTU Vina S hareholding Company (이하 "KPTU VINA")는 2021.04.01일부로 Hyundai Aluminu m Vina Shareholding Company(이하 "Hyundai VINA") 흡수합병되었습니다.
※ 현대알루미늄은 중간지배기업으로서 해당 요약재무정보는 손자회사인 HYUNDA I ALUMINUM India Private 및 PT.HYUNDAI ALUMINUM International를 연결한 연결재무정보입니다.
※ (주)고강알루미늄은 2020년 7월 회생절차 개시 결정에 따라, 당사 종속법인에서 제외되어, 상기 요약재무정보는 2020년 상반기 기준 재무정보 입니다.
나. 요약별도재무정보
(단위 : 원)
구분
제67기
제66기
제65기
[유동자산]
194,058,588,173
229,384,012,437
200,336,796,708
· 현금및현금성자산
10,593,483,034
11,447,498,641
17,855,989,340
· 매출채권및기타채권
98,699,942,973
77,173,597,753
52,821,536,061
· 기타금융자산(유동)
37,601,169,633
102,775,521,939
104,399,448,699
· 재고자산
40,370,210,507
30,459,783,681
16,423,659,579
· 기타유동자산
4,810,454,473
7,100,761,043
8,836,163,029
· 매각예정유동자산
1,983,327,553
426,849,380
-
[비유동자산]
263,787,035,004
226,676,091,932
186,701,735,728
· 매출채권및기타채권(비유동)
278,950,000
278,950,000
636,181,826
· 당기손익-공정가치측정금융자산
93,138,600
93,138,600
-
· 기타포괄손익-공정가치측정금융자산
4,388,000,000
4,388,000,000
6,165,495,151
· 종속기업투자
99,167,978,524
99,173,424,724
99,173,424,724
· 기타금융자산(비유동)
80,033,314,245
44,969,235,129
6,358,689,633
· 기타비유동자산
44,856,875
· 투자부동산
1,442,981,700
3,427,486,469
1,895,933,067
· 유형자산
76,816,194,331
73,542,229,260
70,757,018,046
· 무형자산
800,520,966
803,627,750
1,714,993,281
· 이연법인세자산
721,099,763
자산 총계
457,845,623,177
456,060,104,369
387,038,532,436
[유동부채]
212,627,986,254
151,294,744,473
140,772,421,238
[비유동부채]
22,637,515,068
89,530,409,487
49,902,219,549
부채 총계
235,265,501,322
240,825,153,960
190,674,640,787
· 자본금
45,005,521,000
44,916,421,000
41,624,446,500
· 자본잉여금
101,199,842,340
100,727,232,488
86,598,169,795
· 자기주식
(607,106)
(607,106)
(607,106)
· 기타자본
(4,938,692,561)
(4,938,692,561)
(1,723,724,135)
· 적립금
13,642,537,287
13,642,537,287
13,642,537,287
· 이익잉여금
67,671,520,895
60,888,059,301
56,223,069,308
자본 총계
222,580,121,855
215,234,950,409
196,363,891,649
부채와자본 총계
457,845,623,177
456,060,104,369
387,038,532,436
종속기업 및 관계기업 투자주식의 평가방법
원가법
원가법
원가법
매출액
384,708,297,313
276,619,647,552
233,612,928,380
영업이익
4,122,280,389
2,345,589,707
246,448,999
법인세차감전순이익
3,244,158,709
6,247,950,994
(25,970,060,207)
당기순이익
5,779,877,624
4,037,557,988
(26,223,554,315)
기본주당이익(원)
64
47
(315)
희석주당이익(원)
64
47
(315)
※ 상기 제67기, 제66기, 제65기 요약재무정보는 한국채택국제회계기준 작성기준에 따라 작성되었습니다.