선익시스템 / 2023.03.17 사업보고서
1. 요약재무정보
가. 요약 연결 재무정보
- 하기 재무정보는 한국채택국제회계기준(K-IFRS)에 따라 작성되었습니다. - 제29기부터 기업회계기준서 제1115호'고객과의 계약에서 생기는 수익'과 제1109호'금융 상품'을 적용하였습니다.
- 제30기부터 기업회계기준서 제1116호 '리스'를 적용하였습니다.
[K-IFRS 연결]
(단위 : 원)
과 목
제 33 기
제 32 기
제 31 기
2022년말
2021년말
2020년말
자 산
Ⅰ. 유동자산
80,240,999,201
58,194,251,509
62,447,487,010
현금 및 현금성 자산
29,471,050,158
6,951,189,405
4,576,185,579
단기금융상품
206,839,033
16,411,696,898
32,101,031,961
매출채권 및 기타 유동채권
28,459,710,597
21,994,472,745
21,614,801,847
재고자산
10,850,371,824
9,320,757,977
3,608,649,407
기타유동자산
11,253,027,589
3,516,134,484
546,818,216
Ⅱ. 비유동자산
44,628,920,799
44,001,098,055
45,049,723,748
장기금융상품
-
-
2,229,915,759
장기매출채권 및 기타비유동채권
6,787,115,453
5,285,350,588
2,868,332,242
투자부동산
1,302,523,530
1,316,922,594
-
유형자산
32,349,445,022
32,258,643,565
35,053,311,226
무형자산
1,176,248,147
1,138,596,475
1,172,775,964
기타비유동금융자산
500,000,500
1,000
1,000
퇴직급여자산
370,637,685
-
186,406,202
이연법인세자산
2,142,950,462
4,001,583,833
3,538,981,355
자 산 총 계
124,869,920,000
102,195,349,564
107,497,210,758
부 채
Ⅰ. 유동부채
42,465,698,199
20,771,592,311
16,187,346,917
Ⅱ. 비유동부채
3,101,963,327
1,178,944,462
675,623,639
부 채 총 계
45,567,661,526
21,950,536,773
16,862,970,556
자 본
Ⅰ. 지배기업 소유주지분
자본금
4,625,385,500
4,524,932,000
4,499,647,500
자본잉여금
49,384,643,994
46,922,157,195
46,296,777,696
기타자본구성요소
(3,438,811,687)
(2,858,296,045)
(2,752,061,496)
이익잉여금
28,731,040,667
31,656,019,641
42,589,876,503
Ⅱ. 비지배지분
자 본 총 계
79,302,258,474
80,244,812,791
90,634,240,203
부채와자본총계
124,869,920,000
102,195,349,564
107,497,210,759
구분
(2022.01.01~
(2021.01.01~
(2020.01.01~
2022.12.31)
2021.12.31)
2020.12.31)
매출액
74,052,657,060
46,229,294,491
65,640,857,994
영업이익
4,434,988,604
(7,130,441,065)
3,677,986,506
당기순이익
(3,235,990,282)
(10,217,216,774)
2,316,576,950
지배기업소유지분순이익
(3,235,990,282)
(10,217,216,774)
2,316,576,950
비지배지분순이익
-
-
-
주당순이익
-
-
기본주당순이익(원)
(382)
(1,232)
275
희석주당순이익(원)
(382)
(1,232)
275
연결에 포함된 회사수
3
3
3
주1) 연결에 포함된 회사수는 (주)선익시스템이 포함된 숫자입니다.
나. 요약 별도 재무정보
- 하기 재무정보는 한국채택국제회계기준(K-IFRS)에 따라 작성되었습니다. - 제29기부터 기업회계기준서 제1115호'고객과의 계약에서 생기는 수익'과 제1109호'금융 상품'을 적용하였습니다.
- 제30기부터 기업회계기준서 제1116호 '리스'를 적용하였습니다.
[K-IFRS 별도]
(단위 : 원)
과 목
제 33 기
제 32 기
제 31 기
2022년말
2021년말
2020년말
자 산
Ⅰ. 유동자산
78,644,532,245
56,705,595,193
61,181,648,779
현금및현금성자산
28,162,470,349
5,905,009,743
3,615,207,344
단기금융상품
206,839,033
16,401,096,898
32,100,331,961
매출채권 및 기타유동채권
28,146,191,179
21,643,284,661
21,412,408,055
재고자산
10,886,045,023
9,240,600,786
3,506,883,203
기타유동자산
11,242,986,661
3,515,603,105
546,818,216
Ⅱ. 비유동자산
45,192,723,894
44,544,228,332
45,447,570,287
장기금융상품
499,999,500
0
2,229,915,759
장기매출채권 및 기타비유동채권
6,611,595,122
5,057,654,406
2,559,111,394
유형자산
32,150,776,437
32,125,235,026
33,531,938,401
무형자산
1,173,103,637
1,134,388,189
1,170,096,385
종속기업투자주식
2,207,224,773
2,207,224,773
2,207,224,773
퇴직급여자산
370,637,685
-
186,406,202
이연법인세자산
2,179,386,740
4,019,725,938
3,562,877,373
자 산 총 계
123,837,256,139
101,249,823,525
106,629,219,066
부 채
Ⅰ. 유동부채
41,551,797,591
19,514,873,353
15,182,466,357
Ⅱ. 비유동부채
2,949,164,773
1,065,638,776
542,795,701
부 채 총 계
44,500,962,364
20,580,512,129
15,725,262,058
자 본
Ⅰ. 자본금
4,625,385,500
4,524,932,000
4,499,647,500
Ⅱ. 자본잉여금
49,384,643,994
46,922,157,195
46,296,777,696
Ⅲ. 기타자본구성요소
(3,438,811,687)
(2,858,296,045)
(2,752,061,496)
Ⅳ. 이익잉여금
28,765,075,968
32,080,518,246
42,859,593,308
자 본 총 계
79,336,293,775
80,669,311,396
90,903,957,008
부채와자본총계
123,837,256,139
101,249,823,525
106,629,219,066
종속·관계·공동기업투자주식의 평가방법
원가법
원가법
원가법
구분
(2022.01.01~
(2021.01.01~
(2020.01.01~
2022.12.31)
2021.12.31)
2020.12.31)
매출액
72,632,833,690
44,928,909,291
65,079,015,044
영업이익
3,948,313,574
(6,917,866,853)
3,881,558,922
당기순이익
(3,626,453,586)
(10,062,434,975)
2,259,167,448
주당순이익
기본주당순이익(원)
(428)
(1,214)
269
희석주당순이익(원)
(428)
(1,214)
269