현대바이오 / 2023.03.20 사업보고서
1. 요약재무정보
가.연결 요약재무정보
[단위 : 백만원]
구분
제23기
제22기
제21기
[유동자산]
24,012
34,851
41,860
ㆍ현금및현금성자산
2,732
9,189
19,215
ㆍ단기금융상품
16,000
13,010
0
ㆍ매출채권 및 기타금융자산
1,671
8,825
17,431
ㆍ재고자산
2,946
3,350
4,215
ㆍ기타유동자산
593
389
985
ㆍ당기법인세자산
69
88
14
[비유동자산]
43,315
45,677
51,881
ㆍ기타금융자산
1,341
392
320
ㆍ관계기업 및 종속기업 투자주식
0
4,930
4,875
ㆍ당기손익공정가치측정금융자산
1,469
0
0
ㆍ유형자산
6,376
6,073
6,674
ㆍ무형자산
33,175
33,664
39,395
ㆍ순확정급여자산
318
0
ㆍ기타비유동자산
19
0
0
ㆍ매각예정자산
618
618
618
자산총계
67,327
80,528
93,741
[유동부채]
8,384
16,652
8,968
[비유동부채]
707
2,305
32,435
부채총계
9,091
18,957
41,403
[자본금]
19,841
19,330
17,958
[주식발행초과금]
109,558
96,359
64,317
[결손금]
-105,846
-90,132
-70,156
[기타자본구성요소]
34,682
36,014
40,219
지배기업의 소유지분
58,235
61,571
52,338
비지배지분
0
0
0
자본총계
58,235
61,571
52,338
매출액
7,852
9,241
12,511
영업이익
-26,354
-9,770
-4,540
법인세비용차감전순이익(손실)
-16,613
-19,808
-7,933
당기순이익(손실)
-15,807
-20,051
-8,260
지배기업의 소유주
-15,807
-20,051
-8,260
비지배지분
0
0
0
기본주당순이익(원)
-402원
-543원
-230원
연결에 포함된 회사수
5
4
4
나. 별도 요약재무정보
[단위 : 백만원]
구분
제23기
제22기
제21기
[유동자산]
23,869
34,476
41,545
ㆍ현금및현금성자산
2,600
9,012
19,077
ㆍ단기금융상품
16,000
13,010
0
ㆍ매출채권 및 기타금융자산
1,671
8,759
17,377
ㆍ재고자산
2,937
3,225
4,097
ㆍ기타유동자산
592
381
984
ㆍ당기법인세자산
69
88
10
[비유동자산]
42,686
40,441
48,755
ㆍ기타금융자산
1,338
340
317
ㆍ관계기업 및 종속기업 투자주식
45
487
2,369
ㆍ당기손익공정가치측정금융자산
1,469
0
0
ㆍ유형자산
6,323
5,950
6,674
ㆍ무형자산
33,175
33,664
39,395
ㆍ순확정급여자산
318
0
0
ㆍ기타비유동자산
19
0
0
자산총계
66,555
74,918
90,299
[유동부채]
8,105
16,416
8,928
[비유동부채]
99
703
31,078
부채총계
8,203
17,119
40,007
[자본금]
19,841
19,330
17,958
[주식발행초과금]
109,558
96,359
64,317
[결손금]
-107,976
-96,211
-74,357
[기타자본구성요소]
36,928
38,321
42,374
자본총계
58,351
57,799
50,293
종속·관계·공동기업 투자주식의 평가방법
원가법
원가법
원가법
매출액
7,789
9,035
12,363
영업이익
-26,036
-9,408
-4,737
법인세비용차감전순이익
-11,858
-21,930
-9,703
당기순이익
-11,858
-21,930
-9,703
기본주당순이익(원)
-301원
-594원
-270원