한화 / 2023.03.21 사업보고서
1. 요약재무정보
가. 요약연결재무정보
(단위 : 원)
구분
제71기
제70기
제69기
(2022년 12월말)
(2021년 12월말)
(2020년 12월말)
자산총계
211,175,324,000,000
203,463,699,000,000
192,129,878,000,000
부채총계
190,296,497,000,000
181,483,049,000,000
173,598,788,000,000
자본총계
20,878,827,000,000
21,980,650,000,000
18,531,090,000,000
(2022.01.01~ 2022.12.31)
(2021.01.01~ 2021.12.31)
(2020.01.01~ 2020.12.31)
매출액
62,278,395,000,000
52,836,069,000,000
50,926,451,000,000
영업이익
2,516,091,000,000
2,927,888,000,000
1,549,002,000,000
당기순이익
2,243,337,000,000
2,282,069,000,000
1,520,917,000,000
주당순이익(단위:원)
14,169
10,568
8,745

나. 요약재무정보
(단위: 원)
구분
제71기
제70기
제69기
(2022년 12월말)
(2021년 12월말)
(2020년 12월말)
자산총계
10,730,407,000,000
8,135,476,000,000
7,369,028,000,000
부채총계
7,386,297,000,000
4,541,728,000,000
3,870,331,000,000
자본총계
3,344,110,000,000
3,593,748,000,000
3,498,697,000,000
(2022.01.01~ 2022.12.31)
(2021.01.01~ 2021.12.31)
(2020.01.01~ 2020.12.31)
매출액
3,879,925,000,000
3,935,569,000,000
4,000,775,000,000
영업이익
194,528,000,000
229,124,000,000
167,152,000,000
당기순이익
286,589,000,000
131,679,000,000
134,911,000,000