동국산업 / 2023.03.21 사업보고서
1. 요약재무정보
가. 요약연결재무정보
(단위 : 원)
과 목
제56기
제55기
제54기
(2022년 12월말)
(2021년 12월말)
(2020년 12월말)
[유동자산]
409,370,000,000
461,386,000,000
379,777,000,000
현금및현금성자산
27,632,000,000
38,440,000,000
61,716,000,000
재고자산
215,833,000,000
236,413,000,000
127,122,000,000
매출채권
103,783,000,000
101,593,000,000
81,746,000,000
[비유동자산]
465,407,000,000
347,753,000,000
361,926,000,000
유형자산
287,105,000,000
268,161,000,000
284,918,000,000
무형자산
2,839,000,000
2,688,000,000
2,526,000,000
자 산 총 계
874,777,000,000
809,139,000,000
741,703,000,000
[유동부채]
282,582,000,000
210,024,000,000
168,076,000,000
[비유동부채]
37,708,000,000
41,760,000,000
43,298,000,000
부 채 총 계
320,290,000,000
251,783,000,000
211,374,000,000
[자본금]
54,244,000,000
54,244,000,000
54,244,000,000
[이익잉여금]
174,645,000,000
170,715,000,000
158,881,000,000
[비지배지분]
154,565,000,000
161,270,000,000
146,317,000,000
자 본 총 계
554,487,000,000
557,356,000,000
530,330,000,000
2022.01.01 ~2022.12.31
2021.01.01 ~2021.12.31
2020.01.01 ~2020.12.31
매 출 액
860,530,000,000
729,136,000,000
578,250,000,000
영업 이익
1,178,000,000
34,930,000,000
18,463,000,000
당기순이익
2,243,000,000
37,321,000,000
8,134,000,000
주당이익(원)
125
382
127