쿠쿠홈시스 / 2023.04.03 [정정] 사업보고서
1. 요약재무정보
가. 요약 연결재무정보
(단위 : 원)
사업연도
제 6기
제 5기
제 4기
구분
(2022년12월말)
(2021년12월말)
(2020년12월말)
[유동자산]
410,913,985,000
339,790,706,000
216,658,151,000
[비유동자산]
606,046,305,000
589,510,918,000
488,232,525,000
자산총계
1,016,960,291,000
929,301,624,000
704,890,676,000
[유동부채]
189,806,862,000
204,264,268,000
145,111,409,000
[비유동부채]
32,576,756,000
72,174,982,000
32,420,446,000
부채총계
222,383,618,000
276,439,251,000
177,531,855,000
[자본금]
2,243,733,000
2,243,733,000
2,243,733,000
[이익잉여금]
350,386,997,000
249,414,420,000
147,783,373,000
[비지배지분]
93,625,868,000
54,135,149,000
34,755,078,000
자본총계
794,576,673,000
652,862,374,000
527,358,821,000
2022.01~2022.12
2021.01~2021.12
2020.01~2020.12
매출액
938,072,670,000
844,284,506,000
765,303,180,000
영업이익
119,943,993,000
164,120,375,000
119,405,794,000
연결총당기순이익
114,550,883,000
131,064,209,000
77,887,760,000
주당순이익
5,118
5,084
2,935
연결에 포함된 회사수
7
7
7