1. 요약재무정보
가. 연결재무제표의 요약재무정보
(단위 : 원)
과 목
제36기
(2022.12.31)
제35기
(2021.12.31)
제34기
(2020.12.31)
[자산]
1. 유동자산
130,418,120,361
79,964,058,777
25,249,526,745
(1) 현금및현금성자산
68,066,001,040
26,965,004,899
11,000,259,386
(2) 당기손익-공정가치측정금융자산
14,080,932,087
12,433,444,021
-
(3) 매출채권
11,285,375,595
8,456,997,544
2,776,895,769
(4) 재고자산
619,521,612
345,070,630
-
(5) 기타금융자산
2,663,735,909
1,945,954,141
80,263,744
(6) 기타유동자산
32,449,662,319
28,925,053,382
11,392,107,846
(7) 당기법인세자산
1,252,891,799
892,534,160
-
2. 비유동자산
248,351,090,547
210,158,115,979
22,905,756,444
(1) 당기손익-공정가치측정금융자산
18,120,093,350
5,801,524,363
223,605,399
(2) 관계기업투자
6,116,799,292
6,784,011,801
5,439,565,394
(3) 유형자산
34,515,598,470
2,519,267,263
1,564,247,992
(4) 무형자산
172,824,187,317
174,476,804,889
12,779,068,741
(5) 기타금융자산
6,509,423,196
5,075,828,153
1,768,167,655
(6) 기타비유동자산
10,264,988,922
15,500,679,510
1,131,101,263
[자산총계]
378,769,210,908
290,122,174,756
48,155,283,189
[부채]
1. 유동부채
75,836,738,213
64,890,884,912
20,219,010,255
2. 비유동부채
28,308,439,851
2,460,021,832
744,810,003
[부채총계]
104,145,178,064
67,350,906,744
20,963,820,258
[자본]
1. 자본금
18,482,383,000
17,354,653,000
9,252,845,500
2. 자본잉여금
230,003,751,181
201,502,774,537
13,081,291,849
3. 기타자본구성요소
11,752,635,898
(9,481,888,884)
(4,545,917,065)
4. 기타포괄손익누계액
368,210,747
238,608,182
167,150,689
5. 이익잉여금
10,619,490,201
13,167,395,347
9,230,280,103
6. 비지배지분
3,397,561,816
(10,274,170)
5,811,855
[자본총계]
274,624,032,843
222,771,268,012
27,191,462,931
[부채및자본총계]
378,769,210,908
290,122,174,756
48,155,283,189
과 목
제36기
(2022.01.01~2022.12.31)
제35기
(2021.01.01~2021.12.31)
제34기
(2020.01.01~2020.12.31)
1. 매출액
169,433,774,760
119,118,155,904
45,506,775,565
2. 영업이익
4,262,454,699
6,921,869,365
4,586,128,252
3. 법인세차감전계속사업순이익
(2,457,881,428)
4,346,042,796
141,879,615
4. 계속사업순이익
(2,539,662,103)
3,531,860,296
72,730,259
5. 중단사업손익
-
-
-
6. 총당기순이익
(2,539,662,103)
3,531,860,296
72,730,259
7. 지배기업 소유주지분
(2,823,537,239)
3,548,089,499
53,154,794
8. 비지배지분
283,875,136
(16,229,203)
19,575,465
9. 기본주당순이익
(78)
114
3
연결에 포함된 회사수
4
4
1
나. 별도재무제표의 요약재무정보
(단위 : 원)
과 목
제36기
(2022.12.31)
제35기
(2021.12.31)
제34기
(2020.12.31)
[자산]
1. 유동자산
70,203,105,579
54,474,310,989
24,883,982,012
(1) 현금및현금성자산
26,397,247,669
12,624,816,717
10,022,009,590
(2) 당기손익-공정가치측정금융자산
8,630,932,087
6,931,940,734
-
(3) 매출채권
7,256,251,172
8,387,337,313
3,596,701,490
(4) 기타금융자산
886,382,656
1,026,453,164
123,435,733
(5) 기타유동자산
27,032,291,995
24,850,347,807
11,141,835,199
(6) 당기법인세자산
-
653,415,254
-
2. 비유동자산
247,822,770,217
211,883,262,927
23,113,699,185
(1) 당기손익-공정가치측정금융자산
18,000,484,746
6,612,627,939
1,630,420,831
(2) 장기매출채권
2,945,764,147
-
-
(3) 관계기업투자
6,116,799,292
6,669,830,657
5,439,565,394
(4) 종속기업투자주식
188,385,791,681
175,742,106,345
8,133,437,698
(5) 유형자산
18,225,973,269
1,497,298,400
1,545,492,130
(6) 무형자산
3,582,040,806
4,152,058,009
3,489,576,398
(7) 기타금융자산
4,295,002,339
3,369,343,964
1,744,105,471
(8) 기타비유동자산
6,270,913,937
13,839,997,613
1,131,101,263
[자산총계]
318,025,875,796
266,357,573,916
47,997,681,197
[부채]
1. 유동부채
38,996,532,246
40,226,689,780
16,288,830,451
2. 비유동부채
13,483,975,740
519,720,620
744,810,003
[부채총계]
52,480,507,986
40,746,410,400
17,033,640,454
[자본]
1. 자본금
18,482,383,000
17,354,653,000
9,252,845,500
2. 자본잉여금
230,003,751,181
201,502,774,537
13,081,291,849
3. 기타자본구성요소
(4,690,315,035)
(4,479,147,130)
(386,260,647)
4. 기타포괄손익누계액
(55,226,019)
(587,888,836)
28,999,300
5. 이익잉여금
21,804,774,683
11,820,771,945
8,987,164,741
[자본총계]
265,545,367,810
225,611,163,516
30,964,040,743
[부채및자본총계]
318,025,875,796
266,357,573,916
47,997,681,197
종속, 관계, 공동기업 투자주식의 평가방법
지분법
지분법
지분법
과 목
제36기
(2022.01.01~2022.12.31)
제35기
(2021.01.01~2021.12.31)
제34기
(2020.01.01~2020.12.31)
1. 매출액
85,236,553,674
54,015,593,971
40,440,529,013
2. 영업이익
3,962,702,406
4,378,561,646
5,382,998,512
3. 법인세차감전계속사업순이익
10,588,921,384
4,055,539,032
2,233,280,677
4. 계속사업순이익
10,222,687,669
3,548,089,499
2,164,131,321
5. 중단사업손익
-
-
-
6. 총당기순이익
10,222,687,669
3,548,089,499
2,164,131,321
7. 기본주당순이익
281
114
124
※ 한국채택국제회계기준(K-IFRS)에 따라 작성 되었습니다.