롯데리츠 / 2023.03.02 사업보고서
1. 요약재무정보
(단위 : 원)
구분
제8기
(2022년 12월 31일)
제7기
(2022년 06월 30일)
제6기
(2021년 12월 31일)
[유동자산]
56,708,372,270
64,761,746,436
55,416,551,273
[비유동자산]
2,307,153,694,846
2,327,816,209,414
2,348,478,723,982
자산총계
2,363,862,067,116
2,392,577,955,850
2,403,895,275,255
[유동부채]
1,060,346,004,230
1,121,924,723,513
657,615,095,237
[비유동부채]
195,792,680,090
137,353,571,486
593,202,912,223
부채총계
1,256,138,684,320
1,259,278,294,999
1,250,818,007,460
[자본금]
121,484,442,000
121,484,442,000
121,484,442,000
[자본잉여금]
1,060,934,641,668
1,060,934,641,668
1,060,932,527,812
[이익잉여금]
△74,695,700,872
△49,119,422,817
△29,339,702,017
자본총계
1,107,723,382,796
1,133,299,660,851
1,153,077,267,795
구분
(2022.07.01~ 2022.12.31)
(2022.01.01~ 2022.06.30)
(2021.07.01~ 2021.12.31)
영업수익
57,920,144,213
57,479,677,985
56,179,895,055
영업이익(손실)
34,108,114,105
33,748,125,799
32,765,811,019
당기순이익(손실)
14,114,824,803
19,028,588,290
18,405,981,757
주당순이익(손실)(원)
58
78
75