효성 / 2023.03.09 [정정] 사업보고서
1. 요약재무정보
가. 요약 연결 재무정보
(단위 : 원)
구분
제68기
(2022년 12월말)
제67기
(2021년 12월말)
제66기
(2020년 12월말)
[유동자산]
2,060,065,764,290
1,906,511,663,624
1,626,794,999,340
현금 및 현금성자산
143,609,621,970
181,959,761,970
222,014,612,609
매출채권 및 기타채권
651,632,433,210
738,946,749,194
493,059,608,654
재고자산
907,203,580,146
696,361,682,668
463,205,748,574
기타
357,620,128,964
289,243,469,792
448,515,029,503
[비유동자산]
3,207,218,956,218
3,348,910,296,343
2,802,954,880,250
유형자산
999,987,877,617
1,000,115,579,741
930,908,871,117
관계기업투자
1,603,525,277,527
1,783,374,194,145
1,257,905,886,006
자산 총계
5,267,284,720,508
5,255,421,959,967
4,429,749,879,590
[유동부채]
1,811,856,720,954
1,561,238,723,227
1,090,337,562,697
[비유동부채]
558,123,375,790
704,360,986,728
825,089,032,187
부채 총계
2,369,980,096,744
2,265,599,709,955
1,915,426,594,884
[자본금]
105,355,125,000
105,355,125,000
105,355,125,000
[이익잉여금]
6,414,344,637,566
6,495,881,950,956
6,180,531,010,357
[비지배지분]
342,255,849,400
367,024,838,221
281,055,227,183
자본 총계
2,897,304,623,764
2,989,822,250,012
2,514,323,284,706
구분
2022년 1~12월
2021년 1~12월
2020년 1~12월
매출액 및 지분법 손익
3,719,325,523,137
3,536,522,769,098
2,596,175,947,064
영업이익
64,887,143,335
638,142,530,054
137,141,094,319
계속영업이익
24,807,189,262
540,584,403,282
94,127,041,589
총당기순이익
24,807,189,262
538,166,288,852
1,220,252,292
지배기업지분 당기순이익(손실)
15,647,815,532
435,815,084,587
(52,770,046,181)
기본주당순이익(손실)
786
21,890
(2,632)
※ 연결에 포함된 회사수는 ㈜효성이 포함된 숫자입니다.
※ 제66기 ~ 제68기 요약 연결재무정보는 K-IFRS 연결재무제표 기준으로 작성 하였습니다.
※ 상기 기본주당순이익은 연결재무제표상 지배기업 소유주지분 기준 당기순이익을
연결그룹이 매입하여 자기주식으로 보유하고 있는 보통주를 제외한 당기의 가중
평균 유통보통주식수로 나누어 산정하였습니다.
※ 기업회계기준서 제1016호 '유형자산' 개정에 따라 관계 기업에 대한 지분법 평가 금액이 변경되어 제 67기(2021년) 재무제표가 재작성되었습니다.