코스맥스 / 2023.03.22 사업보고서
1. 요약재무정보
가. 연결재무제표
(단위 : 천원)
구분
제 9기
제 8기
제7기
(2022년 12월말)
(2021년 12월말)
(2020년 12월말)
[유동자산]
737,152,717
792,234,583
622,616,678
ㆍ현금및현금성자산
169,115,967
99,833,720
102,513,996
ㆍ매출채권
302,757,293
349,979,562
297,645,008
ㆍ단기금융자산
31,114,424
100,003,815
12,872,362
ㆍ재고자산
202,277,825
223,572,134
193,315,148
ㆍ당기법인세자산
668,290
1,322,079
9,277
ㆍ기타유동자산
16,769,997
17,523,273
16,260,887
ㆍ매각예정자산
14,448,921
-
-
[비유동자산]
659,297,788
619,694,193
566,426,220
ㆍ장기금융자산
31,445,663
33,033,392
25,017,298
ㆍ관계기업및공동기업투자자산
38,225,225
20,203,134
5,041,641
ㆍ유형자산
490,557,497
471,227,774
437,112,070
ㆍ무형자산
49,587,207
50,312,024
56,812,714
ㆍ투자부동산
8,646,768
8,780,355
8,471,949
ㆍ이연법인세자산
38,548,579
32,898,105
26,142,246
ㆍ기타비유동자산
2,286,849
3,239,409
7,828,302
자산 총계
1,396,450,505
1,411,928,776
1,189,042,898
[유동부채]
811,975,090
787,663,555
718,087,654
[비유동부채]
140,228,862
158,880,649
199,055,129
부채 총계
952,203,952
946,544,204
917,142,783
[지배기업주주지분]
581,125,288
561,310,513
342,874,102
ㆍ자본금
5,674,755
5,674,755
5,024,755
ㆍ자본잉여금
286,766,779
292,481,615
182,112,984
ㆍ기타자본
(300,167)
(300,167)
(300,167)
ㆍ기타포괄손익누계액
21,439,989
15,366,730
(17,718,679)
ㆍ이익잉여금
267,543,932
248,087,580
173,755,209
[비지배주주지분]
(136,878,735)
(95,925,941)
(70,973,987)
자본 총계
444,246,553
465,384,572
271,900,115
(2022.1.1 ~ 2022.12.31)
(2021.1.1 ~ 2021.12.31)
(2020.1.1 ~ 2020.12.31)
매출액
1,600,125,770
1,591,487,622
1,382,880,689
영업이익
53,100,854
122,599,910
66,641,427
당기순이익(손실)
(16,446,827)
34,336,482
(29,053,381)
지배기업주주지분
20,847,691
74,435,536
21,378,297
비지배주주지분
(37,294,518)
(40,099,054)
(50,431,678)
기본주당이익(원)
1,838
6,944
2,128
연결에 포함된 회사수
26개
25개
16개
나. 재무제표
(단위 : 천원)
구분
제 9기
제 8기
제7기
(2022년 12월말)
(2021년 12월말)
(2020년 12월말)
[유동자산]
365,521,041
411,256,020
295,605,302
ㆍ현금및현금성자산
36,644,652
10,208,531
17,543,053
ㆍ매출채권
207,761,361
213,899,380
185,827,931
ㆍ단기금융자산
38,938,320
124,582,745
36,103,284
ㆍ재고자산
79,130,074
60,663,051
54,602,125
ㆍ기타유동자산
3,046,634
1,902,313
1,528,909
[비유동자산]
494,819,276
520,807,331
443,905,328
ㆍ장기금융자산
188,520,581
237,446,229
167,446,351
ㆍ종속기업및관계기업투자자산
40,361,721
40,910,289
38,517,212
ㆍ유형자산
184,738,914
164,721,056
167,334,560
ㆍ무형자산
8,243,162
7,902,709
6,526,901
ㆍ투자부동산
42,404,564
43,059,683
42,064,733
ㆍ이연법인세자산
30,194,535
26,369,381
21,728,821
ㆍ기타비유동자산
355,799
397,984
286,750
자산 총계
860,340,317
932,063,351
739,510,630
[유동부채]
462,106,355
393,724,007
359,706,348
[비유동부채]
94,755,587
133,079,412
126,547,202
부채 총계
556,861,942
526,803,419
486,253,550
ㆍ자본금
5,674,755
5,674,755
5,024,755
ㆍ자본잉여금
272,320,642
272,317,584
140,805,128
ㆍ기타자본
(300,167)
(300,167)
(300,167)
ㆍ기타포괄손익누계액
(9,544,496)
(10,080,170)
(9,484,446)
ㆍ이익잉여금
35,327,641
137,647,930
117,211,810
자본 총계
303,478,375
405,259,932
253,257,080
종속 관계 공동기업 투자주식의 평가방법
원가법
원가법
원가법
(2022.1.1 ~ 2022.12.31)
(2021.1.1 ~ 2021.12.31)
(2020.1.1 ~ 2020.12.31)
매출액
853,979,769
853,145,123
765,400,192
영업이익
42,853,286
77,596,941
65,853,784
당기순이익(손실)
(100,615,052)
20,530,243
(34,558,144)
기본주당이익(원)
(8,868)
1,915
(3,440)