한샘 / 2024.03.28 [정정] 사업보고서
1. 요약재무정보
가. 요약연결재무정보
(단위 : 원)
구분
제51기
(2023년)
제50기
(2022년)
제49기
(2021년)
자산 총계
1,051,517,000,000
1,099,680,000,000
1,246,353,000,000
부채 총계
708,747,000,000
654,252,000,000
624,663,000,000
자본 총계
342,770,000,000
445,428,000,000
621,690,000,000
매출액
1,966,947,000,000
2,000,906,000,000
2,231,221,000,000
영업이익(손실)
1,947,000,000
(21,690,000,000)
69,264,000,000
당기순이익(손실)
(62,155,000,000)
(71,321,000,000)
57,218,000,000
지배기업소유주지분 당기순이익(손실)
(62,155,000,000)
(71,330,000,000)
55,943,000,000
기본주당순이익(손실)(원)
(3,810)
(4,412)
3,266