강동씨앤엘 / 2024.03.21 사업보고서
1. 요약재무정보
(단위 : 원)
구분
제10기
제9기
제8기
[유동자산]
16,551,987,000,000
39,854,205,000,000
48,415,815,000,000
현금및현금성자산
8,502,303,000,000
3,762,364,000,000
2,860,586,000,000
매출채권및기타유동채권
6,672,684,000,000
23,977,134,000,000
17,519,093,000,000
재고자산
958,445,000,000
6,680,488,000,000
4,203,834,000,000
[비유동자산]
98,006,503,000,000
97,309,021,000,000
98,367,677,000,000
유형자산
31,411,641,000,000
81,376,280,000,000
78,075,530,000,000
투자부동산
60,003,631,000,000
9,632,003,000,000
6,911,090,000,000
자산총계
114,558,490,000,000
137,163,225,000,000
146,783,492,000,000
[유동부채]
8,457,665,000,000
9,904,453,000,000
11,415,579,000,000
[비유동부채]
13,904,646,000,000
17,924,343,000,000
18,217,049,000,000
부채총계
22,362,311,000,000
27,828,796,000,000
29,632,628,000,000
[자본금]
3,197,996,000,000
3,197,996,000,000
3,197,996,000,000
[이익잉여금]
22,100,775,000,000
38,621,907,000,000
46,191,117,000,000
자본총계
92,196,180,000,000
109,334,429,000,000
117,150,863,000,000
부채와자본총계
114,558,490,000,000
137,163,225,000,000
146,783,492,000,000
종속ㆍ관계기업 투자주식의 평가방법
지분법
지분법
구분
제10기
제9기
제8기
2022.01.01~ 2022.12.31
2021.01.01~ 2021.12.31
매출액
50,522,977,000,000
69,904,737,000,000
65,672,532,000,000
영업이익(손실)
(17,209,786,000,000)
(12,631,267,000,000)
3,697,680,000,000
당기순이익(손실)
(15,839,660,000,000)
(7,760,971,000,000)
4,638,804,000,000
주당순이익(손실)(원)
(495)
(243)
145