퍼스텍 / 2024.03.19 사업보고서
1. 요약재무정보
가. 요약연결재무정보
(단위 : 원)
구분
제49기
(2023년 12월말)
제48기
(2022년 12월말)
제47기
(2021년 12월말)
I. 유동자산
135,566,849,087
102,843,974,656
102,511,196,000
II. 비유동자산
129,508,899,367
108,465,972,895
83,101,315,000
자산총계
265,075,748,454
211,309,947,551
185,612,511,300
[유동부채]
171,944,624,513
119,575,891,323
119,774,309,000
[비유동부채]
30,794,747,182
35,071,863,625
22,434,144,000
부채총계
202,739,371,695
154,647,754,948
142,208,454,000
[자본금]
24,385,969,000
24,030,730,000
24,030,730,000
[이익잉여금]
(2,205,578,109)
(2,706,542,120)
(5,774,712,000)
자본총계
62,336,376,759
56,662,192,603
43,404,056,000
구분
2023년 01월 01일 ~ 2023년 12월 31일
2022년 01월 01일 ~ 2022년 12월 31일
2021년 01월 01일 ~ 2021년 12월 31일
매출액
173,103,350,935
160,154,489,954
136,697,477,000
영업이익
2,508,074,315
3,112,927,906
4,334,722,000
당기순이익
4,620,136,432
1,794,177,256
3,874,217,000
총포괄손익
2,501,899,886
13,258,135,753
(3,275,935,600)
기본주당이익(원)
96
37
-
연결에 포함된 회사수
0
0
0