토비스 / 2024.03.18 사업보고서
1. 요약재무정보
가. 요약 연결재무정보
(단위 : 원)
과목
제26기
제25기
제24기
자산
Ⅰ.유동자산
272,081,223,901
208,589,671,289
214,946,845,977
현금및현금성자산
20,504,176,807
15,938,575,667
32,312,485,663
단기금융상품
16,910,899,165
16,364,259,467
14,461,378,420
당기손익-공정가치금융자산
6,147,479,109
2,963,322,851
4,460,447,330
매출채권
85,892,772,868
60,932,279,231
56,637,845,381
매각예정비유동자산
14,385,290,537
-
-
기타유동자산
128,240,605,415
112,391,234,073
107,074,689,183
Ⅱ. 비유동자산
216,828,138,267
190,912,819,406
154,190,414,746
장기금융상품
61,549,399
-
807,963,406
당기손익-공정가치금융자산
2,987,815,660
3,834,151,073
4,846,279,379
기타포괄손익-공정가치측정금융자산
1,952,182,860
2,977,266,515
4,166,495,855
관계기업투자
1,376,478,237
2,202,054,440
2,592,659,894
투자부동산
3,544,035,974
3,578,670,410
5,702,307,428
장기대여금
358,651,798
293,161,798
488,000,000
유형자산
173,702,941,114
151,627,993,816
107,840,863,228
기타비유동자산
32,844,483,225
26,399,521,354
27,745,845,556
자산총계
488,909,362,168
399,502,490,695
369,137,260,723
부채
Ⅰ. 유동부채
234,480,440,417
142,586,224,595
159,336,062,411
매입채무
65,355,822,737
27,622,636,212
36,229,480,226
미지급금
16,752,083,885
10,546,350,282
14,184,753,659
단기차입금
111,092,206,701
86,962,014,449
95,626,415,477
유동성장기부채
27,094,349,992
6,985,000,002
194,583,339
기타유동부채
14,185,977,102
10,470,223,650
13,100,829,710
Ⅱ. 비유동부채
41,921,023,993
66,593,541,174
10,914,104,148
장기차입금
40,766,466,678
64,531,799,998
8,240,000,000
장기리스부채
1,005,580,110
2,061,741,176
2,674,104,148
퇴직급여채무
148,977,205
-
-
부채총계
276,401,464,410
209,179,765,769
170,250,166,559
자본
Ⅰ. 지배기업 소유주지분
191,376,890,946
179,543,775,448
187,512,449,724
자본금
8,358,529,000
8,358,529,000
8,358,529,000
기타불입자본
41,429,482,528
40,698,026,648
40,703,968,098
이익잉여금
147,308,435,667
138,704,117,176
147,636,856,051
기타자본구성요소
(5,719,556,249)
(8,216,897,376)
(9,186,903,425)
Ⅱ. 비지배지분
21,131,006,812
10,778,949,478
11,374,644,440
자본총계
212,507,897,758
190,322,724,926
198,887,094,164
부채와자본총계
488,909,362,168
399,502,490,695
369,137,260,723
Ⅰ. 매출액
447,392,253,958
328,219,116,598
263,392,928,228
Ⅱ. 영업이익
25,655,751,176
7,039,753,536
(880,851,093)
Ⅲ. 법인세비용차감전순이익
15,687,209,146
(2,325,945,640)
4,552,488,873
Ⅳ. 계속사업이익
12,895,757,017
(4,958,798,114)
1,101,465,612
Ⅴ. 당기순이익 귀속
12,895,757,017
(4,958,798,114)
1,101,465,612
지배기업 소유주 지분
11,602,742,776
(4,984,882,541)
1,261,746,446
비지배지분
1,293,014,241
26,084,427
(160,280,834)
Ⅵ. 당기총포괄손익 귀속
12,674,185,446
(4,749,454,360)
2,254,903,828
지배기업 소유주 지분
11,462,592,537
(4,779,901,738)
2,415,130,879
비지배지분
1,211,592,909
30,447,378
(160,227,051)
Ⅶ. 주당순이익(원)
757
(323)
82
연결에 포함된 회사수
7
5
5
[Δ는 부(-)의 수치임]*상기 재무제표는 한국채택국제회계기준 작성 기준에 따라 작
성된 연결재무제표입니다.
나. 요약재무정보
(단위 : 원)
과목
제26기
제25기
제24기
자산
Ⅰ. 유동자산
229,950,949,527
184,655,812,121
185,190,021,914
현금및현금성자산
5,615,506,277
3,212,280,434
23,220,150,861
단기금융상품
7,410,634,000
7,364,003,000
3,899,726,821
당기손익-공정가치금융자산
2,345,300,000
2,963,322,851
4,460,447,330
매출채권
81,958,691,948
62,558,582,464
49,456,333,201
매각예정비유동자산
14,385,290,537
-
-
기타유동자산
118,235,526,765
108,557,623,372
104,153,363,701
Ⅱ. 비유동자산
213,889,874,905
179,412,087,167
139,313,993,514
장기금융상품
-
-
640,000,000
당기손익-공정가치금융자산
2,987,815,660
3,834,151,073
4,846,279,379
기타포괄손익-공정가치측정금 융자산
1,952,182,860
2,977,266,515
4,066,495,855
종속기업및관계기업투자
47,630,415,193
36,761,455,688
37,135,314,453
투자부동산
3,544,035,974
3,578,670,410
5,702,307,428
장기대여금
69,500,000
203,750,000
488,000,000
유형자산
145,182,039,894
121,163,125,642
75,923,017,522
기타비유동자산
12,523,885,324
10,893,667,839
10,512,578,877
자산총계
443,840,824,432
364,067,899,288
324,504,015,428
부채
Ⅰ. 유동부채
182,681,156,973
93,773,344,275
118,971,378,977
매입채무
54,974,301,887
23,139,516,553
31,106,423,198
미지급금
14,595,446,759
8,586,572,820
12,201,003,899
단기차입금
75,736,400,000
46,627,410,000
64,679,500,000
유동성장기부채
26,507,749,992
6,985,000,002
194,583,339
기타유동부채
10,867,258,335
8,434,844,900
10,789,868,541
Ⅱ. 비유동부채
41,404,634,666
65,645,017,841
9,508,760,366
장기차입금
40,705,416,678
64,531,799,998
8,240,000,000
장기리스부채
699,217,988
1,113,217,843
1,268,760,366
퇴직급여채무
-
-
-
부채총계
224,085,791,639
159,418,362,116
128,480,139,343
자본
Ⅰ. 자본금
8,358,529,000
8,358,529,000
8,358,529,000
Ⅱ. 기타불입자본
41,187,754,496
40,893,381,600
40,897,681,590
Ⅲ. 이익잉여금
177,470,458,447
165,012,292,602
156,291,337,403
Ⅳ. 기타자본구성요소
(7,261,709,150)
(9,614,666,030)
(9,523,671,908)
자본총계
219,755,032,793
204,649,537,172
196,023,876,085
종속 관계 공동기업 투자주식의 평가방법
원가법
원가법
원가법
부채와자본총계
443,840,824,432
364,067,899,288
324,504,015,428
Ⅰ. 매출액
384,161,366,970
262,404,352,180
251,121,590,920
Ⅱ. 영업이익
23,684,038,531
18,620,544,470
12,595,720,763
Ⅲ. 법인세비용차감전순이익
16,244,048,779
14,645,910,246
6,283,529,816
Ⅳ. 당기순이익
15,279,414,704
12,720,590,959
3,977,193,707
Ⅴ. 총포괄이익
15,172,055,644
11,812,792,165
4,826,903,215
Ⅵ. 주당이익
996
824
259
[Δ는 부(-)의 수치임]*상기 재무제표는 한국채택국제회계기준 작성 기준에 따라
작성된 별도재무제표입니다.