에이프로젠 / 2022.03.16 [정정] 사업보고서
1. 요약재무정보
가. 요약연결재무정보
(단위 : 원)
과 목
제 21(당) 기
제 20(전) 기
제 19(전전) 기
2020년 12월말
2019년 12월말
2018년 12월말
[유동자산]
84,880,562,684
60,439,242,873
119,556,345,240
현금및현금성자산
3,021,932,681
22,550,458,301
52,455,506,267
매출채권및기타유동채권
47,266,832,779
9,429,676,577
31,998,288,562
재고자산
16,982,190,175
24,410,342,340
20,409,223,726
[비유동자산]
381,279,492,834
329,194,010,127
214,533,505,731
유형자산
305,355,380,590
216,523,535,838
156,516,786,893
무형자산
891,692,168
984,695,899
1,624,545,674
관계기업투자주식
41,146,839,680
85,572,005,884
37,110,632,606
자산총계
466,160,055,518
389,633,253,000
334,089,850,971
[유동부채]
327,034,098,754
143,699,873,885
66,719,474,151
[비유동부채]
26,283,029,818
25,586,565,030
4,868,652,716
부채총계
353,317,128,572
169,286,438,915
71,588,126,867
[지배기업 소유주지분]
자본금
25,900,916,000
25,862,466,000
25,711,466,000
이익잉여금(결손금)
(98,716,988,435)
(15,004,115,922)
4,525,915,402
비지배지분
22,368,936,235
31,238,889,767
51,914,091,729
자본총계
112,842,926,946
220,346,814,085
262,501,724,104
관계기업투자주식의 평가방법
지분법
지분법
지분법
2020년 1월~12월
2019년 1월~12월
2018년 1월~12월
매출액
24,893,956,731
27,892,810,709
53,283,926,034
영업이익
(71,242,537,984)
(39,886,771,190)
2,593,921,585
연결당기순이익
(112,117,595,937)
(41,014,509,582)
(15,443,290,131)
지배기업 소유주지분
(86,342,861,659)
(19,330,730,144)
(7,826,085,306)
비지배지분
(25,774,734,278)
(21,683,779,438)
(7,617,204,825)
기본주당순이익(손실)
(1,668)
(374)
(158)
희석주당순이익(손실)
(1,668)
(374)
(158)
연결에 포함된 회사수
2
2
2

나. 요약재무정보
(단위: 원)
구 분
제 21 기
제 20 기
제 19 기
2020년 12월말
2019년 12월말
2018년 12월말
[유동자산]
42,248,774,600
47,585,926,824
98,307,444,289
현금및현금성자산
770,976,304
12,644,075,672
50,457,118,866
매출채권및기타유동채권
21,890,377,453
24,861,997,558
31,298,379,663
재고자산
2,432,268,745
6,249,866,607
4,249,038,616
[비유동자산]
162,900,567,620
195,893,798,018
138,960,452,695
유형자산
23,423,799,867
15,354,966,201
16,132,830,197
무형자산
518,765,618
677,630,188
1,408,998,993
종속기업투자주식
64,165,542,059
25,673,839,672
46,350,740,459
관계기업투자주식
41,146,839,680
69,919,341,400
-
자산총계
205,149,342,220
243,479,724,842
237,267,896,984
[유동부채]
80,671,525,544
15,005,206,053
13,191,009,308
[비유동부채]
2,776,530,711
25,567,078,612
6,054,805,010
부채총계
83,448,056,255
40,572,284,665
19,245,814,318
[자본금]
25,900,916,000
25,862,466,000
25,711,466,000
[이익잉여금(결손금)]
(28,783,300,327)
54,872,492,071
70,848,954,832
자본총계
121,701,285,965
202,907,440,177
218,022,082,666
2020년 1월~12월
2019년 1월~12월
2018년 1월~12월
매출액
11,851,408,859
17,857,139,453
48,100,297,615
영업이익
(33,226,564,017)
(14,991,442,531)
14,074,187,219
당기순이익
(86,264,405,992)
(15,767,838,245)
46,460,814,781
기본주당순이익(단위:원)
(1,666)
(305)
936
희석주당순이익(단위:원)
(1,666)
(305)
936