자이언트스텝 / 2024.03.20 사업보고서
1. 요약재무정보
가. 요약 연결재무정보
주식회사 자이언트스텝과 그 종속회사 (단위: 천원)
과 목
제16기
제15기
제14기
2023년 12월 말
2022년 12월 말
2021년 12월 말
자산
I.유동자산
63,445,806
87,360,365
120,660,880
당좌자산
63,133,439
87,191,770
120,629,692
재고자산
312,367
168,595
31,188
II.비유동자산
63,660,464
58,928,379
23,063,665
투자자산
26,528,497
19,636,430
4,778,186
유형자산
12,712,052
15,809,295
7,014,786
무형자산
9,733,202
10,908,619
1,972,687
이연법인세자산
125,768
129,299
39,863
기타비유동자산
14,560,945
12,444,736
9,258,143
자산총계
127,106,270
146,288,744
143,724,545
부채
I.유동부채
21,158,079
14,898,451
14,126,386
II.비유동부채
7,324,260
8,426,101
2,447,568
부채총계
28,482,339
23,324,552
16,573,954
자본
I. 자본금
11,060,873
11,060,873
10,917,027
II. 기타불입자본
122,667,385
122,554,188
118,866,941
III. 기타자본구성요소
2,186,934
1,478,274
665,896
IV. 이익잉여금 (결손금)
(40,533,148)
(15,925,353)
(3,653,168)
Ⅴ. 비지배지분
3,241,887
3,796,211
353,895
자본총계
98,623,931
122,964,193
127,150,591
부채및자본총계
127,106,270
146,288,745
143,724,545
구분
2023.01.01-2023.12.31
2022.01.01-2022.12.31
2021.01.01-2021.12.31
영업수익
42,309,466
40,619,850
33,157,055
영업이익(손실)
(26,059,398)
(17,860,766)
(2,908,565)
법인세비용차감전계속영업순이익(손실)
(25,145,997)
(12,725,176)
(3,487,712)
중단사업손익
-
-
-
당기순이익(손실)
(25,162,118)
(12,676,277)
(3,471,517)
지배회사지분순이익(손실)
(24,607,794)
(12,272,185)
(3,514,671)
비지배지분순이익(손실)
(554,323)
(404,092)
43,154
기본주당순이익(손실) (단위: 원)
(1,112)
(560)
(185)
희석주당순이익(손실) (단위: 원)
(1,112)
(560)
(185)
연결에 포함된 회사수 (개)
5
5
4
나. 요약 별도재무정보
주식회사 자이언트스텝
(단위: 천원)
과 목
제 16기
제 15기
제14기
2023년 12월 말
2022년 12월 말
2021년 12월 말
자산
I.유동자산
52,890,597
75,837,028
115,631,533
당좌자산
52,890,597
75,837,028
115,631,533
재고자산
-
-
-
II.비유동자산
63,751,885
61,381,106
24,349,015
투자자산
39,028,592
34,233,639
8,462,483
유형자산
11,319,342
14,852,545
7,060,334
무형자산
924,529
1,087,357
633,682
이연법인세자산
-
-
-
기타비유동자산
12,479,422
11,207,565
8,192,516
자산총계
116,642,482
137,218,134
139,980,548
부채
I.유동부채
15,261,824
10,494,278
10,950,505
II.비유동부채
5,778,437
6,308,199
2,091,726
부채총계
21,040,261
16,802,477
13,042,231
자본
I.자본금
11,060,873
11,060,873
10,917,027
II.자본잉여금
122,667,385
122,554,188
118,866,941
III.기타자본구성요소
2,005,261
1,326,866
591,095
IV.이익잉여금 (결손금)
(40,131,298)
(14,526,270)
(3,436,746)
자본총계
95,602,221
120,415,657
126,938,317
부채및자본총계
116,642,482
137,218,134
139,980,548
종속ㆍ관계ㆍ공동기업 투자주식의 평가방법
원가법
원가법
원가법
구분
2023.01.01-2023.12.31
2022.01.01-2022.12.31
2021.01.01-2021.12.31
영업수익
24,761,223
24,526,785
23,027,167
영업이익(손실)
(22,354,154)
(15,316,318)
(2,080,231)
법인세비용차감전순이익(손실)
(25,605,027)
(11,089,523)
(2,788,556)
당기순이익(손실)
(25,605,027)
(11,089,523)
(2,788,556)
기본주당순이익(손실) (단위: 원)
(1,157)
(506)
(147)
희석주당순이익(손실) (단위: 원)
(1,157)
(506)
(147)