YBM넷 / 2024.03.21 사업보고서
1. 요약재무정보
가.요약연결재무정보(K-IFRS적용)
(단위 : 원)
구분
제24기
제23기
제22기
2023년 12월 31일 현재
2022년 12월 31일 현재
2021년 12월 31일 현재
[유동자산]
40,005,378,852,000
44,419,862,082,000
32,776,660,795,000
. 현금및현금성자산
16,564,321,280,000
23,701,404,376,000
14,872,200,272,000
. 매출채권및기타채권
5,296,232,171,000
5,310,077,168,000
5,314,781,240,000
[비유동자산]
41,953,330,449,000
43,637,786,106,000
50,374,772,712,000
. 유형자산
9,374,041,023,000
10,288,293,589,000
9,824,397,302,000
. 무형자산
8,044,585,500,000
7,894,891,183,000
9,153,229,528,000
자산총계
81,958,709,301,000
88,057,648,188,000
83,151,433,507,000
[유동부채]
22,338,258,337,000
30,906,391,942,000
30,795,325,516,000
[비유동부채]
7,887,986,273,000
7,959,527,843,000
9,450,355,120,000
부채총계
30,226,244,610,000
38,865,919,785,000
40,245,680,636,000
[자본금]
8,156,348,500,000
8,156,348,500,000
8,156,348,500,000
[이익잉여금]
29,312,179,595,000
26,746,573,149,000
20,457,889,513,000
비지배지분
167,422,000
154,365,000
180,366,000
자본총계
51,732,464,691,000
49,191,728,403,000
42,905,752,871,000
종속.관계.공동기업투자주식의 평가방법
지분법
지분법
지분법
구분
(2023년 1월 1일 ~ 2023년 12월 31일)
(2022년 1월 1일 ~ 2022년 12월 31일)
(2021년 1월 1일 ~ 2021년 12월 31일)
[매출액]
60,480,863,497,000
62,562,529,887,000
58,331,472,718,000
[영업이익(손실)]
5,121,862,757,000
4,781,298,295,000
3,634,171,515,000
[당기순이익(손실)]
5,066,856,947,000
7,633,315,424,000
2,549,052,104,000
[당기총포괄손익]
4,968,388,338,000
7,904,410,232,000
2,464,985,873,000
[당기순이익(손실) 귀속]
. 지배기업소유주지분
5,066,827,290,000
7,633,339,636,000
2,549,081,777,000
. 비지배지분
29,657,000
(24,212,000)
(29,673,000)
[당기총포괄손익귀속]
. 지배기업소유주지분
4,968,375,281,000
7,904,436,233,000
2,465,017,658,000
. 비지배지분
13,057,000
(26,001,000)
(31,785,000)
[기본및희석주당순이익(손실)]
313
472
158
[연결에 포함된 회사수]
1
1
1

나.요약재무정보(K-IFRS적용)
(단위 : 원)
구분
제24기
제23기
제22기
2023년 12월 31일 현재
2022년 12월 31일 현재
2021년 12월 31일 현재
[유동자산]
39,873,093,214,000
44,289,000,410,000
32,623,367,822,000
. 현금및현금성자산
16,498,495,734,000
23,639,279,084,000
14,781,270,912,000
. 매출채권및기타채권
5,296,232,171,000
5,310,077,168,000
5,314,781,240,000
[비유동자산]
42,483,209,075,000
43,999,565,833,000
50,604,196,398,000
. 유형자산
9,333,050,951,000
10,248,022,522,000
9,783,868,014,000
. 무형자산
8,407,252,167,000
8,087,778,364,000
9,243,229,528,000
자산총계
82,356,302,289,000
88,288,566,243,000
83,227,564,220,000
[유동부채]
22,405,940,962,000
30,926,748,521,000
30,808,020,279,000
[비유동부채]
7,887,986,273,000
7,959,527,843,000
9,450,355,120,000
부채총계
30,293,927,235,000
38,886,276,364,000
40,258,375,399,000
[자본금]
8,156,348,500,000
8,156,348,500,000
8,156,348,500,000
[이익잉여금]
29,611,526,686,000
26,951,441,511,000
20,518,340,453,000
자본총계
52,062,375,054,000
49,402,289,879,000
42,969,188,821,000
종속.관계.공동기업투자주식의 평가방법
원가법
원가법
원가법
구분
(2023년 1월 1일 ~ 2023년 12월 31일)
(2022년 1월 1일 ~ 2022년 12월 31일)
(2021년 1월 1일 ~ 2021년 12월 31일)
[매출액]
60,480,863,497,000
62,562,529,887,000
58,331,472,718,000
[영업이익(손실)]
5,205,779,967,000
4,891,198,434,000
3,762,912,166,000
[당기순이익(손실)]
5,161,306,019,000
7,777,757,058,000
2,609,532,717,000
[당기총포괄손익]
5,087,737,225,000
8,051,535,758,000
2,528,633,974,000
[기본및희석주당순이익(손실)]
319
481
161