하이트진로 / 2024.03.14 사업보고서
1. 요약재무정보
가. 요약연결재무정보
(단위 : 백만원)
구분
제72기
제71기
제70기
비고
[유동자산]
1,067,667
1,054,944
1,304,322
현금및현금성자산
272,488
281,718
469,821
매출채권및기타채권
382,625
397,949
348,981
기타금융자산
63,468
76,796
225,644
재고자산
268,110
226,020
187,548
기타유동자산
80,686
71,834
71,885
당기법인세자산
290
627
443
[비유동자산]
2,290,681
2,278,494
2,326,729
매출채권및기타채권
16,589
10,931
10,286
기타포괄손익-공정가치측정금융자산
14,999
16,306
18,497
당기손익-공정가치측정금융자산
12,466
8,158
7,436
기타비유동금융자산
28,273
27,812
24,582
투자부동산
59,734
58,440
73,718
유형자산
1,934,103
1,924,908
1,953,513
무형자산
135,954
144,118
152,132
사용권자산
73,500
73,885
76,400
이연법인세자산
15,063
13,936
10,165
자산총계
3,358,347
3,333,438
3,631,051
[유동부채]
1,637,599
1,538,467
1,836,775
[비유동부채]
604,873
633,943
701,117
부채총계
2,242,472
2,172,410
2,537,892
[지배기업소유지분]
1,095,138
1,160,606
1,092,610
자본금
368,842
368,842
368,842
자본잉여금
509,299
509,299
509,299
자기주식
(76,800)
(76,800)
(76,800)
기타자본
(23,133)
(17,406)
(11,220)
적립금
102,935
96,295
90,706
이익잉여금
213,995
280,376
211,783
[비지배지분]
20,738
422
549
자본총계
1,115,876
1,161,028
1,093,159
부채와자본총계
3,358,348
3,333,438
3,631,051
구분
제72기
제71기
제70기
비고
매출액
2,520,182
2,497,555
2,202,904
영업이익
123,920
190,571
174,111
당기순이익
35,511
86,816
71,772
- 지배기업소유주지분
35,648
87,002
71,739
- 비지배지분
(137)
(186)
33
총포괄이익
(600)
123,553
71,089
- 지배기업소유주지분
646
123,680
71,023
- 비지배지분
(1,247)
(127)
66
보통주기본및희석주당이익(단위:원)
512
1,250
1,031
우선주기본및희석주당이익(단위:원)
562
1,300
1,081
연결에포함된회사수
14개사
13개사
13개사
※ 상기 요약표는 한국채택국제회계기준(K-IFRS)에 따라서 상기 요약 재무정보를
작성하였습니다.
※ 연결대상기업은 하이트진로(주)를 포함한 14개사임.
나. 요약재무정보
(단위 : 백만원)
구분
제72기
제71기
제70기
비고
[유동자산]
823,120
864,300
1,138,528
현금및현금성자산
161,680
230,690
432,249
매출채권및기타채권
359,508
357,248
303,278
기타금융자산
24,997
29,374
186,595
재고자산
220,472
187,694
156,724
기타유동자산
56,463
59,294
59,682
[비유동자산]
2,283,812
2,243,492
2,292,803
매출채권및기타채권
16,589
10,931
10,286
기타포괄손익-공정가치측정금융자산
1,354
1,251
491
당기손익-공정가치측정금융자산
12,466
8,158
7,436
종속기업투자
293,577
272,676
272,676
공동기업투자
-
-
2,033
기타비유동금융자산
35,071
25,519
32,360
투자부동산
58,519
64,748
73,324
유형자산
1,678,462
1,664,499
1,686,554
무형자산
119,196
127,174
133,355
사용권자산
68,578
68,536
73,109
이연법인세자산
-
-
1,179
자산총계
3,106,932
3,107,792
3,431,331
[유동부채]
1,455,154
1,361,356
1,680,656
[비유동부채]
562,578
584,127
639,965
부채총계
2,017,732
1,945,483
2,320,621
[자본금]
368,842
368,842
368,842
[자본잉여금]
493,225
493,225
493,225
[자기주식]
(61,135)
(61,135)
(61,135)
[기타자본]
(11,587)
(11,587)
(11,587)
[적립금]
102,935
96,295
90,706
[이익잉여금]
196,920
276,669
230,659
자본총계
1,089,200
1,162,309
1,110,710
부채와자본총계
3,106,932
3,107,792
3,431,331
종속/관계/공동기업 투자주식의 평가방법
원가법
원가법
원가법
구분
제72기
제71기
제70기
비고
매출액
2,246,749
2,222,162
1,977,100
영업이익
101,834
165,475
150,507
당기순이익
21,323
66,848
72,538
총포괄이익
(6,759)
107,481
74,253
보통주기본 및 희석주당이익(단위:원)
305
957
1,039
우선주기본 및 희석주당이익(단위:원)
355
1,007
1,089
※ 상기요약표는 한국채택국제회계기준(K-IFRS)에 따라서 상기 요약 재무정보를 작성하였습니다.
다. 이익잉여금 처분계산서
(단위 : 백만원)
구분
제 72 기
제 71 기
처분예정일: 2024년 3월 22일
처분확정일: 2023년 3월 24일
I.미처분이익잉여금
196,920
276,669
전기이월미처분이익잉여금
203,679
169,187
순확정급여부채의 재측정요소
(28,082)
40,634
당기순이익
21,323
66,848
II.임의적립금 등의 이입액
-
-
III.이익잉여금 처분액
72,990
72,990
이익준비금
6,640
6,640
현금배당
주당배당금(액면배당률)
- 보통주 : 당기 950원(19%) 전기 950원(19%)
- 우선주 : 당기 1,000원(20%) 전기 1,000원(20%)
66.350 (65,217) (1,133)
66.350 (65,217) (1,133)
IV.차기이월미처분이익잉여금
123,930
203,679