동국산업 / 2024.03.18 사업보고서
1. 요약재무정보
가. 요약연결재무정보
(단위 : 원)
과 목
제57기
제56기
제55기
(2023년 12월말)
(2022년 12월말)
(2021년 12월말)
[유동자산]
409,196,000,000
409,370,000,000
461,386,000,000
재고자산
178,523,000,000
215,833,000,000
236,413,000,000
매출채권
145,763,000,000
103,783,000,000
101,593,000,000
[비유동자산]
483,455,000,000
465,407,000,000
347,753,000,000
유형자산
305,833,000,000
287,105,000,000
268,161,000,000
자 산 총 계
892,651,000,000
874,777,000,000
809,139,000,000
[유동부채]
301,477,000,000
282,582,000,000
210,024,000,000
[비유동부채]
65,745,000,000
37,708,000,000
41,760,000,000
부 채 총 계
367,222,000,000
320,290,000,000
251,783,000,000
[자본금]
54,244,000,000
54,244,000,000
54,244,000,000
[이익잉여금]
161,355,000,000
174,645,000,000
170,715,000,000
[비지배지분]
138,822,000,000
154,565,000,000
161,270,000,000
자 본 총 계
525,428,000,000
554,487,000,000
557,356,000,000
-
2023.01.01 ~2023.12.31
2022.01.01 ~2022.12.31
2021.01.01 ~2021.12.31
매 출 액
757,010,000,000
860,530,000,000
729,136,000,000
영업 이익
-27,109,000,000
1,178,000,000
34,930,000,000
당기순이익
-20,641,000,000
2,243,000,000
37,321,000,000
주당이익(원)
-99
125
382
연결에포함된 회사수
5
5
6