네오크레마 / 2024.03.18 사업보고서
1. 요약재무정보
가. 요약 연결재무제표
과목
2023년
(제17기)
2022년
(제16기)
2021년
(제15기)
회계처리기준
K-IFRS
K-IFRS
K-IFRS
[유동자산]
41,041,965,095
37,812,802,184
27,604,704,534
·당좌자산
32,873,256,817
30,409,410,636
19,209,848,466
·재고자산
7,253,890,972
6,088,186,796
7,921,241,643
·기타유동자산
753,079,431
1,314,947,472
473,614,425
[비유동자산]
23,513,594,511
39,505,719,231
23,689,618,181
·투자자산
9,520,657,882
18,727,179,667
825,633,531
·유형자산
12,589,689,308
20,194,648,233
21,130,559,810
·무형자산
939,857,022
358,810,898
1,319,766,627
·사용권자산
165,849,613
-
-
·기타비유동자산
297,540,686
225,080,433
413,658,213
자산총계
71,136,283,622
77,318,521,415
51,294,322,715
[유동부채]
30,672,898,617
27,868,336,784
7,049,927,024
[비유동부채]
1,601,912,316
1,762,311,021
2,554,974,955
부채총계
32,274,810,933
29,630,647,805
9,604,901,979
[지배지분]
38,861,472,689
47,687,873,610
41,579,080,333
·자본금
4,028,297,500
4,018,297,500
3,663,997,500
·자본잉여금
31,545,183,650
31,477,163,575
21,625,695,380
·기타자본
(908,297,783)
(863,617,708)
253,715,742
·기타포괄손익누계액
(5,191,046,840)
(1,289,181,069)
(141,986,964)
·이익잉여금
9,387,336,162
14,345,211,312
16,177,658,675
[비지배지분]
-
-
110,340,403
자본총계
38,861,472,689
47,687,873,610
41,689,420,736
종속·관계·공동기업 투자주식의 평가방법
원가법
원가법
원가법
(2023.01.01~ 2023.12.31)
(2022.01.01~ 2022.12.31)
(2021.01.01~ 2021.12.31)
매출액
24,866,771,855
26,702,893,112
29,886,729,419
영업이익
278,868,999
1,420,451,374
1,368,718,533
법인세비용차감전계속사업이익
(5,293,918,579)
(1,371,345,577)
1,755,477,019
당기순이익
(4,957,875,150)
(1,837,548,495)
1,793,298,915
주당순이익(원)
(623)
(230)
251
나. 요약 별도재무제표
과목
2023년
(제17기)
2022년
(제16기)
2021년
(제15기)
회계처리기준
K-IFRS
K-IFRS
K-IFRS
[유동자산]
40,295,343,894
37,483,570,991
25,238,946,784
·당좌자산
32,169,447,863
30,080,436,723
18,210,412,603
·재고자산
7,253,890,972
6,088,186,796
6,710,779,004
·기타유동자산
712,055,944
1,314,947,472
317,755,177
[비유동자산]
23,973,291,151
41,248,838,798
24,676,563,912
·투자자산
9,983,011,533
20,695,379,667
3,004,672,316
·유형자산
12,587,236,461
20,194,648,233
21,092,999,698
·무형자산
939,652,858
358,810,898
236,029,784
·사용권자산
165,849,613
-
-
·기타비유동자산
297,540,686
-
342,862,114
자산총계
70,849,359,061
78,732,409,789
49,915,510,696
[유동부채]
30,408,772,582
27,868,336,784
5,771,508,711
[비유동부채]
1,564,947,774
1,867,182,588
2,381,707,363
부채총계
31,973,720,356
29,735,519,372
8,153,216,074
·자본금
4,028,297,500
4,018,297,500
3,663,997,500
·자본잉여금
31,545,183,650
31,477,163,575
21,625,695,380
·기타자본
(994,562,290)
(949,882,215)
167,451,235
·기타포괄손익누계액
(229,840,375)
(47,933,069)
(140,484,020)
·이익잉여금
4,526,560,220
14,499,244,626
16,445,634,527
자본총계
38,875,638,705
48,996,890,417
41,762,294,622
종속·관계·공동기업 투자주식의 평가방법
원가법
원가법
원가법
(2023.01.01~ 2023.12.31)
(2022.01.01~ 2022.12.31)
(2021.01.01~ 2021.12.31)
매출액
24,851,842,286
23,996,909,614
22,908,278,972
영업이익
635,189,955
1,550,053,431
1,969,439,172
법인세비용차감전계속사업이익
(10,308,727,835)
(1,485,064,133)
972,998,986
당기순이익
(9,972,684,406)
(1,946,389,901)
985,190,333
주당순이익(원)
(1,253)
(245)
135