새로닉스 / 2024.03.19 사업보고서
1. 요약재무정보
가. 연결요약재무정보
(단위 : 원)
구분
제54기
제53기
제52기
제51기
(2023년 12월말)
(2022년 12월말)
(2021년 12월말)
(2020년 12월말)
자산총계
322,973,435,415
348,242,920,178
232,360,101,597
138,805,991,891
부채총계
148,301,896,441
143,874,223,866
121,898,860,810
61,174,114,959
자본총계
174,671,538,974
204,368,696,312
110,461,240,787
77,631,876,932
(2023.01.01~ 2023.12.31)
(2022.01.01~ 2022.12.31)
(2021.01.01~ 2021.12.31)
(2020.01.01~ 2020.12.31)
매출액
201,701,546,184
218,666,962,658
192,047,433,394
163,005,876,920
영업이익(손실)
389,601,220
472,202,217
(629,487,987)
2,043,769,174
당기순이익(손실)
(29,513,780,446)
91,689,419,941
28,952,315,381
(1,616,186,782)
주당순이익(손실)
(2,345)
7,365
2,337
(140)
연결대상 회사수
2
2
2
2