아크솔루션스 / 2025.03.11 [정정] 사업보고서
1. 요약재무정보
가. 연결 요약 재무정보
(단위 : 원)
구분
제 10(당) 기말
제 9(전) 기말
제 8(전전) 기말
2023년 12월말
2022년 12월말
2021년 12월말
[유동자산]
41,779,208,899
12,823,323,334
14,827,988,707
현금및현금성자산
8,184,553,357
3,036,623,353
1,375,909,998
매출채권 및 기타유동채권
7,407,381,983
3,912,649,682
4,806,097,345
재고자산
4,559,138,499
5,677,431,614
3,750,804,641
기타유동금융자산
20,046,500,000
100,000,000
4,887,311,513
파생상품자산
-
71,301,535
-
당기법인세자산
3,884,660
25,317,150
7,865,210
매각예정자산
1,577,750,400
-
-
[비유동자산]
35,410,170,843
44,242,893,335
40,905,169,664
장기매출채권 및 기타비유동채권
828,088,260
832,035,243
507,792,237
기타비유동금융자산
515,778,361
6,744,099,381
1,454,825,746
관계기업에대한투자자산
-
-
6,437,384
유형자산
24,898,744,415
21,169,937,201
32,373,267,200
투자부동산
8,250,000,000
11,457,750,400
1,332,320,000
사용권자산
219,703,430
94,087,857
1,149,108,091
영업권
-
1,657,418,915
1,657,418,915
영업권외무형자산
697,856,377
2,287,564,338
2,424,000,091
자산총계
77,189,379,742
57,066,216,669
55,733,158,371
[유동부채]
42,622,779,975
37,943,072,006
35,333,578,103
[비유동부채]
4,134,256,021
4,882,879,823
4,465,276,901
부채총계
46,757,035,996
42,825,951,829
39,798,855,004
[납입자본]
37,765,925,082
14,304,276,095
13,856,854,341
자본금
6,211,411,000
4,590,509,600
4,575,694,800
주식발행초과금
31,554,514,082
9,713,766,495
9,281,159,541
[기타자본구성요소]
19,242,778,361
1,189,700,404
(2,847,035,041)
[이익잉여금]
(26,576,359,697)
(1,253,711,659)
4,924,484,067
자본총계
30,432,343,746
14,240,264,840
15,934,303,367
구분
제 10(당) 기말
제 9(전) 기말
제 8(전전) 기말
2023.1.1~2023.12.31
2022.1.1~2022.12.31
2021.1.1~2021.12.31
매출액
37,252,698,975
26,575,597,422
32,837,392,557
영업이익(손실)
(4,787,408,536)
(7,338,010,988)
(5,446,242,441)
당기순이익(순손실)
(24,239,257,279)
(6,356,187,227)
(4,872,332,561)
기본주당이익(손실) (원)
(2,577)
(595)
(161)
희석주당이익(손실) (원)
(2,577)
(595)
(196)
연결에 포함된 회사 수
1
1
3
주) ()는 負의 표시입니다.
나. 별도 요약 재무정보
(단위: 원)
구분
제 10(당) 기말
제 9(전) 기말
제 8(전전) 기말
2023년 12월말
2022년 12월말
2021년 12월말
[유동자산]
41,774,294,415
12,648,757,009
14,045,274,900
현금및현금성자산
8,183,467,553
2,954,278,262
721,194,198
매출채권 및 기타유동채권
7,403,567,763
3,908,340,675
4,816,798,213
재고자산
4,559,138,499
5,589,533,847
3,612,141,846
기타유동금융자산
20,046,500,000
100,000,000
4,887,311,513
파생상품자산
-
71,301,535
-
당기법인세자산
3,870,200
25,302,690
7,829,130
매각예정자산
1,577,750,400
-
-
[비유동자산]
35,410,170,843
44,380,085,492
40,298,046,603
장기매출채권 및 기타비유동채권
828,088,260
832,035,243
507,492,237
기타비유동금융자산
515,778,361
6,744,099,381
1,454,825,746
종속기업과 관계기업에 대한 투자자산
-
150,000,000
877,510,810
유형자산
24,898,744,415
21,157,129,358
28,356,748,596
투자부동산
8,250,000,000
11,457,750,400
4,790,320,000
사용권자산
219,703,430
94,087,857
235,542,208
영업권
-
1,657,418,915
1,657,418,915
영업권외무형자산
697,856,377
2,287,564,338
2,418,188,091
자산총계
77,184,465,258
57,028,842,501
54,343,321,503
[유동부채]
42,704,023,177
38,040,872,226
35,139,627,745
[비유동부채]
4,134,256,021
4,882,879,823
4,310,045,214
부채총계
46,838,279,198
42,923,752,049
39,449,672,959
[납입자본]
37,765,925,082
14,304,276,095
13,856,854,341
자본금
6,211,411,000
4,590,509,600
4,575,694,800
주식발행초과금
31,554,514,082
9,713,766,495
9,281,159,541
[기타자본구성요소]
18,226,901,025
912,183,766
(3,129,092,717)
[이익잉여금]
(25,646,640,047)
(1,111,369,409)
4,165,886,920
자본총계
30,346,186,060
14,105,090,452
14,893,648,544
종속·관계·공동기업 투자주식의 평가방법
원가법
원가법
원가법
구분
제 10(당) 기말
제 9(전) 기말
제 8(전전) 기말
2023.1.1~2023.12.31
2022.1.1~2022.12.31
2021.1.1~2021.12.31
매출액
37,184,959,363
26,173,118,383
31,817,433,826
영업이익(손실)
(4,590,145,798)
(6,634,634,968)
(4,549,602,638)
당기순이익(순손실)
(24,467,757,215)
(5,455,247,830)
(5,968,420,295)
기본주당이익(손실) (원)
(2,601)
(605)
(142)
희석주당이익(손실) (원)
(2,601)
(605)
(142)
주) ()는 負의 표시입니다.