코람코라이프인프라리츠 / 2024.02.08 사업보고서
1. 요약재무정보
(단위 : 원)
구분
제7기 기말
(2023년 11월 30일)
제6기 기말
(2023년 05월 31일)
제5기 기말
(2022년 11월 30일)
1. 유동자산
33,018,404,918
70,124,724,288
89,315,266,489
2. 비유동자산
1,227,138,562,458
1,187,515,143,461
1,190,269,451,393
자산총계
1,260,156,967,376
1,257,639,867,749
1,279,584,717,882
1. 유동부채
19,741,628,800
16,134,438,479
15,221,419,084
2. 비유동부채
784,173,773,024
778,269,443,404
799,269,964,071
부채총계
803,915,401,824
794,403,881,883
814,491,383,155
1. 자본금
44,267,237,000
44,267,237,000
44,267,237,000
2. 이익잉여금
(6,313,387,012)
681,033,302
2,546,159,853
자본총계
456,241,565,552
463,235,985,866
465,093,334,727
구분
(2023.06.01 ~ 2023.11.30)
(2022.12.01 ~ 2023.05.31)
(2022.06.01 ~ 2022.11.30)
영업수익
31,480,225,980
35,667,675,944
34,376,966,181
영업이익 (손실)
18,120,543,978
25,411,172,407
23,570,776,691
당기순이익
10,740,823,332
13,700,708,129
11,548,987,502
주당순이익
121
155
130