디어유 / 2024.03.19 사업보고서 25. 11. 13. 오후 1:23
디어유/사업보고서/2024.03.19
1. 요약재무정보
(단위: 원)
과 목
제7기
(2023년말)
제6기
(2022년말)
제5기
(2021년말)
Ⅰ.유동자산
147,354,844,557
134,888,840,345
106,042,325,349
현금및현금성자산
56,838,904,303
84,108,438,276
26,825,043,614
단기금융상품
61,595,292,151
31,551,057,397
60,000,000,000
매출채권
6,932,106,645
3,622,174,746
3,302,480,967
기타채권
15,456,389,998
13,646,293,596
15,266,746,276
기타유동자산
6,532,151,460
834,460,330
648,054,492
당기법인세자산
-
1,126,416,000
-
Ⅱ.비유동자산
43,257,975,463
17,652,435,809
27,513,658,146
기타포괄손익-공정가치금융자산
4,775,595,667
-
-
관계기업투자
172,246,740
-
-
유형자산
3,446,372,968
216,373,161
166,689,553
무형자산
9,931,077,315
7,270,921,298
7,324,377,745
사용권자산
4,486,893,026
260,397,635
294,325,429
기타비유동자산
16,886,693,451
614,819,536
291,200,000
이연법인세자산
3,559,096,296
9,289,924,179
19,437,065,419
자산총계
190,612,820,020
152,541,276,154
133,555,983,495
Ⅰ.유동부채
16,856,358,234
11,048,726,578
9,256,568,608
Ⅱ.비유동부채
4,243,008,369
267,066,892
723,777,962
부채총계
21,099,366,603
11,315,793,470
9,980,346,570
Ⅰ.자본금
11,869,203,000
11,792,315,500
10,988,583,000
Ⅱ.자본잉여금
162,282,093,691
159,005,029,718
150,740,111,086
Ⅲ.기타자본항목
10,282,823,019
11,161,110,688
19,205,234,012
Ⅳ.기타포괄손익누계액
(145,156,538)
-
-
Ⅴ.미처리결손금
(14,775,509,755)
(40,732,973,222)
(57,358,291,173)
자본총계
169,513,453,417
141,225,482,684
123,575,636,925
과 목
제7기
(2023년)
제6기
(2022년)
제5기
(2021년)
영업수익
75,691,871,495
49,193,860,961
40,000,767,156
영업비용
47,066,038,607
32,908,247,372
26,759,974,104
영업이익
28,625,832,888
16,285,613,589
13,240,793,052
당기순이익(손실)
26,189,623,258
16,396,183,704
(25,232,229,502)
기본주당이익(손실)
1,104
732
(-)1,436
주1) 2021년 2월 5일 개최된 임시주주총회에서 1주당 금액이 5,000원에서 500원으로 액 면분할의결하였고, 분할기준일은 2021년 3월 6일이며, 기본주당이익은 액면분할 효 과를 반영하여 작성되었습니다.
https://dart.fss.or.kr/dsaf001/main.do?rcpNo=20240319000270
1/1