S-Oil / 2024.03.20 사업보고서
1. 요약재무정보
가. 요약연결재무정보
(단위 : 원)
구분
제49기
제48기
제47기
(2023.12.31)
(2022.12.31)
(2021.12.31)
[유동자산]
9,647,760,000,000
9,205,981,000,000
8,377,423,000,000
ㆍ현금 및 현금성자산
1,963,279,000,000
1,310,326,000,000
1,945,526,000,000
자산총계
21,576,123,000,000
19,613,135,000,000
18,693,235,000,000
[유 동 부 채]
9,254,520,000,000
8,213,158,000,000
8,505,027,000,000
[비유동부채]
3,284,038,000,000
2,916,508,000,000
3,200,166,000,000
부채총계
12,538,558,000,000
11,129,666,000,000
11,705,193,000,000
[자본금]
291,512,000,000
291,512,000,000
291,512,000,000
[이익잉여금]
7,379,599,000,000
6,828,520,000,000
5,333,742,000,000
[소수주주지분]
-
-
-
자본총계
9,037,565,000,000
8,483,469,000,000
6,988,042,000,000
(2023.01.01~ 2023.12.31)
(2022.01.01~ 2022.12.31)
(2021.01.01~ 2021.12.31)
매출액
35,726,694,000,000
42,446,028,000,000
27,463,918,000,000
영업이익 (손실)
1,354,582,000,000
3,405,166,000,000
2,140,942,000,000
법인세비용 차감전 순이익 (손실)
1,131,705,000,000
2,898,542,000,000
1,878,020,000,000
당기순이익 (손실)
948,848,000,000
2,104,387,000,000
1,378,541,000,000
지배회사지분순이익
948,848,000,000
2,104,387,000,000
1,378,541,000,000
소수주주(비지배회사)지분순이익
-
-
-
보통주 기본 및 희석주당이익
8,149
18,075
11,840
우선주 기본 및 희석주당이익
8,174
18,100
11,865