한화시스템 / 2024.05.16 [정정] 사업보고서
1. 요약재무정보
가. 요약 연결 재무정보
(단위 : 원)
연결기준
제 24기
제 23기
제 22기
2023년 12월말
2022년 12월말
2021년 12월말
유동자산
1,890,140,000,000
2,326,840,000,000
2,676,109,000,000
비유동자산
2,593,071,000,000
1,618,788,000,000
1,218,194,000,000
자산총계
4,483,211,000,000
3,945,628,000,000
3,894,303,000,000
유동부채
1,951,415,000,000
1,618,536,000,000
1,363,163,000,000
비유동부채
377,670,000,000
308,140,000,000
291,378,000,000
부채총계
2,329,085,000,000
1,926,676,000,000
1,654,541,000,000
자본금
944,597,000,000
944,597,000,000
944,597,000,000
이익잉여금
212,472,000,000
116,925,000,000
224,730,000,000
비지배지분
14,308,000,000
18,613,000,000
17,263,000,000
자본총계
2,154,126,000,000
2,018,952,000,000
2,239,761,000,000
관계 공동기업 투자주식의 평가방법
지분법
지분법
지분법
2023.01.01~2023.12.31
2022.01.01~2022.12.31
2021.01.01~2021.12.31
매출액
2,453,080,000,000
2,187,980,000,000
2,089,503,000,000
영업이익
92,871,000,000
39,088,000,000
112,509,000,000
당기순이익(손실)
343,083,000,000
(80,760,000,000)
97,878,000,000
지배회사지분순이익(손실)
349,221,000,000
(76,556,000,000)
98,315,000,000
주당순이익(손실)
1,864
(409)
642
희석주당순이익(손실)
1,864
(409)
642
연결에 포함된 회사수
11개
11개
8개