강남제비스코 / 2024.03.20 사업보고서
1. 요약재무정보
가. 요약연결재무정보
(단위 : 원)
구분
제72기
제71기
제70기
(2023년 12월말)
(2022년 12월말)
(2021년 12월말)
[유동자산]
329,043,000,000
318,471,000,000
296,850,000,000
ㆍ현금및현금성자산
85,760,000,000
79,303,000,000
66,521,000,000
[비유동자산]
656,644,000,000
639,320,000,000
607,161,000,000
자산총계
985,687,000,000
957,791,000,000
904,011,000,000
[유동부채]
220,271,000,000
190,999,000,000
134,446,000,000
[비유동부채]
73,318,000,000
87,946,000,000
107,638,000,000
부채총계
293,589,000,000
278,945,000,000
242,084,000,000
[이익잉여금]
537,300,000,000
531,251,000,000
520,421,000,000
[비지배지분]
81,639,000,000
77,325,000,000
71,202,000,000
자본총계
692,098,000,000
678,846,000,000
661,927,000,000
(2023.1.1~2023.12.31)
(2022.1.1~2022.12.31)
(2021.1.1~2021.12.31)
매출액
683,789,000,000
673,166,000,000
590,984,000,000
영업이익(손실)
23,168,000,000
4,405,000,000
(12,720,000,000)
당기순이익
21,726,000,000
11,667,000,000
47,442,000,000
지배기업지분에대한주당이익
2,541
952
6,948
연결에 포함된 회사수
12
11
11
※ 당기 연결에 포함된 회사수는 강남제비스코(주), 종속회사 6개사 및 관계기업 5개
사입니다.
※ 2023년 4월 공동기업인 케이에스첨단소재(주)가 관계기업에 추가되었습니다.