DXVX / 2024.03.20 사업보고서
1. 요약재무정보
가. 요약연결재무정보
(단위 : 원)
구분
제23기 당기
제22기
제21기
[유동자산]
28,786,581,879
38,664,986,857
5,750,420,353
[비유동자산]
71,149,330,195
47,285,787,735
35,504,135,757
[자산총계]
99,935,912,074
85,950,774,592
41,254,556,110
[유동부채]
57,506,141,571
31,663,134,042
5,625,318,328
[비유동부채]
13,633,277,187
19,936,943,606
1,851,469,537
[부채총계]
71,139,418,758
51,600,077,648
7,476,787,865
[지배기업의 소유주에게 귀속되는 자본]
21,173,691,934
33,974,374,844
35,437,822,562
[자본금]
15,109,716,000
14,346,442,500
14,346,442,500
[결손금]
(73,631,880,974)
(45,596,064,055)
(45,878,461,763)
[비지배지분]
7,622,801,382
376,322,100
(1,660,054,317)
[자본총계]
28,796,493,316
34,350,696,944
33,777,768,245
2023년 01월~12월
2022년 01월~12월
2021년 01월~12월
[매출액]
46,745,087,441
32,184,379,157
7,470,297,103
[영업이익(손실)]
(12,084,041,763)
2,634,286,404
(3,713,129,401)
[당기순이익(손실)]
(27,836,035,041)
(969,805,407)
(7,884,203,324)
[당기총포괄손익(손실)]
(26,039,749,229)
(8,746,490,586)
(6,775,025,344)
[주당순손익]
계속영업 기본 및 희석주당이익(손실)
(929)
(54)
(276)
중단영업 기본 및 희석주당이익(손실)
-
27
(22)