TS트릴리온 / 2024.03.22 사업보고서
1. 요약재무정보
※ 한국채택국제회계기준(K-IFRS) 작성기준에 따라 작성되었습니다
가. 요약 연결 재무정보
(단위:원)
구분
제5기
제4기
제3기
2023년 12월말
2022년 12월말
2021년 12월말
[유동자산]
11,047,752,353
13,069,962,461
16,837,934,338
ㆍ당좌자산
4,336,485,340
5,460,396,933
8,001,711,908
ㆍ재고자산
6,711,267,013
7,609,565,528
8,836,222,430
[비유동자산]
65,824,321,221
55,246,663,865
48,599,037,144
ㆍ투자자산
751,893,700
1,539,486,000
2,679,085,752
ㆍ유형자산
65,063,728,193
53,600,145,203
45,744,926,768
ㆍ무형자산
-
98,333,334
2,000
ㆍ기타비유동자산
8,699,328
8,699,328
175,022,624
자산총계
76,872,073,574
68,316,626,326
65,436,971,482
[유동부채]
47,549,139,837
49,464,241,084
29,716,431,314
[비유동부채]
2,725,528,704
1,418,186,402
20,853,244,579
부채총계
50,274,668,541
50,882,427,486
50,569,675,893
지배기업의 소유주지분
26,597,405,033
17,856,158,622
15,084,643,621
[자본금]
9,660,262,500
9,444,762,500
9,267,903,500
[자본잉여금]
14,531,426,780
13,753,070,565
8,417,740,300
[기타자본]
(848,079,652)
(954,106,562)
(1,424,462,660)
[기타포괄손익누계액]
16,002,283,923
6,767,924,541
-
[이익잉여금]
(12,748,488,518)
(11,155,492,422)
(1,176,537,519)
비지배지분
-
(421,959,782)
(217,348,032)
자본총계
26,597,405,033
17,434,198,840
14,867,295,589
2023.01.01~ 2023.12.31
2022.01.01~ 2022.12.31
2021.01.01~ 2021.12.31
종속,관계,공동기업 투자주식의 평가방법
지분법
지분법
지분법
매출액
39,984,448,895
62,925,391,613
49,870,571,653
영업이익
1,226,031,443
(5,813,535,569)
(7,640,072,243)
법인세비용차감전순이익
(1,466,491,297)
(10,723,111,772)
(7,419,487,403)
법인세비용
126,504,799
(539,545,119)
(592,957,465)
당기순이익
(1,592,996,096)
(10,183,566,653)
(6,826,529,938)
기타포괄이익
9,234,359,382
6,767,924,541
-
총포괄손익
7,641,363,286
(3,415,642,112)
(6,826,529,938)
주당순이익
(17)
(107)
(80)
연결에 포함된 회사 수(단위:개)
3
3
3
나. 요약 별도 재무정보
(단위:원)
구분
제5기
제4기
제3기
2023년 12월말
2022년 12월말
2021년 12월말
[유동자산]
10,685,229,372
11,793,047,327
14,069,783,451
ㆍ당좌자산
4,116,282,455
4,717,529,100
6,669,187,444
ㆍ재고자산
6,568,946,917
7,075,518,227
7,400,596,007
[비유동자산]
66,237,367,850
55,547,623,874
48,880,976,865
ㆍ투자자산
6,159,451,269
2,163,794,356
3,268,340,762
ㆍ유형자산
60,069,217,253
53,375,130,190
45,437,613,479
ㆍ기타비유동자산
8,699,328
8,699,328
175,022,624
자산총계
76,922,597,222
67,340,671,201
62,950,760,316
[유동부채]
48,437,955,841
49,551,646,957
28,733,112,827
[비유동부채]
2,775,887,100
1,519,554,485
20,852,270,677
부채총계
51,213,842,941
51,071,201,442
49,585,383,504
[자본금]
9,660,262,500
9,444,762,500
9,267,903,500
[자본잉여금]
14,531,426,780
13,753,070,565
8,417,740,300
[기타자본]
(848,079,652)
(954,106,562)
(1,424,462,660)
[기타포괄손익누계액]
16,009,088,938
6,767,924,541
-
[이익잉여금]
(13,643,944,285)
(12,742,181,285)
(2,895,804,328)
자본총계
25,708,754,281
16,269,469,759
13,365,376,812
2023.01.01~ 2023.12.31
2022.01.01~ 2022.12.31
2021.01.01~ 2021.12.31
종속,관계,공동기업 투자주식의 평가방법
지분법
지분법
지분법
매출액
39,642,319,025
60,048,029,011
47,232,888,450
영업이익
1,583,599,698
(5,361,474,023)
(4,983,492,433)
법인세비용차감전순이익
(776,267,888)
(10,385,303,516)
(7,843,104,130)
법인세비용
125,495,112
(538,926,559)
(609,179,790)
당기순이익
(901,763,000)
(9,846,376,957)
(7,233,924,340)
주당순이익
(10)
(106)
(80)