두산 / 2024.03.20 사업보고서
1. 요약재무정보
가. 요약연결재무정보
(단위 : 원)
구분
제 87기
제 86기
제 85기
(2023년 12월 말)
(2022년 12월 말)
(2021년 12월 말)
[유동자산]
11,446,328,000,000
9,526,315,000,000
9,877,148,000,000
ㆍ현금및현금성자산
3,539,167,000,000
2,074,186,000,000
2,235,105,000,000
[비유동자산]
16,840,481,000,000
16,789,037,000,000
16,068,677,000,000
자산총계
28,286,809,000,000
26,315,352,000,000
25,945,825,000,000
[유동부채]
11,438,852,000,000
9,478,485,000,000
12,009,372,000,000
[비유동부채]
5,641,218,000,000
6,539,051,000,000
5,526,334,000,000
부채총계
17,080,070,000,000
16,017,536,000,000
17,535,706,000,000
[자본금]
123,738,000,000
123,738,000,000
123,738,000,000
[이익잉여금]
207,970,000,000
669,451,000,000
1,383,279,000,000
[비지배주주지분]
9,582,616,000,000
8,507,084,000,000
6,331,976,000,000
자본총계
11,206,738,000,000
10,297,816,000,000
8,410,119,000,000
(2023.1.1 ~ 2023.12.31)
(2022.1.1 ~ 2022.12.31)
(2021.1.1 ~ 2021.12.31)
매출액
19,130,130,000,000
16,995,760,000,000
12,851,486,000,000
영업이익
1,436,262,000,000
1,126,029,000,000
921,057,000,000
당기순이익(손실)
272,074,000,000
(581,169,000,000)
648,816,000,000
지배기업 소유주지분
(388,279,000,000)
(696,399,000,000)
203,909,000,000
보통주기본주당순이익(원)
(21,823)
(39,132)
11,446
연결에 포함된 회사수
93
95
102
나. 요약재무정보
(단위 : 원)
구분
제87기
제86기
제85기
(2023년 12월 말)
(2022년 12월 말)
(2021년 12월 말)
[유동자산]
625,971,000,000
791,840,000,000
1,067,962,000,000
[비유동자산]
4,288,647,000,000
4,220,971,000,000
4,240,325,000,000
자산총계
4,914,618,000,000
5,012,811,000,000
5,308,287,000,000
[유동부채]
1,209,098,000,000
779,951,000,000
1,584,690,000,000
[비유동부채]
675,316,000,000
1,049,343,000,000
677,187,000,000
부채총계
1,884,414,000,000
1,829,294,000,000
2,261,877,000,000
[자본금]
123,738,000,000
123,738,000,000
123,738,000,000
[이익잉여금]
3,232,285,000,000
3,388,478,000,000
3,244,924,000,000
자본총계
3,030,203,000,000
3,183,517,000,000
3,046,410,000,000
(2023.1.1~2023.12.31)
(2022.1.1~2022.12.31)
(2021.1.1~2021.12.31)
영업수익
987,053,000,000
1,077,195,000,000
967,465,000,000
영업이익
24,587,000,000
72,361,000,000
66,617,000,000
당기순이익
(111,873,000,000)
175,466,000,000
410,822,000,000
보통주기본주당순이익(원)
(6,295)
9,848
23,070