압타바이오 / 2024.04.30 [정정] 사업보고서
1. 요약재무정보
당사의 재무제표는 한국채택국제회계기준(K-IFRS)에 따라 작성되었습니다.
- 요약연결재무정보
(단위 : 원)
과 목
제 15 기
제 14 기
제 13 기
(2023년 12월말)
(2022년 12월말)
(2021년 12월말)
유동자산
57,474,395,833
20,419,014,895
23,776,984,894
현금및현금성자산
25,016,257,630
1,989,091,824
6,566,400,985
자산총계
92,519,116,337
56,113,732,215
64,910,601,187
유동부채
817,953,026
1,040,016,820
787,571,785
비유동부채
30,337,772,036
2,704,214,433
2,457,986,131
부채총계
31,155,725,062
3,744,231,253
3,245,557,916
자본금
11,668,220,000
11,149,433,000
11,098,233,000
이익잉여금
(80,713,198,609)
(68,473,217,712)
(58,202,734,734)
자본총계
61,363,391,275
52,369,500,962
61,665,043,271
(2023.01.01 ~ 2023.12.31)
(2022.01.01 ~ 2022.12.31)
(2021.01.01 ~ 2021.12.31)
매출액
323,868,818
48,352,850
223,676,750
영업이익(손실)
(16,373,536,399)
(9,506,765,792)
(11,366,984,785)
법인세비용차감전 순이익(손실)
(14,691,845,125)
(10,564,737,257)
(10,689,063,169)
당기순이익(손실)
(12,061,643,748)
(10,564,737,257)
(10,689,063,169)
기본및희석주당이익(손실)
(532)
(474)
(712)