더블유게임즈 / 2024.03.20 사업보고서
1. 요약재무정보
가. 요약 연결재무정보
(단위 : 원)
구분
제12기
제11기
제10기
2023년 12월말
2022년 12월말
2021년 12월말
[유동자산]
582,504,000,000
572,611,000,000
527,871,000,000
현금및현금성자산
298,476,000,000
302,723,000,000
183,882,000,000
자산총계
1,287,800,000,000
1,235,636,000,000
1,381,904,000,000
[유동부채]
62,410,000,000
205,744,000,000
102,525,000,000
[비유동부채]
28,665,000,000
23,595,000,000
94,552,000,000
부채총계
91,075,000,000
229,339,000,000
197,077,000,000
자본금
9,187,000,000
9,187,000,000
9,187,000,000
이익잉여금
531,162,000,000
399,142,000,000
543,248,000,000
[비지배주주지분]
325,140,000,000
276,855,000,000
342,174,000,000
자본총계
1,196,725,000,000
1,006,297,000,000
1,184,827,000,000
구분
(2023.01.01~ 2023.12.31)
(2022.01.01~ 2022.12.31)
(2021.01.01~ 2021.12.31)
매출액
582,334,000,000
617,262,000,000
624,061,000,000
영업이익
213,292,000,000
183,857,000,000
190,364,000,000
(연결)당기순이익
192,895,000,000
(221,064,000,000)
156,282,000,000
주) 상기 재무정보는 한국채택국제회계기준(K-IFRS)에 따라 작성되었습니다.