기아 / 2024.03.12 [정정] 사업보고서
1. 요약재무정보
가. 요약연결재무정보
(단위 : 원)
구분
제80기
제79기
제78기
[유동자산]
37,466,302,000,000
34,147,147,000,000
29,205,483,000,000
현금및현금성자산
14,353,142,000,000
11,553,972,000,000
11,533,710,000,000
[비유동자산]
43,161,524,000,000
39,563,818,000,000
37,644,514,000,000
자산총계
80,627,826,000,000
73,710,965,000,000
66,849,997,000,000
[유동부채]
25,674,105,000,000
25,377,803,000,000
21,562,636,000,000
[비유동부채]
8,395,486,000,000
8,990,081,000,000
10,374,805,000,000
부채총계
34,069,591,000,000
34,367,884,000,000
31,937,441,000,000
[지배회사소유주지분]
46,552,384,000,000
39,337,938,000,000
34,910,429,000,000
보통주자본금
2,139,317,000,000
2,139,317,000,000
2,139,317,000,000
이익잉여금
43,270,759,000,000
36,320,754,000,000
31,682,932,000,000
[비지배지분]
5,851,000,000
5,143,000,000
2,127,000,000
자본총계
46,558,235,000,000
39,343,081,000,000
34,912,556,000,000
매출액
99,808,420,000,000
86,559,029,000,000
69,862,366,000,000
영업이익
11,607,873,000,000
7,233,120,000,000
5,065,685,000,000
당기순이익
8,777,817,000,000
5,408,976,000,000
4,760,311,000,000
지배회사소유주지분순이익
8,776,970,000,000
5,409,429,000,000
4,760,450,000,000
기본주당순이익(원)
22,168
13,495
11,874
연결에 포함된 회사수
24
24
24