STX엔진 / 2024.03.20 사업보고서
1. 요약재무정보
가. 요약연결재무정보
(단위 : 원)
과목
제20기
(2023년)
제19기
(2022년)
제18기
(2021년)
Ⅰ. 유동자산
490,899,000,000
468,460,000,000
427,101,000,000
현금및현금성자산
86,616,000,000
88,277,000,000
104,687,000,000
매출채권
131,418,000,000
96,745,000,000
92,653,000,000
계약자산
6,051,000,000
12,431,000,000
16,551,000,000
선급금
53,735,000,000
47,238,000,000
22,378,000,000
재고자산
205,831,000,000
188,620,000,000
181,566,000,000
기타자산
7,248,000,000
35,149,000,000
9,266,000,000
Ⅱ. 비유동자산
408,236,000,000
384,928,000,000
410,379,000,000
유형자산
276,836,000,000
277,601,000,000
294,844,000,000
무형자산
15,207,000,000
8,804,000,000
10,813,000,000
관계기업투자자산
0
0
0
기타자산
116,192,000,000
98,523,000,000
104,722,000,000
Ⅲ. 매각예정자산
0
0
0
자산총계
899,134,000,000
853,388,000,000
837,480,000,000
Ⅰ. 유동부채
577,722,000,000
539,906,000,000
490,794,000,000
Ⅱ. 비유동부채
61,778,000,000
53,237,000,000
62,711,000,000
부채총계
639,500,000,000
593,143,000,000
553,505,000,000
Ⅰ. 지배기업주주지분
259,634,000,000
260,245,000,000
283,975,000,000
자본금
69,141,000,000
69,141,000,000
69,141,000,000
신종자본증권
94,351,000,000
94,351,000,000
94,351,000,000
자본잉여금
471,577,000,000
471,577,000,000
471,577,000,000
기타자본구성요소
(5,202,000,000)
(5,202,000,000)
(5,202,000,000)
기타포괄손익누계액
49,573,000,000
50,330,000,000
50,061,000,000
이익잉여금
(419,806,000,000)
(419,952,000,000)
(395,953,000,000)
Ⅱ. 비지배지분
0
0
0
자본총계
259,634,000,000
260,245,000,000
283,975,000,000
종속,관계,공동기업 투자주식의 평가방법
원가법
원가법
원가법
연결대상회사 수
4
4
4
2023.01.01~2023.12.31
2022.01.01~2022.12.31
2021.01.01~2021.12.31
Ⅰ.매출액
630,377,000,000
544,021,000,000
493,455,000,000
Ⅱ.영업이익
18,868,000,000
(8,816,000,000)
3,644,000,000
Ⅲ.법인세비용차감전순이익(손실)
7,657,000,000
(28,410,000,000)
(2,090,000,000)
Ⅳ.계속영업당기순이익
5,685,000,000
(26,683,000,000)
1,005,000,000
Ⅴ.중단영업당기순이익
0
Ⅵ.당기순이익
5,685,000,000
(26,683,000,000)
1,005,000,000
Ⅶ.당기순이익의 귀속
지배회사지분순이익
5,685,000,000
(26,683,000,000)
1,005,000,000
소수주주지분순이익
0
Ⅷ. 지배기업 소유주 지분에 대한 주당이익
기본주당순이익(원)
167
(999)
2
희석주당순이익(원)
142
(999)
2
주1) 상기 연결재무제표는 한국채택국제회계기준에 따라 작성하였습니다.
주2) 연결재무제표 작성기준, 주요 회계정책은 주석을 참조하시기 바랍니다.