지에스이 / 2024.03.15 사업보고서
1. 요약재무정보
가. 요약 재무상태표
(단위 : 원)
구분
제35기
제34기
제33기
[유동자산]
64,758,779,000
63,467,795,000
39,003,803,000
ㆍ현금및현금성자산
5,475,855,000
9,625,730,000
8,505,410,000
ㆍ매출채권및기타채권
38,526,644,000
39,988,154,000
27,783,982,000
ㆍ재고자산
173,289,000
175,131,000
209,850,000
자산총계
209,399,149,000
204,667,325,000
179,709,545,000
[유동부채]
52,076,993,000
55,820,168,000
40,958,661,000
[비유동부채]
64,713,572,000
60,227,164,000
55,517,645,000
부채총계
116,790,565,000
116,047,332,000
96,476,306,000
[자본금]
15,304,358,000
15,304,358,000
15,304,358,000
[이익잉여금]
45,016,928,000
41,028,337,000
35,641,583,000
자본총계
92,608,584,000
88,619,993,000
83,233,239,000
나. 요약 포괄손익계산서
(단위 : 원)
구분
제35기
제34기
제33기
매출액
168,759,675,000
172,618,318,000
128,702,990,000
영업이익
4,381,368,000
4,625,408,000
4,629,409,000
당기순이익
5,588,427,000
5,902,330,000
4,075,223,000
총포괄손익
5,188,095,000
6,586,257,000
4,245,841,000
기본주당순이익 (원)
186
197
144