그린플러스 / 2024.03.18 사업보고서
1. 요약재무정보
가. 요약 연결재무상태표
(단위: 원)
구 분
제 27기
제 26기
제 25 기
(2023년 12월말)
(2022년 12월말)
(2021년 12월말)
[유동자산]
34,348,000,000
48,455,000,000
62,126,000,000
[비유동자산]
62,898,000,000
57,519,000,000
39,531,000,000
자산총계
97,246,000,000
105,974,000,000
101,657,000,000
[유동부채]
39,882,000,000
31,128,000,000
23,786,000,000
[비유동부채]
11,263,000,000
14,126,000,000
17,063,000,000
부채총계
51,145,000,000
45,254,000,000
40,849,000,000
[자본금]
5,927,000,000
5,927,000,000
5,927,000,000
[이익잉여금]
(10,241,000,000)
3,790,000,000
6,486,000,000
[비지배지분]
(294,000,000)
196,000,000
422,000,000
자본총계
46,101,000,000
60,720,000,000
60,808,000,000
과 목
2023년 1월 1일 ~ 2023년 12월 31일
2022년 1월 1일 ~ 2022년 12월 31일
2021년 1월 1일 ~ 2021년 12월 31일
매출액
58,874,000,000
83,007,000,000
83,237,000,000
영업이익
(8,208,000,000)
3,597,000,000
5,095,000,000
당기순이익
(15,330,000,000)
(3,517,000,000)
(4,744,000,000)
총포괄이익(손실)
(15,424,000,000)
(588,000,000)
(4,659,000,000)
기본주당순이익(원)
(1,305)
(252)
(398)
희석주당순손익(원)
(1,313)
(296)
(398)