엔비티 / 2024.03.21 사업보고서
1. 요약재무정보
가. 요약연결재무정보
(단위 : 원)
사업연도
2023년
2022년
2021년
구분
(제12기)
(제11기)
(제10기)
회계처리 기준
K-IFRS
K-IFRS
K-IFRS
유동자산
26,501,177,155,000
32,204,759,431,000
38,009,411,682,000
현금및현금성자산
10,401,438,499,000
16,313,157,141,000
16,853,245,389,000
매출채권및기타수취채권
9,914,508,859,000
9,711,308,321,000
11,237,605,038,000
재고자산
35,781,875,000
30,840,276,000
101,807,862,000
비유동자산
48,666,994,573,000
51,137,121,851,000
42,537,734,315,000
유형자산
4,969,995,967,000
6,203,591,108,000
31,608,530,374,000
무형자산
1,058,756,384,000
663,041,456,000
2,089,519,713,000
자산총계
75,168,171,728,000
83,341,881,282,000
80,547,145,997,000
유동부채
39,579,955,965,000
18,782,216,806,000
16,689,562,144,000
매입채무및기타지급채무
12,796,037,982,000
14,332,118,202,000
12,834,295,881,000
차입부채
22,885,926,900,000
1,327,820,000,000
1,314,350,000,000
비유동부채
3,659,918,387,000
27,365,860,590,000
22,706,881,047,000
부채총계
43,239,874,352,000
46,148,077,396,000
39,396,443,191,000
자본금
1,697,542,600,000
1,697,542,600,000
848,771,300,000
자본잉여금
27,550,549,878,000
34,550,549,878,000
45,420,272,858,000
이익잉여금(결손금)
8,436,183,099,000
4,410,894,198,000
(5,119,856,968,000)
자본총계
31,928,297,376,000
37,193,803,886,000
41,150,702,806,000
부채와자본총계
75,168,171,728,000
83,341,881,282,000
80,547,145,997,000
2023년 1월~12월
2022년 1월~12월
2021년 1월~12월
영업수익
106,657,978,596,000
108,210,873,733,000
82,406,274,002,000
영업손익
(2,766,359,798,000)
2,279,310,361,000
3,143,199,280,000
연결당기순이익(손실)
(2,974,711,099,000)
(469,248,834,000)
1,698,056,940,000
총포괄이익(손실)
(2,993,721,100,000)
(443,118,720,000)
1,779,407,654,000
기본주당순이익(손실)(단위 : 원)
(182)
(28)
101
연결에 포함된 회사수
5개
6개
6개