조광페인트 / 2024.03.20 사업보고서
1. 요약재무정보
가. 요약연결재무정보
(단위 : 원)
구분
제57기
제56기
제55기
2023년 12월말
2022년 12월말
2021년 12월말
[유동자산]
109,471,177,683
129,950,150,559
108,882,592,239
ㆍ현금및현금성자산
13,972,490,905
20,062,926,501
4,347,329,391
ㆍ매출채권
45,828,409,910
49,028,976,398
48,603,018,435
ㆍ재고자산
47,070,120,283
57,856,703,811
53,177,397,752
[비유동자산]
273,336,819,763
256,158,061,501
238,142,709,775
ㆍ유형자산
207,065,282,403
200,540,831,314
178,945,314,186
ㆍ투자부동산
17,230,061,868
17,231,359,740
17,232,651,540
ㆍ무형자산
3,673,031,759
2,049,397,389
1,861,989,146
자산총계
382,807,997,446
386,108,212,060
347,025,302,014
[유동부채]
106,679,639,944
125,528,751,765
91,473,584,778
[비유동부채]
100,831,894,915
90,846,497,718
81,039,849,632
부채총계
207,511,534,859
216,375,249,483
172,513,434,410
[자본금]
6,400,000,000
6,400,000,000
6,400,000,000
[이익잉여금]
138,234,164,153
134,286,284,938
139,243,287,257
[비지배지분]
303,392,540
89,233,100
0
자본총계
175,296,462,587
169,732,962,577
174,511,867,604
(2023.01.01~ 2023.12.31)
(2022.01.01~ 2022.12.31)
(2021.01.01~ 2021.12.31.)
매출액
252,818,412,762
260,470,737,908
238,547,800,177
영업이익
3,706,462,386
(1,615,834,521)
(8,796,482,623)
법인세비용차감전순이익(손실)
4,879,313,835
(10,204,999,539)
(31,128,275,843)
당기순이익(손실)
4,760,404,223
(7,251,074,360)
(24,392,791,224)
총포괄손익
6,363,956,330
(6,834,352,823)
(26,258,552,511)
기본주당이익
468
(714)
(2,412)
희석주당이익
424
(714)
(2,412)