롯데관광개발 / 2024.03.21 사업보고서
1. 요약재무정보
가. 요약 연결재무정보
(단위 : 원)
구분
제53기
제52기
제51기
[유동자산]
80,887,000,000
61,154,000,000
91,480,000,000
ㆍ현금 및 현금성자산
33,640,000,000
28,601,000,000
60,687,000,000
[비유동자산]
1,683,224,000,000
1,741,623,000,000
1,210,945,000,000
자산총계
1,764,111,000,000
1,802,777,000,000
1,302,425,000,000
[유동부채]
1,208,747,000,000
1,027,341,000,000
240,448,000,000
[비유동부채]
489,805,000,000
543,748,000,000
1,009,289,000,000
부채총계
1,698,551,000,000
1,571,088,000,000
1,249,737,000,000
[자본금]
37,887,000,000
36,483,000,000
34,638,000,000
[이익잉여금]
(972,971,000,000)
(767,677,000,000)
(544,721,000,000)
[비지배주주지분]
(3,624,000,000)
(3,514,000,000)
(3,507,000,000)
자본총계
65,560,000,000
231,688,000,000
52,688,000,000
부채와자본총계
1,764,111,000,000
1,802,777,000,000
1,302,425,000,000
관계 ·공동기업
투자주식의 평가방법
지분법
지분법
지분법
구분
2023.01.01 ~2023.12.31
2022.01.01 ~2022.12.31
2021.01.01 ~2021.12.31
영업수익
313,548,000,000
183,671,000,000
107,072,000,000
영업이익
(60,606,000,000)
(118,720,000,000)
(131,250,000,000)
당기순이익
(202,331,000,000)
(224,708,000,000)
(200,696,000,000)
총포괄이익
(210,726,000,000)
126,241,000,000
(196,744,000,000)
주당이익
(2,721) 원
(3,136) 원
(2,895) 원
연결에 포함된 회사수
4
4
4