티와이홀딩스 / 2024.10.25 [정정] 사업보고서
1. 요약재무정보
가. 연결요약재무정보
(단위: 원)
과 목
제 4기
제 3기
제 2기
(2023.12.31)
(2022.12.31)
(2021.12.31)
유동자산
575,538,776,000
350,108,899,000
271,855,418,000
현금및현금성자산
156,831,691,000
89,436,772,000
116,465,133,000
매출채권 및 기타유동채권
178,492,249,000
160,184,514,000
37,963,346,000
유동 당기손익-공정가치측정금융자산
1,097,064,000
2,917,875,000
3,014,895,000
유동상각후원가측정유가증권
159,023,375,000
10,000,000,000
250,000,000
재고자산
4,293,382,000
3,056,589,000
3,159,593,000
기타유동금융자산
15,211,785,000
46,492,912,000
97,482,893,000
기타유동자산
30,474,736,000
37,836,438,000
6,626,296,000
당기법인세자산
668,881,000
183,799,000
769,394,000
매각예정자산집단
29,445,613,000
-
6,123,868,000
비유동자산
1,741,397,353,000
1,932,854,165,000
1,860,318,865,000
관계ㆍ공동기업투자
778,733,100,000
1,159,660,711,000
1,111,437,812,000
유형자산
624,015,551,000
657,655,972,000
674,486,938,000
무형자산
58,663,178,000
58,344,553,000
10,610,583,000
[자산총계]
2,316,936,129,000
2,282,963,064,000
2,132,174,283,000
유동부채
734,759,785,000
579,981,783,000
517,413,270,000
비유동부채
608,345,780,000
156,617,019,000
191,089,180,000
[부채총계]
1,343,105,565,000
736,598,802,000
708,502,450,000
지배기업 소유주지분
913,606,693,000
1,501,814,351,000
1,399,526,778,000
자본금
25,836,141,000
26,092,303,000
26,092,303,000
이익잉여금(결손금)
110,170,025,000
718,150,086,000
504,124,535,000
비지배지분
60,223,871,000
44,549,911,000
24,145,055,000
[자본총계]
973,830,564,000
1,546,364,262,000
1,423,671,833,000
기 간
(2023.01.01~2023.12.31)
(2022.01.01~2022.12.31)
(2021.01.01~2021.12.31)
매출액
325,391,952,000
332,624,105,000
295,210,018,000
영업이익
(354,083,133,000)
16,760,555,000
11,235,069,000
법인세비용차감전순계속영업이익
(570,698,461,000)
84,915,585,000
162,435,515,000
연결당기순이익(손실)
(591,828,761,000)
94,898,709,000
158,600,501,000
- 지배기업 소유주지분
(592,906,824,000)
91,524,587,000
144,268,084,000
- 비지배지분
1,078,063,000
3,374,122,000
14,332,417,000
기본주당순이익(손실,원)
(16,591)
2,579
4,004
희석주당순이익(손실,원)
(16,591)
2,579
4,004
연결에 포함된 회사수
11
11
10