신성델타테크 / 2024.03.18 사업보고서
1. 요약재무정보
가. 요약연결재무정보
(단위 : 원)
구분
제 37기
제36기
제35기
2023년 12월 말
2022년 12월 말
2021년 12월 말
[유동자산]
383,666,956,000
331,626,902,000
273,952,674,000
현금및현금성자산
41,281,717,000
32,812,075,000
33,488,221,000
[비유동자산]
308,677,721,000
296,221,315,000
243,246,000,000
자산총계
692,344,677,000
627,848,217,000
517,198,674,000
[유동부채]
349,667,117,000
355,595,904,000
284,252,239,000
[비유동부채]
35,103,960,000
57,762,257,000
37,409,280,000
부채총계
384,771,077,000
413,358,161,000
321,661,519,000
[납입자본]
13,741,974,000
13,741,974,000
13,741,974,000
[이익잉여금]
154,538,436,000
146,639,599,000
133,260,391,000
[비지배지분]
100,391,544,000
50,527,917,000
44,590,002,000
자본총계
307,573,600,000
214,490,056,000
195,537,154,000
(2023.01.01.~ 2023.12.31.)
(2022.01.01.~ 2022.12.31.)
(2021.01.01.~ 2021.12.31.)
매출액
833,704,099,000
793,424,020,000
737,488,103,000
영업이익(손실)
29,867,445,000
32,055,395,000
43,947,732,000
당기순이익(손실)
20,060,611,000
23,919,702,000
32,688,237,000
지배주주 순이익
12,529,232,000
16,927,394,000
24,513,613,000
총포괄이익(손실)
24,040,080,000
22,943,243,000
36,151,221,000
지배주주의기본주당순이익(단위 :원)
463
627
908
연결에 포함된 회사수
19
18
16