에브리봇 / 2024.03.20 사업보고서
1. 요약재무정보
(단위 : 원)
구분
제 9(당) 기
제 8(전) 기말
제 7(전전) 기말
2023년 12월말
2022년 12월말
2021년 12월말
자산총계
87,389,767,648
86,864,211,087
75,646,787,051
유동자산
36,628,203,569
40,864,805,681
50,836,860,511
재고자산
6,369,773,125
8,765,691,625
8,219,337,351
비유동자산
50,761,564,079
45,999,405,406
24,809,926,540
유형자산
32,912,668,754
28,566,294,561
5,637,229,878
무형자산
969,768,990
1,053,974,988
994,213,732
부채총계
22,259,081,777
24,616,600,291
18,303,974,710
유동부채
14,196,748,710
5,455,774,635
7,104,896,030
비유동부채
8,062,333,067
19,160,825,656
11,199,078,680
자본총계
65,130,685,871
62,247,610,796
57,342,812,341
자본금
6,095,671,000
6,095,671,000
3,047,835,500
이익잉여금(결손금)
17,792,971,133
14,979,979,546
10,164,054,271
2023년 1월 1일 ~ 2023년 12월 30일
2022년 1월 1일 ~ 2022년 12월 31일
2021년 1월 1일 ~ 2021년 12월 31일
매출액
31,697,412,701
53,006,504,474
51,110,135,014
영업이익
1,528,651,357
6,178,666,797
10,123,202,209
당기순이익(손실)
2,812,991,587
6,949,410,125
9,476,337,690
기본 주당손익(원)
231
570
846
희석 주당손익(원)
231
570
846