빅텍 / 2024.03.13 사업보고서
1. 요약재무정보
(단위 : 원)
구분
제 28 기
제 27 기
제 26 기
(2023년말)
(2022년말)
(2021년말)
자산총계
96,815,000,000
96,212,000,000
92,868,000,000
부채총계
41,230,000,000
35,168,000,000
34,575,000,000
자본금
5,730,000,000
5,730,000,000
5,730,000,000
이익잉여금
20,690,000,000
26,139,000,000
26,052,000,000
자본총계
55,585,000,000
61,044,000,000
58,293,000,000
(2023.01.01~2023.12.31)
(2022.01.01~2022.12.31)
(2021.1.1~2021.12.31)
매출액
54,929,000,000
74,375,000,000
102,466,000,000
영업이익(손실)
(4,338,000,000)
1,653,000,000
7,133,000,000
당기순이익(손실)
(4,189,000,000)
(232,000,000)
5,264,000,000
주당순이익(손실)(원)
(146)
(8)
184