휴젤 / 2024.03.21 사업보고서
1. 요약재무정보
가. 요약연결재무정보
(단위 : 원)
구분
제23기
(2023년)
제22기
(2022년)
제21기
(2021년)
회계처리기준
K-IFRS
K-IFRS
K-IFRS
자산
[유동자산]
567,772,000,000
617,863,000,000
616,103,000,000
ㆍ현금및현금성자산
106,014,000,000
131,786,000,000
294,141,000,000
[비유동자산]
361,478,000,000
431,920,000,000
393,633,000,000
자산 총계
929,251,000,000
1,049,783,000,000
1,009,737,000,000
부채
[유동부채]
57,425,000,000
177,313,000,000
54,049,000,000
[비유동부채]
92,147,000,000
23,016,000,000
126,520,000,000
부채 총계
149,573,000,000
200,328,000,000
180,569,000,000
자본
[지배기업의 소유지분]
747,310,000,000
792,112,000,000
777,086,000,000
ㆍ이익잉여금
936,331,000,000
899,140,000,000
841,304,000,000
[비지배지분]
32,368,000,000
57,342,000,000
52,082,000,000
자본 총계
779,678,000,000
849,454,000,000
829,168,000,000
제23기
(2023년)
제22기
(2022년)
제21기
(2021년)
매출액
319,700,000,000
281,675,000,000
231,859,000,000
영업이익
111,782,000,000
101,378,000,000
95,611,000,000
당기순이익
97,660,000,000
60,682,000,000
60,393,000,000
지배기업 소유주지분
93,076,000,000
57,332,000,000
57,730,000,000
비지배지분
4,584,000,000
3,350,000,000
2,663,000,000
주당순이익(원)
8,217
4,811
4,733
연결에 포함된 종속회사수
10
10
9

나. 요약 재무정보
(단위 : 원)
구분
제23기
(2023년)
제22기
(2022년)
제21기
(2021년)
회계처리기준
K-IFRS
K-IFRS
K-IFRS
자산
[유동자산]
298,341,000,000
404,280,000,000
457,794,000,000
[비유동자산]
443,121,000,000
422,280,000,000
391,170,000,000
자산 총계
741,462,000,000
826,560,000,000
848,964,000,000
부채
[유동부채]
47,030,000,000
166,027,000,000
72,502,000,000
[비유동부채]
89,496,000,000
449,000,000
96,166,000,000
부채 총계
136,526,000,000
166,477,000,000
168,668,000,000
자본
[지배기업의 소유지분]
604,936,000,000
660,083,000,000
680,296,000,000
ㆍ이익잉여금
729,437,000,000
717,382,000,000
688,928,000,000
자본 총계
604,936,000,000
660,083,000,000
680,296,000,000
제23기
(2023년)
제22기
(2022년)
제21기
(2021년)
매출액
241,395,000,000
223,135,000,000
187,843,000,000
영업이익
67,447,000,000
70,167,000,000
63,790,000,000
당기순이익
67,933,000,000
27,949,000,000
43,271,000,000
주당순이익(원)
5,999
2,346
3,547