코스맥스 / 2024.03.20 사업보고서
1. 요약재무정보
가. 연결재무제표
(단위 : 천원)
구분
제 10기
제 9기
제 8기
(2023년 12월말)
(2022년 12월말)
(2021년 12월말)
[유동자산]
821,629,082
737,152,717
792,234,583
ㆍ현금및현금성자산
256,890,169
169,115,967
99,833,720
ㆍ매출채권
271,522,376
302,757,293
349,979,562
ㆍ단기금융자산
51,650,345
31,114,424
100,003,815
ㆍ재고자산
218,401,261
202,277,825
223,572,134
ㆍ당기법인세자산
102,234
668,290
1,322,079
ㆍ기타유동자산
23,062,697
16,769,997
17,523,273
ㆍ매각예정자산
-
14,448,921
-
[비유동자산]
735,448,193
659,297,788
619,694,193
ㆍ장기매출채권
3,696,941
-
-
ㆍ장기금융자산
45,480,326
31,445,663
33,033,392
ㆍ관계기업및공동기업투자자산
36,192,549
38,225,225
20,203,134
ㆍ유형자산
546,758,373
490,557,497
471,227,774
ㆍ무형자산
54,324,586
49,587,207
50,312,024
ㆍ투자부동산
8,513,182
8,646,768
8,780,355
ㆍ이연법인세자산
38,041,116
38,548,579
32,898,105
ㆍ기타비유동자산
2,441,120
2,286,849
3,239,409
자산 총계
1,557,077,275
1,396,450,505
1,411,928,776
[유동부채]
873,814,217
811,975,090
787,663,555
[비유동부채]
324,701,618
140,228,862
158,880,649
부채 총계
1,198,515,835
952,203,952
946,544,204
[지배기업주주지분]
362,516,946
581,125,288
561,310,513
ㆍ자본금
5,674,755
5,674,755
5,674,755
ㆍ자본잉여금
28,524,663
286,766,779
292,481,615
ㆍ기타자본
(300,167)
(300,167)
(300,167)
ㆍ기타포괄손익누계액
15,550,821
21,439,989
15,366,730
ㆍ이익잉여금
313,066,874
267,543,932
248,087,580
[비지배주주지분]
(3,955,507)
(136,878,735)
(95,925,941)
자본 총계
358,561,439
444,246,553
465,384,572
(2023.1.1 ~ 2023.12.31)
(2022.1.1 ~ 2022.12.31)
(2021.1.1 ~ 2021.12.31)
매출액
1,777,494,448
1,600,125,770
1,591,487,622
영업이익
115,685,780
53,100,854
122,599,910
당기순이익(손실)
37,799,983
(16,446,827)
34,336,482
지배기업주주지분
57,137,183
20,847,691
74,435,536
비지배주주지분
(19,337,200)
(37,294,518)
(40,099,054)
기본주당이익(원)
5,036
1,838
6,944
연결에 포함된 회사수
26개
26개
25개
나. 재무제표
(단위 : 천원)
구분
제 10기
제 9기
제 8기
(2023년 12월말)
(2022년 12월말)
(2021년 12월말)
[유동자산]
459,137,284
365,521,041
411,256,020
ㆍ현금및현금성자산
110,209,695
36,644,652
10,208,531
ㆍ매출채권
192,134,198
207,761,361
213,899,380
ㆍ단기금융자산
52,072,512
38,938,320
124,582,745
ㆍ재고자산
100,359,566
79,130,074
60,663,051
ㆍ기타유동자산
4,361,313
3,046,634
1,902,313
[비유동자산]
553,481,706
494,819,276
520,807,331
ㆍ장기금융자산
188,158,346
188,520,581
237,446,229
ㆍ종속기업및관계기업투자자산
44,887,053
40,361,721
40,910,289
ㆍ유형자산
233,659,353
184,738,914
164,721,056
ㆍ무형자산
14,018,116
8,243,162
7,902,709
ㆍ투자부동산
41,749,444
42,404,564
43,059,683
ㆍ이연법인세자산
30,531,480
30,194,535
26,369,381
ㆍ기타비유동자산
477,914
355,799
397,984
자산 총계
1,012,618,990
860,340,317
932,063,351
[유동부채]
535,203,076
462,106,355
393,724,007
[비유동부채]
162,981,709
94,755,587
133,079,412
부채 총계
698,184,785
556,861,942
526,803,419
ㆍ자본금
5,674,755
5,674,755
5,674,755
ㆍ자본잉여금
272,320,642
272,320,642
272,317,584
ㆍ기타자본
(300,167)
(300,167)
(300,167)
ㆍ기타포괄손익누계액
(5,532,722)
(9,544,496)
(10,080,170)
ㆍ이익잉여금
42,271,697
35,327,641
137,647,930
자본 총계
314,434,205
303,478,375
405,259,932
종속 관계 공동기업 투자주식의 평가방법
원가법
원가법
원가법
(2023.1.1 ~ 2023.12.31)
(2022.1.1 ~ 2022.12.31)
(2021.1.1 ~ 2021.12.31)
매출액
1,057,537,128
853,979,769
853,145,123
영업이익
86,777,014
42,853,286
77,596,941
당기순이익(손실)
18,191,902
(100,615,052)
20,530,243
기본주당이익(원)
1,603
(8,868)
1,915