LG생활건강 / 2024.03.18 사업보고서
1. 요약재무정보
가. 요약연결재무정보
(단위 : 백만원)
구분
제23기
제22기
제21기
(2023년 12월말)
(2022년 12월말)
(2021년 12월말)
[유동자산]
2,429,584
2,284,389
2,472,884
매출채권 및 기타채권
567,463
602,886
592,965
재고자산
884,515
955,433
1,000,656
기타유동자산
977,606
726,070
879,263
[비유동자산]
4,790,702
5,018,541
5,082,355
유형자산
2,307,114
2,383,867
2,449,112
무형자산
2,007,878
2,100,587
2,168,720
기타비유동자산
475,710
534,087
464,523
자산총계
7,220,286
7,302,930
7,555,239
[유동부채]
1,089,659
1,162,758
1,525,845
[비유동부채]
581,700
671,336
531,562
부채총계
1,671,359
1,834,094
2,057,407
[자본금]
88,589
88,589
88,589
[자본잉여금]
97,326
97,326
97,326
[이익잉여금]
5,604,426
5,542,447
5,484,022
[기타포괄손익누계액]
(96,665)
(83,209)
(64,496)
[기타자본항목]
(260,224)
(305,870)
(217,432)
[소수주주지분]
115,475
129,553
109,823
자본총계
5,548,927
5,468,836
5,497,832
자본과 부채총계
7,220,286
7,302,930
7,555,239
2023.01.01~ 2023.12.31
2022.01.01~ 2022.12.31
2021.01.01~ 2021.12.31
매출액
6,804,839
7,185,759
8,091,511
영업이익
486,981
711,123
1,289,630
당기순이익
163,524
258,340
861,128
지배주주지분순이익
142,755
236,572
844,523
구분
제23기
제22기
제21기
(2023년 12월말)
(2022년 12월말)
(2021년 12월말)
소수주주지분순이익
20,769
21,768
16,604
주당이익
8,513
14,112
50,395
연결에 포함된 회사수
36
34
36
나. 요약 별도재무정보
(단위 : 백만원)
구분
제23기
제22기
제21기
2023년 12월말
2022년 12월말
2021년 12월말
[유동자산]
1,207,774
861,079
1,253,655
매출채권 및 기타채권
324,999
314,557
441,423
재고자산
388,781
410,318
424,544
기타유동자산
493,994
136,205
387,688
[비유동자산]
3,849,636
3,846,245
3,858,726
유형자산
1,131,700
1,138,609
1,149,343
무형자산
893,595
898,605
905,392
기타비유동자산
1,824,341
1,809,031
1,803,991
자산총계
5,057,410
4,707,324
5,112,381
[유동부채]
458,340
408,372
765,934
[비유동부채]
160,915
170,859
125,133
부채총계
619,255
579,231
891,067
[자본금]
88,589
88,589
88,589
[자본잉여금]
97,326
97,326
97,326
[이익잉여금]
4,230,100
3,919,984
4,013,008
[기타포괄손익누계액]
(2,732)
(2,678)
(2,481)
[기타자본항목]
24,872
24,872
24,872
자본총계
4,438,155
4,128,093
4,221,314
자본과 부채총계
5,057,410
4,707,324
5,112,381
종속ㆍ관계ㆍ공동기업 투자주식의 평가방법
원가법
원가법
원가법
2023.01.01~ 2023.12.31
2022.01.01~ 2022.12.31
2021.01.01~ 2021.12.31
매출액
3,500,214
3,783,321
4,956,148
구분
제23기
제22기
제21기
2023년 12월말
2022년 12월말
2021년 12월말
영업이익
217,117
428,277
980,044
당기순이익
389,709
76,951
607,236
주당이익
23,252
4,586
36,234