태웅로직스 / 2024.03.20 사업보고서
1. 요약재무정보
가. 요약 연결 재무제표
(단위 : 원)
구분
제 28 기 (2023.12.31)
제 27 기 (2022.12.31)
제 26 기 (2021.12.31)
[유동자산]
262,260,184,156
260,308,609,561
272,728,408,022
[비유동자산]
152,989,365,311
115,041,038,959
56,704,609,830
자산총계
415,249,549,467
375,349,648,520
329,433,017,852
[유동부채]
171,293,342,120
141,658,635,143
193,770,503,193
[비유동부채]
19,439,610,465
24,220,233,530
13,928,472,035
부채총계
190,732,952,585
165,878,868,673
207,698,975,228
[자본금]
3,841,658,400
3,841,658,400
1,953,679,200
[연결이익잉여금]
211,957,400,897
190,585,100,329
99,027,442,076
[비지배지분]
807,291,060
616,343,710
268,246,277
자본총계
224,516,596,882
209,470,779,847
121,734,042,624
구분
제 28기
제 27기
제 26기
매출액
770,338,854,461
1,328,207,332,062
939,002,259,674
영업이익
36,036,019,361
116,585,477,290
79,291,619,959
당기순이익
27,124,922,143
93,716,326,166
63,853,203,335
총포괄이익
25,609,170,844
91,802,760,365
63,795,993,000
기본주당이익
743
2,464
1,691
희석주당이익
686
2,464
1,691
※ 제28기(당기)는 주주총회 승인 전 연결재무제표입니다. 향후 정기주주총회에서 재무제표 승인 관련안건이 부결되거나 수정이 발생한 경우 정정보고서를 통해 그 내 용 및 사유 등을 반영할 예정입니다.