알루코 / 2024.03.20 사업보고서
1. 요약재무정보
가 요약 연결 재무정보
(단위 : 원)
구분
제68기
제67기
제66기
[유동자산]
401,188,846,987
326,840,775,284
333,969,217,767
· 현금및현금성자산
47,046,189,181
27,881,741,245
24,116,652,362
· 매출채권및기타채권
132,852,114,935
117,669,093,042
117,985,148,939
· 당기법인세자산
209,277,356
-
4,837,468
· 계약자산
53,827,880,764
31,483,361,721
5,436,760,031
· 기타금융자산(유동)
40,182,874,111
18,035,405,682
59,261,370,873
· 재고자산
111,854,542,689
118,778,786,773
109,932,443,364
· 기타유동자산
15,215,967,951
11,009,059,268
16,805,155,350
· 매각예정자산
-
1,983,327,553
426,849,380
[비유동자산]
459,960,814,400
490,092,190,897
446,188,484,946
· 매출채권및기타채권(비유동)
972,994,049
278,950,000
2,362,435,427
· 당기손익-공정가치측정금융자산
1,491,194,328
1,491,194,328
1,491,194,328
· 기타포괄손익-공정가치측정금융자산
1,974,400,000
4,388,000,000
4,973,000,000
· 기타금융자산(비유동)
9,040,235,679
39,229,215,643
9,422,879,823
· 투자부동산
3,422,071,272
1,442,981,700
3,427,486,469
· 유형자산
402,673,668,824
414,669,289,670
390,855,194,314
· 무형자산
31,124,186,769
22,253,371,474
29,275,469,170
· 이연법인세자산
3,261,942,442
1,567,778,711
1,596,621,761
· 기타비유동자산
6,000,121,037
4,771,409,371
2,784,203,654
자산 총계
861,149,661,387
816,932,966,181
780,157,702,713
[유동부채]
448,289,152,359
465,830,380,456
367,456,741,373
[비유동부채]
54,017,154,037
40,517,868,450
120,036,579,704
부채 총계
502,306,306,396
506,348,248,906
487,493,321,077
· 자본금
48,227,971,000
45,005,521,000
44,916,421,000
· 자본잉여금
119,502,484,504
100,696,806,923
100,224,197,071
· 자기주식
(607,106)
(607,106)
(607,106)
· 기타자본
1,556,366,531
761,383,268
2,371,013,011
· 적립금
13,642,537,287
19,423,556,986
13,926,164,287
· 이익잉여금
95,169,784,268
71,571,571,434
66,438,851,837
[지배기업소유주지분 합계]
278,098,536,484
237,458,232,505
227,876,040,100
· 비지배지분
80,744,818,507
73,126,484,770
64,788,341,536
자본 총계
358,843,354,991
310,584,717,275
292,664,381,636
부채와자본 총계
861,149,661,387
816,932,966,181
780,157,702,713
매출액
591,186,560,074
645,412,126,051
505,586,030,763
영업이익
37,632,269,602
34,572,726,220
16,666,595,158
법인세차감전순이익
24,674,547,976
17,171,994,998
5,282,637,582
지배회사지분순이익
18,532,561,879
13,932,736,309
4,153,494,642
비지배지분순이익
1,929,127,209
1,790,222,941
(1,709,165,303)
연결총당기순이익
20,461,689,088
15,722,959,250
2,444,329,339
기본주당이익(원)
201
155
49
희석주당이익(원)
201
155
49
연결에 포함된 회사수
10
9
11
※ 상기 제68기, 제67기, 제66기 요약연결재무정보는 한국채택국제회계기준 작성기 준에 따라 작성되었습니다.
※
알루머티리얼즈(주)는 중간지배기업으로서 해당 요약재무정보는 손자회사인 Hyu ndai VINA, ALK VINA, ALUKO EUROPE를 연결한 연결재무정보입니다.
※ 현대알루미늄은 중간지배기업으로서 해당 요약재무정보는 손자회사인 HYUNDA I ALUMINUM India Private 및 PT.HYUNDAI ALUMINUM International를 연결한 연결재무정보입니다.
나. 요약별도재무정보
(단위 : 원)
구분
제68기
제67기
제66기
[유동자산]
198,427,717,106
194,058,588,173
229,384,012,437
· 현금및현금성자산
19,985,982,033
10,593,483,034
11,447,498,641
· 매출채권및기타채권
86,859,484,952
98,699,942,973
77,173,597,753
· 기타금융자산(유동)
56,924,854,634
37,601,169,633
102,775,521,939
· 재고자산
31,531,538,574
40,370,210,507
30,459,783,681
· 기타유동자산
3,125,856,913
4,810,454,473
7,100,761,043
· 매각예정유동자산
-
1,983,327,553
426,849,380
[비유동자산]
233,371,852,509
263,787,035,004
226,676,091,932
· 매출채권및기타채권(비유동)
278,950,000
278,950,000
278,950,000
· 당기손익-공정가치측정금융자산
93,138,600
93,138,600
93,138,600
· 기타포괄손익-공정가치측정금융자산
1,974,400,000
4,388,000,000
4,388,000,000
· 종속기업투자
99,167,978,524
99,167,978,524
99,173,424,724
· 기타금융자산(비유동)
49,745,148,388
80,033,314,245
44,969,235,129
· 기타비유동자산
-
44,856,875
-
· 투자부동산
3,422,071,272
1,442,981,700
3,427,486,469
· 유형자산
77,038,241,183
76,816,194,331
73,542,229,260
· 무형자산
800,371,249
800,520,966
803,627,750
· 이연법인세자산
851,553,293
721,099,763
-
자산 총계
431,799,569,615
457,845,623,177
456,060,104,369
[유동부채]
162,444,133,801
212,627,986,254
151,294,744,473
[비유동부채]
28,913,004,039
22,637,515,068
89,530,409,487
부채 총계
191,357,137,840
235,265,501,322
240,825,153,960
· 자본금
48,227,971,000
45,005,521,000
44,916,421,000
· 자본잉여금
120,005,519,921
101,199,842,340
100,727,232,488
· 자기주식
(607,106)
(607,106)
(607,106)
· 기타자본
(7,879,348,827)
(4,938,692,561)
(4,938,692,561)
· 적립금
13,642,537,287
13,642,537,287
13,642,537,287
· 이익잉여금
66,446,359,500
67,671,520,895
60,888,059,301
자본 총계
240,442,431,775
222,580,121,855
215,234,950,409
부채와자본 총계
431,799,569,615
457,845,623,177
456,060,104,369
종속기업 및 관계기업 투자주식의 평가방법
원가법
원가법
원가법
매출액
304,316,242,405
384,708,297,313
276,619,647,552
영업이익
1,747,598,747
4,122,280,389
2,345,589,707
법인세차감전순이익
1,180,287,193
3,244,158,709
6,247,950,994
당기순이익
(822,819,152)
5,779,877,624
4,037,557,988
기본주당이익(원)
(9)
64
47
희석주당이익(원)
(9)
64
47
※ 상기 제68기, 제67기, 제66기 요약재무정보는 한국채택국제회계기준 작성기준에 따라 작성되었습니다.