삼아알미늄 / 2024.03.14 사업보고서
1. 요약재무정보
가. 요약연결재무정보
(단위 : 백만원)
구분
제55기
제54기
제53기
[유동자산]
189,504
129,950
99,115
현금및현금성자산
60,674
1,478
4,462
매출채권
41,276
47,366
38,183
재고자산
83,435
74,821
52,423
당기법인세자산
121
-
1
기타금융자산
429
473
484
기타유동자산
3,569
5,812
3,562
[비유동 자산]
214,795
158,203
128,123
당기손익공정가치측정금융자산
2
2
39
관계기업투자
2,884
2,993
2,975
유형자산
202,741
147,919
118,883
사용권자산
3,474
534
2,276
무형자산
455
1,168
968
순확정급여자산
1,974
3,546
1,025
기타금융자산
3,265
2,041
1,957
자산총계
404,299
288,153
227,238
[유동부채]
93,700
125,330
92,625
매입채무
19,944
16,782
20,256
단기차입금및유동성장기차입금
59,509
82,736
57,621
당기법인세부채
-
2,399
3,423
충당부채
264
385
370
기타금융부채
13,432
22,380
10,261
기타유동부채
551
648
694
[비유동 부채]
55,610
24,884
12,585
장기차입금
43,799
17,473
5,333
사채
7,171
-
-
충당부채
179
-
-
기타금융부채
758
197
198
이연법인세부채
2,876
6,306
6,008
기타비유동부채
827
908
1,046
부채총계
149,310
150,214
105,210
[자본금]
7,356
5,500
5,500
[기타불입자본]
121,724
4,750
4,750
[연결이익잉여금]
125,909
127,689
111,778
자본총계
254,989
137,939
122,028
부채 및 자본 총계
404,299
288,153
227,238
관계기업 투자주식의 평가방법
지분법
지분법
지분법
2023년 01월~12월
2022년 01월~12월
2021년 01월~12월
매출액
268,023
312,056
252,966
영업이익
3,771
22,571
15,447
연결총당기순이익
3,406
17,207
12,153
지배회사지분순이익
3,406
17,207
12,153
총포괄이익
970
18,111
12,734
주당순이익(원)
235
1,564
1,105
연결에 포함된 회사수
1
1
1
나. 요약별도재무정보
(단위 : 백만원)
구분
제55기
제54기
제53기
[유동자산]
188,902
128,582
98,092
현금및현금성자산
60,514
1,348
4,244
매출채권
41,362
45,657
35,989
재고자산
82,932
69,708
47,650
당기법인세자산
114
-
-
기타금융자산
429
6,097
6,696
기타유동자산
3,551
5,772
3,513
[비유동 자산]
215,356
159,228
128,878
당기손익공정가치측정금융자산
2
2
39
종속기업투자
883
2,219
2,017
관계기업투자
2,884
2,993
2,975
유형자산
202,701
147,862
118,809
사용권자산
3,444
330
2,045
무형자산
347
374
151
순확정급여자산
1,974
3,546
1,025
기타금융자산
3,121
1,902
1,817
자산총계
404,258
287,810
226,970
[유동부채]
93,599
124,995
92,385
매입채무
19,944
14,957
17,545
단기차입금및유동성장기차입금
59,509
82,736
57,621
당기법인세부채
-
2,384
3,423
충당부채
264
385
370
기타금융부채
13,401
24,019
12,760
기타유동부채
481
514
666
[비유동 부채]
55,610
24,876
12,557
장기차입금
43,799
17,473
5,333
사채
7,171
-
-
충당부채
179
-
-
기타금융부채
758
189
170
이연법인세부채
2,876
6,306
6,008
기타비유동부채
827
908
1,046
부채총계
149,209
149,871
104,942
[자본금]
7,356
5,500
5,500
[기타불입자본]
121,724
4,750
4,750
[이익잉여금]
125,969
127,689
111,778
자본총계
255,049
137,939
122,028
부채 및 자본 총계
404,258
287,810
226,970
관계기업 투자주식의 평가방법
지분법
지분법
지분법
2023년 01월~12월
2022년 01월~12월
2021년 01월~12월
매출액
238,656
272,707
213,668
영업이익
4,492
22,413
15,588
당기순이익
3,467
17,207
12,153
총포괄이익
1,031
18,111
12,734
주당순이익(원)
239
1,564
1,105