롯데지주 / 2024.03.20 사업보고서
1. 요약재무정보
가. 연결재무상태표
(단위:원)
구분
제57기
제56기
제55기
(2023년 12월 말)
(2022년 12월 말)
(2021년 12월 말)
자산총계
23,160,430,746,458
22,175,416,666,050
19,921,883,103,681
부채총계
13,487,589,138,957
12,409,157,931,313
10,292,586,180,274
자본총계
9,672,841,607,501
9,766,258,734,737
9,629,296,923,407

나. 연결포괄손익계산서
(단위:원)
구분
제57기
제56기
제55기
(2023.01.01~2023.12.31)
(2022.01.01~2022.12.31)
(2021.01.01~2021.12.31)
매출
15,159,775,895,639
14,111,852,309,175
9,924,864,014,193
영업이익
493,689,284,141
489,830,602,915
216,401,073,913
당기순이익(손실)
163,660,188,554
336,571,001,704
150,433,761,012
총포괄이익(손실)
12,078,877,927
362,812,301,757
496,933,631,068
보통주 기본주당이익
-215
2,387
4,315
우선주 기본주당이익
-165
2,437
4,365
보통주 희석주당이익
-215
2,387
4,315
우선주 희석주당이익
-165
2,437
4,365