KR모터스 / 2024.03.21 사업보고서
1. 요약재무정보
가. 요약연결재무정보
(단위 : 원)
구분
제63기
제62기
제61기
(2023년12월말)
(2022년12월말)
(2021년12월말)
[유동자산]
48,971,000,000
60,741,000,000
69,663,000,000
ㆍ현금및현금성자산
13,054,000,000
12,965,000,000
20,056,000,000
[비유동자산]
89,599,000,000
88,444,000,000
98,774,000,000
자산총계
138,570,000,000
149,185,000,000
168,437,000,000
[유동부채]
100,286,000,000
93,561,000,000
95,522,000,000
[비유동부채]
15,880,000,000
15,600,000,000
22,689,000,000
부채총계
116,166,000,000
109,161,000,000
118,211,000,000
[자본금]
48,069,000,000
48,069,000,000
48,069,000,000
[이익잉여금]
(51,173,000,000)
(35,099,000,000)
(28,670,000,000)
[비지배주주지분]
1,853,000,000
6,898,000,000
13,229,000,000
자본총계
22,405,000,000
40,024,000,000
55,226,000,000
매출액
78,406,000,000
117,059,000,000
133,510,000,000
영업이익
(17,857,000,000)
(6,234,000,000)
(2,698,000,000)
당기순이익(손실)
(21,027,000,000)
(13,001,000,000)
(11,925,000,000)
총포괄손익
(17,619,000,000)
(10,203,000,000)
(6,520,000,000)
ㆍ기본주당순이익
(-)165
(-)69
(-)99
연결에포함된회사수
3개
3개
3개