와이엔텍 / 2024.03.20 사업보고서
1. 요약재무정보
가. 요약연결재무정보
(단위 : 원)
구분
제 34 기
제 33 기
제 32 기
2023년 12월말
2022년 12월말
2021년 12월말
[유동자산]
66,538,106,831,000
44,281,097,643,000
31,835,488,290,000
ㆍ현금및현금성자산
50,195,017,918,000
25,205,643,151,000
17,992,712,863,000
[비유동자산]
297,242,072,047,000
236,807,913,035,000
262,677,750,591,000
자산총계
363,780,178,878,000
281,089,010,678,000
294,513,238,881,000
[유동부채]
50,605,334,197,000
57,125,390,316,000
64,347,811,341,000
[비유동부채]
62,336,681,336,000
24,185,514,243,000
38,492,408,659,000
부채총계
112,942,015,533,000
81,310,904,559,000
102,840,220,000,000
[자본금]
9,099,829,500,000
9,099,829,500,000
9,099,829,500,000
[이익잉여금]
201,955,469,720,000
171,298,744,292,000
147,073,450,277,000
자본총계
250,838,163,345,000
199,778,106,119,000
191,673,018,881,000
2023.01.01~ 2023.12.31
2022.01.01~ 2022.12.31
2021.01.01~ 2021.12.31
매출액
121,396,161,273,000
123,802,551,618,000
111,788,910,608,000
영업이익
32,121,342,170,000
33,495,811,696,000
32,418,072,765,000
당기순이익
24,073,206,710,000
24,633,946,113,000
23,241,545,823,000
주당순이익
1,330
1,361
1,281
연결에 포함된 회사수
1
1
1