네오위즈 / 2024.03.20 사업보고서
1. 요약재무정보
가. 요약연결재무정보
주식회사 네오위즈와 그 종속회사
(단위 : 원)
구분
제17기
(2023.12.31)
제16기
(2022.12.31)
제15기
(2021.12.31)
기준일
2023년 12월 말
2022년 12월 말
2021년 12월 말
[유동자산]
297,611,000,000
253,547,000,000
271,917,000,000
[비유동자산]
373,818,000,000
306,540,000,000
302,774,000,000
자산총계
671,429,000,000
560,087,000,000
574,691,000,000
유동부채
113,217,000,000
87,336,000,000
67,203,000,000
비유동부채
30,591,000,000
13,995,000,000
38,613,000,000
부채총계
143,808,000,000
101,331,000,000
105,816,000,000
[지배기업소유주지분]
489,432,000,000
449,070,000,000
459,307,000,000
[비지배지분]
38,189,000,000
9,686,000,000
9,568,000,000
자본총계
527,620,000,000
458,756,000,000
468,875,000,000
투자주식의 평가방법
지분법
지분법
지분법
기간
2023.01.01~ 2023.12.31
2022.01.01~ 2022.12.31
2021.01.01~ 2021.12.31
매출액
365,594,000,000
294,567,000,000
261,200,000,000
영업이익
31,593,000,000
19,559,000,000
21,250,000,000
당기순손익
46,424,000,000
13,202,000,000
56,662,000,000
ㆍ지배기업의 소유주지분
48,678,000,000
13,067,000,000
56,791,000,000
ㆍ비지배지분
-2,255,000,000
135,000,000
56,791,000,000
기본주당순이익 (단위: 원)
2,380
625
2,660
희석주당순이익 (단위: 원)
2,374
623
2,641
연결에 포함된 회사수
23
22
18
주) 연결에 포함된 회사의 수는 지배회사를 제외하고 기재하였습니다.