크레버스 / 2024.03.19 사업보고서
1. 요약재무정보
가. 연결재무제표 요약
(단위 : 원)
사업연도
제22기
2023년 12월말
제21기
2022년 12월말
제20기
2021년 12월말
유동자산
55,043,704,197
60,463,234,513
83,299,518,152
비유동자산
160,804,534,146
163,687,185,156
146,561,011,868
자산총계
215,848,238,343
224,150,419,669
229,860,530,020
유동부채
108,908,696,368
109,055,064,630
80,642,654,684
비유동부채
61,423,896,977
68,181,346,035
46,181,164,340
부채총계
170,332,593,345
177,236,410,665
126,823,819,024
자본금
5,769,502,500
5,872,294,500
3,862,325,500
이익잉여금
95,987,585,149
98,123,029,876
13,618,272,237
비지배기업의 소유지분
1,573,214,475
1,651,798,952
20,032,788,973
자본총계
45,515,644,998
46,914,009,004
103,036,710,996
종속, 관계, 공동기업 투자주식의 평가방법
지분법
지분법
지분법
(2023.01.01~2023.12.31)
(2022.01.01~2022.12.31)
(2021.01.01~2021.12.31)
영업수익
233,485,121,718
227,499,581,732
210,735,912,095
영업이익
25,216,689,470
25,653,163,787
31,194,760,607
당기순이익
15,336,827,670
4,826,304,143
18,534,687,076
주당순이익
1,805
609
2,130