KG에코솔루션 / 2024.04.01 [정정] 사업보고서
1. 요약재무정보
가. 연결요약재무정보
(단위 : 원)
사업연도 구분
제25기
제24기
제23기
(2023년 12월말)
(2022년 12월말)
(2021년 12월말)
[유동자산]
2,364,322,325,000
1,708,939,359,000
1,171,196,752,000
[비유동자산]
3,476,827,420,000
3,477,679,428,000
1,896,266,630,000
자산총계
5,841,149,745,000
5,186,618,787,000
3,067,463,382,000
[유동부채]
1,573,191,304,000
1,219,835,418,000
942,569,422,000
[비유동부채]
1,432,737,558,000
1,302,988,697,000
888,987,811,000
부채총계
3,005,928,862,000
2,522,824,115,000
1,831,557,233,000
Ⅰ.지배지분
899,107,191,000
864,422,786,000
319,020,914,000
[자본금]
20,051,860,000
20,051,860,000
20,051,860,000
[이익잉여금]
835,327,740,000
798,086,913,000
253,694,657,000
Ⅱ.비지배지분
1,936,113,692,000
1,799,371,886,000
916,885,234,000
자본총계
2,835,220,883,000
2,663,794,671,000
1,235,906,148,000
부채와 자본총계
5,841,149,745,000
5,186,618,787,000
3,067,463,382,000
종속.관계.공동기업
원가법
원가법
원가법
투자주식의 평가방법
지분법
지분법
지분법
(2023.01.01.~
(2022.01.01.~
(2021.01.01.~
2023.12.31.)
2022.12.31.)
2021.12.31.)
매출액
7,257,169,609,000
4,944,241,256,000
3,412,499,198,000
영업이익(영업손실)
309,777,861,000
356,188,977,000
306,613,111,000
당기순이익(당기순손실)
219,616,204,000
949,544,626,000
192,610,284,000
주당순이익(주당순손실)
1,844
14,811
1,389
* 상기 재무제표는 K-IFRS 기준으로 작성하였습니다.
* 주당순이익의 단위는 원 입니다.