보라티알 / 2024.03.14 사업보고서
1. 요약재무정보
1) 요약 연결 재무제표
요약연결재무정보는 한국채택국제회계기준(K-IFRS) 작성기준에 따라 작성되었습니 다. 당기보고서에 비교 표시된 제8기 및 제7기 연결재무제표도 외부감사인의 감사를 받은 재무정보이며, 제9기는 주주총회 승인 전 재무제표입니다.
(단위: 원)
과목
제 9기
(2023년 12월말)
제 8기
(2022년 12월말)
제 7기
(2021년 12월말)
I. 유동자산
64,709,329,353
60,513,166,455
44,026,766,427
1. 현금및현금성자산
20,286,896,284
11,421,083,623
9,762,878,199
2. 매출채권 및 기타수취채권
8,702,749,278
7,615,671,164
7,218,515,340
3. 당기손익-공정가치측정금융자산
2,245,271,646
2,035,980,422
4,096,418,048
4. 기타금융자산
10,233,503,572
14,320,000,000
4,018,951,797
5. 재고자산
21,965,812,430
20,041,281,877
15,534,433,533
6. 기타유동자산
1,275,096,143
5,079,149,369
2,430,631,851
7. 매각예정비유동자산
-
-
964,937,659
II. 비유동자산
39,435,978,164
42,985,941,151
44,589,109,771
1. 기타장기수취채권
19,874,693,855
20,075,981,908
19,840,930,000
2. 당기손익-공정가치측정금융자산
-
-
2,513,116,775
3. 기타비유동금융자산
2,181,022,370
4,832,444,997
1,889,676,211
4. 유형자산
14,401,250,018
14,945,208,664
18,105,779,029
5. 무형자산
1,853,720,529
1,850,260,807
1,959,356,011
6. 이연법인세자산
1,125,291,392
1,282,044,775
280,251,745
자산총계
104,145,307,517
103,499,107,606
88,615,876,198
I. 유동부채
19,896,763,567
26,426,410,653
28,001,126,991
II. 비유동부채
347,946,312
663,074,306
211,183,504
부채총계
20,244,709,879
27,089,484,959
28,212,310,495
I. 지배기업소유주지분
83,900,597,638
76,409,622,647
60,403,565,703
1. 자본금
3,375,366,500
3,375,366,500
3,375,366,500
2. 자본잉여금
28,391,201,501
28,391,201,501
28,391,201,501
3. 기타자본구성요소
(1,003,758,158)
(1,003,758,158)
(1,003,758,158)
4. 이익잉여금
53,137,787,795
45,646,812,804
29,640,755,860
II. 비지배지분
-
-
자본총계
83,900,597,638
76,409,622,647
60,403,565,703
부채와 자본총계
104,145,307,517
103,499,107,606
88,615,876,198
기간
제 9기
(2023,01.01~2023.12.31)
제 8기
(2022,01.01~2022.12.31)
제 7기
(2021.01.01~2021.12.31)
I. 매출액
76,914,485,270
69,472,275,173
60,871,582,620
II. 영업이익
13,072,198,389
10,605,291,100
6,946,889,081
III. 당기순이익
9,455,736,791
17,315,898,144
6,255,100,060
Ⅳ.당기순이익의 귀속
9,455,736,791
17,315,898,144
6,255,100,060
지배기업지분
9,455,736,791
17,315,898,144
6,255,100,060
비지배지분
-
-
-
Ⅴ. 지배기업지분에 대한 주당이익
-
-
-
기본주당이익
1,444
2,644
955
연결에 포함된 회사수
2
2
2
2) 요약 별도 재무제표
요약별도재무정보는 한국채택국제회계기준(K-IFRS) 작성기준에 따라 작성되었습니 다. 당기보고서에 비교 표시된 제8기 및 제7기 별도재무제표도 외부감사인의 감사를 받은 재무정보 이며, 제9기는 주주총회 승인 전 재무제표입니다.
(단위: 원)
과목
제 9기
(2023년 12월말)
제8기
(2022년 12월말)
제 7기
(2021년 12월말)
I. 유동자산
57,530,173,172
54,811,991,877
40,230,965,674
1. 현금및현금성자산
19,567,453,966
9,736,537,128
8,700,549,488
2. 매출채권 및 기타수취채권
3,694,132,100
3,940,007,738
4,870,755,960
3. 당기손익-공정가치측정금융자산
2,245,271,646
2,035,980,422
4,096,418,048
4. 기타금융자산
8,983,503,572
14,220,000,000
3,993,951,797
5. 재고자산
21,781,292,088
19,844,007,254
15,255,187,258
6. 기타유동자산
1,258,519,800
5,035,459,335
2,349,165,464
7. 매각예정비유동자산
-
-
964,937,659
II. 비유동자산
38,814,269,471
42,511,732,471
44,345,486,484
1. 기타장기수취채권
19,817,477,972
20,018,634,133
19,830,930,000
2. 당기손익-공정가치측정금융자산
-
-
2,513,116,775
3. 기타비유동금융자산
2,181,022,370
4,832,444,997
1,889,676,211
4. 유형자산
13,957,383,194
14,594,140,309
18,016,407,059
5. 무형자산
1,610,147,740
1,659,070,645
1,701,143,832
6. 종속기업투자주식
174,984,000
174,984,000
174,984,000
7. 이연법인세자산
1,073,254,195
1,232,458,387
219,228,607
자산총계
96,344,442,643
97,323,724,348
84,576,452,158
I. 유동부채
18,697,263,227
25,092,500,126
26,803,983,076
II. 비유동부채
80,171,935
488,638,439
269,037,055
부채총계
18,777,435,162
25,581,138,565
27,073,020,131
I. 자본금
3,375,366,500
3,375,366,500
3,375,366,500
II. 자본잉여금
28,391,201,501
28,391,201,501
28,391,201,501
III. 기타자본구성요소
(1,003,758,158)
(1,003,758,158)
(1,003,758,158)
Ⅳ. 기타포괄손익누계액
-
-
-
Ⅴ. 이익잉여금
46,804,197,638
40,979,775,940
26,740,622,184
자본총계
77,567,007,481
71,742,585,783
57,503,432,027
부채와 자본총계
96,344,442,643
97,323,724,348
84,576,452,158
종속·관계·공동기업 투자주식의 평가방법
원가법
원가법
원가법
기간
제 9기
(2023,01.01~2023.12.31)
제8기
(2022,01.01~2022.12.31)
제 7기
(2021.01.01~2021.12.31)
I. 매출액
66,477,053,042
60,493,367,450
52,878,960,106
II. 영업이익
10,722,404,957
8,368,448,207
5,026,475,986
III. 당기순이익
7,789,183,498
15,548,994,956
4,757,244,422
Ⅳ. 주당이익
-
-
-
기본주당이익
1,189
2,374
726