CJ대한통운 / 2024.03.20 [정정] 사업보고서
1. 요약재무정보
가. 요약연결재무정보
(단위: 원)
구 분
제114기
제113기
제112기
2023년 12월말
2022년 12월말
2021년 12월말
자산총계
9,357,587,000,000
9,693,300,000,000
8,993,929,000,000
부채총계
5,314,491,000,000
5,658,991,000,000
4,977,571,000,000
자본총계
4,043,096,000,000
4,034,309,000,000
4,016,358,000,000
2023.01.01~2023.12.31
2022.01.01~2022.12.31
2021.01.01~2021.12.31
매출액
11,767,894,000,000
12,130,713,000,000
11,343,652,000,000
영업이익
480,235,000,000
411,787,000,000
343,881,000,000
당기순이익
242,876,000,000
196,822,000,000
158,280,000,000
기본주당이익
10,357
8,190
1,841

나. 요약재무정보
(단위: 원)
구 분
제114기
제113기
제112기
2023년 12월말
2022년 12월말
2021년 12월말
자산총계
7,497,403,000,000
7,825,113,000,000
7,089,102,000,000
부채총계
4,065,989,000,000
4,398,364,000,000
3,672,298,000,000
자본총계
3,431,414,000,000
3,426,749,000,000
3,416,804,000,000
2023.01.01~2023.12.31
2022.01.01~2022.12.31
2021.01.01~2021.12.31
매출액
8,098,438,000,000
8,214,654,000,000
7,728,647,000,000
영업이익
330,671,000,000
262,723,000,000
257,667,000,000
당기순이익
208,607,000,000
200,576,000,000
93,782,000,000
기본주당이익
9,545
9,144
3,798