조선선재 / 2024.03.21 사업보고서
1. 요약재무정보
(단위 : 원)
구분
제 14 기
(2023년 12월말)
제 13 기
(2022년 12월말)
제 12 기
(2021년 12월말)
Ⅰ. 유동자산
123,081,991,414
112,016,258,371
104,086,173,727
1. 현금및현금성자산
44,175,094,010
73,730,843,936
72,021,547,442
2. 매출채권
8,408,366,583
10,156,089,685
7,103,429,935
3. 기타유동수취채권
1,722,479,608
1,531,598,736
1,464,579,872
4. 기타유동금융자산
56,285,095,603
8,017,830,000
5,901,947,000
5. 기타유동자산
21,023,291
12,498,567
8,719,649
6. 재고자산
12,469,932,319
18,567,397,447
17,585,949,829
Ⅱ. 비유동자산
32,456,192,896
33,117,038,226
35,462,767,412
1. 기타비유동수취채권
4,822,891,000
3,740,131,000
6,888,610,000
2. 기타비유동금융자산
15,784,750,812
17,280,278,669
16,806,514,129
3. 유형자산
8,912,469,688
9,428,608,839
9,850,445,562
4. 무형자산
96,230,312
116,553,652
129,419,012
5. 사용권자산
875,507,058
605,335,472
757,085,216
6. 순확정급여자산
954,962,844
926,790,070
-
자산총계
155,538,184,310
145,133,296,597
139,548,941,139
Ⅰ. 유동부채
8,131,196,275
8,405,270,975
11,267,167,972
Ⅱ. 비유동부채
1,163,647,426
842,908,298
1,871,942,280
부채총계
9,294,843,701
9,248,179,273
13,139,110,252
1. 자본금
628,825,500
628,825,500
628,825,500
5. 이익잉여금
154,722,574,552
143,477,230,766
133,258,030,451
자본총계
146,243,340,609
135,885,117,324
126,409,830,887
부채와자본총계
155,538,184,310
145,133,296,597
139,548,941,139
구분
제 14 기 (2023.01.01 ~ 2023.12.31)
제 13 기 (2022.01.01 ~ 2022.12.31)
제 12 기 (2021.01.01 ~ 2021.12.31)
매출액
66,614,293,267
66,976,160,497
68,155,874,819
영업이익(영업손실)
10,580,671,009
9,435,412,968
14,137,036,323
당기순이익(당기순손실)
13,005,386,271
10,522,135,281
14,543,457,911
총괄포괄손익
12,746,580,785
11,504,543,437
14,260,312,757
주당순이익(주당순손실)(원)
12,933
10,425
14,114
※ 재무제표는 한국채택국제회계기준(K-IFRS)를 적용하여 작성되었으며 제14기 및 제13기, 제12기 재무제표는 외부감사인의 감사를 받은 재무제표입니다. 또한 제14기 재무제표는 주주총회 승인전 재무제표이며, 2024년 03월 29일 개최 예정인 정기주 주총회에서 재무제표 승인 관련 안건이 부결되거나 수정이 발생한 경우 정정보고서 를 통해 그 내용 및 사유 등을 반영할 예정입니다.