디아이티 / 2024.03.19 사업보고서
1. 요약재무정보
가. 요약연결재무정보
- 제19기, 제18기, 제17기말 연결재무제표는 한국채택국제회계기준(K-IFRS)에 의 해 작성되었습니다.
디아이티 주식회사와 그 종속기업 (단위: 원)
구분
제19기
(2023년)
제18기
(2022년)
제17기
(2021년)
[유동자산]
168,030,064,732
200,308,838,931
270,936,967,626
당좌자산
148,655,932,241
138,638,411,953
141,442,625,210
재고자산
19,374,132,491
61,670,426,978
129,494,342,416
[비유동자산]
43,821,082,279
54,533,629,276
48,157,713,901
투자자산
12,589,451,924
24,561,776,412
9,559,760,324
유형자산
22,365,088,835
21,500,564,190
28,826,602,942
무형자산
681,776,118
781,856,581
969,926,553
기타비유동자산
8,184,765,402
7,689,432,093
8,801,424,082
자산총계
211,851,147,011
254,842,468,207
319,094,681,527
[유동부채]
24,624,679,312
76,191,158,845
150,144,208,626
[비유동부채]
1,099,764,234
869,348,925
699,995,906
부채총계
25,724,443,546
77,060,507,770
150,844,204,532
[지배기업 소유주지분]
186,126,703,465
177,781,960,437
168,250,476,995
자본금
1,890,000,000
1,890,000,000
1,890,000,000
자본잉여금
36,872,808,456
36,720,796,048
36,666,202,640
자본조정
(3,433,858,120)
(3,945,930,850)
(4,163,937,650)
기타포괄손익누계액
(14,371,782)
(14,577,194)
(4,092,859)
이익잉여금
150,812,124,911
143,131,672,433
133,862,304,864
[비지배지분]
-
-
-
자본총계
186,126,703,465
177,781,960,437
168,250,476,995
구분
제19기
(2023년)
제18기
(2022년)
제17기
(2021년)
매출액
107,061,292,801
132,874,920,170
76,092,185,278
영업이익(손실)
8,644,231,654
5,534,308,739
(5,895,216,999)
법인세차감전순이익(손실)
14,676,037,428
11,773,938,192
(4,289,974,493)
연결당기순이익(손실)
13,163,567,178
9,269,367,569
(1,456,401,469)
지배주주분 당기순이익(손실)
13,163,567,178
9,269,367,569
(1,456,401,469)
비지배주주분 당기순이익(손실)
-
-
-
연결주당순이익(손실)(원)
719
508
(80)
연결에 포함된 회사수
1
1
2
※ 상기 제19기 요약연결재무정보는 주주총회 승인전 연결재무제표이며, 향후 정기주 주총회(2024년 3월 27일 개최예정)에서 연결재무제표 승인 관련 안건이 부결되거나 수 정이 발생한 경우 정정보고서를 통해 그 내용 및 사유 등을 반영할 예정입니다.
나. 요약재무정보
- 제19기, 제18기, 제17기말 재무제표는 한국채택국제회계기준(K-IFRS)에 의해 작 성되었습니다.
디아이티 주식회사 (단위: 원)
구분
제19기
(2023년)
제18기
(2022년)
제17기
(2021년)
[유동자산]
167,914,816,219
201,308,221,996
271,925,080,160
당좌자산
148,405,455,126
138,305,775,258
141,266,391,831
재고자산
19,509,361,093
63,002,446,738
130,658,688,329
[비유동자산]
43,821,521,292
54,488,029,768
48,040,830,706
투자자산
12,696,567,924
24,668,892,412
9,666,876,324
유형자산
22,322,420,756
21,400,814,342
28,673,298,557
무형자산
681,776,118
781,856,581
969,926,553
기타비유동자산
8,120,756,494
7,636,466,433
8,730,729,272
자산총계
211,736,337,511
255,796,251,764
319,965,910,866
[유동부채]
24,517,364,876
75,966,734,183
149,873,291,136
[비유동부채]
1,096,328,615
869,348,925
699,995,906
부채총계
25,613,693,491
76,836,083,108
150,573,287,042
[자본금]
1,890,000,000
1,890,000,000
1,890,000,000
[자본잉여금]
36,872,808,456
36,720,796,048
36,666,202,640
[자본조정]
(3,433,858,120)
(3,945,930,850)
(4,163,937,650)
[기타포괄손익누계액]
-
-
-
[이익잉여금]
150,793,693,684
144,295,303,458
135,000,358,834
자본총계
186,122,644,020
178,960,168,656
169,392,623,824
종속ㆍ관계ㆍ공동기업 투자주식의 평가방법
원가법
원가법
원가법
구분
제19기
(2023년)
제18기
(2022년)
제17기
(2021년)
매출액
107,051,722,572
132,864,968,108
76,090,862,271
영업이익(손실)
7,465,464,579
5,562,952,037
(6,050,545,290)
법인세차감전순이익(손실)
13,522,373,182
11,789,556,207
(4,427,627,778)
당기순이익(손실)
11,981,504,926
9,294,944,624
(1,594,054,754)
주당순이익(손실)(원)
654
509
(87)
※ 상기 제19기 요약재무정보는 주주총회 승인전 재무제표이며, 향후 정기주주총회(20 24년 3월 27일 개최예정)에서 재무제표 승인 관련 안건이 부결되거나 수정이 발생한 경 우 정정보고서를 통해 그 내용 및 사유 등을 반영할 예정입니다.