제일기획 / 2024.03.13 사업보고서
1. 요약재무정보
가. 요약연결재무정보
(단위 : 원)
구분
제51기
(2023년 12월말)
제50기
(2022년 12월말)
제49기
(2021년 12월말)
[유동자산]
2,372,420,000,000
2,193,979,000,000
2,018,598,000,000
[비유동자산]
517,085,000,000
557,466,000,000
523,513,000,000
자산총계
2,889,505,000,000
2,751,445,000,000
2,542,111,000,000
[유동부채]
1,375,033,000,000
1,335,642,000,000
1,224,222,000,000
[비유동부채]
216,708,000,000
194,373,000,000
190,622,000,000
부채총계
1,591,741,000,000
1,530,015,000,000
1,414,844,000,000
[자본금]
23,008,000,000
23,008,000,000
23,008,000,000
[이익잉여금]
1,503,141,000,000
1,440,648,000,000
1,345,303,000,000
[비지배지분]
11,206,000,000
9,388,000,000
10,125,000,000
자본총계
1,297,764,000,000
1,221,430,000,000
1,127,267,000,000
(2023.01.01 ~ 2023.12.31)
(2022.01.01 ~ 2022.12.31)
(2021.01.01 ~ 2021.12.31)
영업수익
4,138,275,000,000
4,253,367,000,000
3,325,712,000,000
영업이익
307,523,000,000
311,413,000,000
248,180,000,000
연결 당기순이익
190,122,000,000
195,835,000,000
167,599,000,000
기본주당순이익
1,849
1,913
1,634
※ 상기 요약연결재무정보는 한국채택국제회계기준으로 작성 되었습니다.