KG모빌리티 / 2024.03.18 사업보고서
1. 요약재무정보
(1) 요약연결재무정보
(단위 : 원)
구분
제62기
제61기
제60기
[유동자산]
1,139,591,000,000
627,159,000,000
439,369,000,000
ㆍ현금및현금성자산
58,033,000,000
104,962,000,000
54,668,000,000
자산총계
2,635,400,000,000
2,001,907,000,000
1,854,932,000,000
[유동부채]
885,733,000,000
401,957,000,000
1,346,126,000,000
[비유동부채]
666,968,000,000
507,047,000,000
607,859,000,000
부채총계
1,552,701,000,000
909,004,000,000
1,953,985,000,000
[자본금]
934,780,000,000
934,780,000,000
749,200,000,000
[이익잉여금(결손금)]
1,145,361,000,000
-1,117,038,000,000
-1,149,620,000,000
[비지배지분]
-
-
-
자본총계
1,082,699,000,000
1,092,903,000,000
-99,053,000,000
구분
2023년 01월 01일 ~ 2023년 12월 31일
2022년 01월 01일 ~ 2022년 12월 31일
2021년 01월 01일 ~ 2021년 12월 31일
매출액
3,736,369,000,000
3,423,341,000,000
2,429,328,000,000
영업이익(손실)
12,548,000,000
-111,950,000,000
-261,261,000,000
당기순이익(손실)
8,924,000,000
-60,134,000,000
-265,982,000,000
총포괄이익(손실)
-
-
-
[지배기업 소유주지분]
8,924,000,000
-60,134,000,000
-265,982,000,000
[비지배지분]
-
-
-
- 기본주당순손실(원)
48
-1,068
-17,103
연결에 포함된 회사 수
4
2
3