롯데칠성음료 / 2024.03.26 [정정] 사업보고서
1. 요약재무정보
가. 요약연결재무정보
제57기 2023년 12월 31일 현재
제56기 2022년 12월 31일 현재
제55기 2021년 12월 31일 현재
롯데칠성음료 주식회사와 그 종속기업 (단위: 원)
과 목
제57기말
제56기말
제55기말
자 산
I. 유동자산
1,149,579,977,601
1,019,994,253,786
994,500,442,413
1.현금및현금성자산
247,537,132,464
345,003,532,508
384,577,796,934
2.단기금융상품
11,289,400,000
10,101,651,860
15,197,657,890
3.매출채권및기타채권
331,520,072,292
239,135,596,123
225,501,980,736
4.기타금융자산
2,773,841,294
11,467,801,371
4,601,012,524
5.만기보유금융자산
28,230,000
43,025,000
1,466,355,000
6.재고자산
484,226,304,183
343,437,520,806
305,372,216,736
7.당기법인세자산
1,388,121,359
1,910,794,997
2,790,379,165
8.기타자산
70,816,876,009
68,894,331,121
54,993,043,428
II. 비유동자산
3,108,089,773,220
2,675,941,386,524
2,602,329,680,765
1.장기금융상품
427,569,215
35,401,477
115,761,346
2.장기매출채권및기타채권
1,370,407,381
985,677,500
1,477,998,940
3.기타금융자산
76,119,885,624
64,808,261,737
65,975,675,328
4.당기손익-공정가치금융자산
300,218,140
384,526,620
444,519,845
5.기타포괄손익-공정가치금융자산
21,348,417,695
20,391,942,013
26,244,792,976
6.만기보유금융자산
313,160,000
309,340,000
338,090,000
7.이연법인세자산
11,753,444,959
5,462,852,365
4,991,218,635
8.관계기업및공동기업투자
100,399,811,466
135,067,925,318
135,119,358,106
9.유형자산
2,439,023,830,306
2,077,791,326,496
2,048,216,396,232
10.사용권자산
155,141,654,704
67,453,940,564
72,646,408,375
11.투자부동산
134,685,210,711
117,529,490,580
129,433,027,560
12.무형자산
90,370,803,594
97,987,983,130
105,358,484,001
13.기타자산
14,400,005,670
12,330,224,942
4,013,531,532
14.순확정급여자산
62,435,353,755
75,402,493,782
7,954,417,889
자 산 총 계
4,257,669,750,821
3,695,935,640,310
3,596,830,123,178
부 채
I. 유동부채
1,264,919,959,958
1,154,623,005,968
970,974,140,682
II. 비유동부채
1,455,914,212,728
1,129,146,454,058
1,180,800,282,566
부 채 총 계
2,720,834,172,686
2,283,769,460,026
2,151,774,423,248
자 본
과 목
제57기말
제56기말
제55기말
I. 지배기업의 소유주지분
1,464,113,454,548
1,393,068,061,170
1,426,729,319,265
1.자본금
5,027,097,000
5,027,097,000
5,027,097,000
2.신종자본증권
-
-
149,459,980,000
3.기타자본
(715,629,526,632)
(668,196,183,297)
(676,928,734,399)
4.기타포괄손익누계액
(20,613,795,953)
(23,048,795,789)
(12,362,684,708)
5.이익잉여금
2,195,329,680,133
2,079,285,943,256
1,961,533,661,372
II. 비지배지분
72,722,123,587
19,098,119,114
18,326,380,665
자 본 총 계
1,536,835,578,135
1,412,166,180,284
1,445,055,699,930
부채및자본총계
4,257,669,750,821
3,695,935,640,310
3,596,830,123,178
(2023년 1월 1일 ~ 2023년 12월 31일)
(2022년 1월 1일 ~ 2022년 12월 31일)
(2021년 1월 1일 ~ 2021년 12월 31일)
매출액
3,224,680,481,809
2,841,747,049,867
2,506,093,270,200
영업이익
210,669,752,581
222,858,437,341
182,218,380,367
연결당기순이익
166,513,593,085
131,094,281,214
137,076,880,540
지배기업의 소유주
165,886,015,428
128,410,081,553
135,515,807,903
비지배지분
627,577,657
2,684,199,661
1,561,072,637
주당이익
보통주 기본 및 희석주당순이익
16,499
12,754
13,341
우선주 기본 및 희석주당순이익
16,504
12,759
13,346
연결에 포함된 종속회사수
13
13
11
나. 요약별도재무정보
제57기 2023년 12월 31일 현재
제56기 2022년 12월 31일 현재
제55기 2021년 12월 31일 현재
롯데칠성음료 주식회사 (단위: 원)
과 목
제57기말
제56기말
제55기말
자 산
I. 유동자산
825,929,065,157
911,106,748,215
900,858,091,518
1. 현금및현금성자산
188,207,623,668
294,472,672,170
345,140,926,198
2. 단기금융상품
10,000,000,000
10,101,651,860
15,197,657,890
3. 매출채권및기타채권
250,647,323,561
219,114,169,808
207,325,711,201
4. 기타금융자산
1,256,587,584
10,704,987,557
3,691,896,484
5. 만기보유금융자산
28,230,000
38,875,000
1,466,355,000
6. 재고자산
327,834,858,224
315,864,507,267
278,723,870,580
7. 기타자산
47,954,442,120
60,809,884,553
49,311,674,165
II. 비유동자산
2,653,265,337,590
2,607,077,713,600
2,557,684,740,577
1. 장기금융상품
28,501,531
29,401,477
109,761,346
2. 장기매출채권및기타채권
1,370,407,381
985,677,500
1,477,998,940
3. 기타금융자산
59,333,962,747
62,683,382,118
64,453,455,027
4. 당기손익-공정가치금융자산
300,218,140
384,526,620
444,519,845
5. 기타포괄손익-공정가치금융자산
21,348,417,695
20,391,942,013
26,244,792,976
6. 만기보유금융자산
307,470,000
309,340,000
333,940,000
7. 종속기업,관계기업및공동기업투자
268,181,159,479
272,177,565,262
269,047,722,818
8. 유형자산
1,978,010,383,615
1,930,310,602,395
1,926,312,574,653
9. 사용권자산
70,228,679,030
63,714,964,303
68,788,568,928
10. 투자부동산
134,326,574,603
117,150,516,040
129,018,641,945
11. 무형자산
45,568,057,760
52,186,783,009
59,858,324,391
12. 기타자산
12,554,972,760
12,279,778,098
3,935,716,003
13. 순확정급여자산
61,706,532,849
74,473,234,765
7,658,723,705
자 산 총 계
3,479,194,402,747
3,518,184,461,815
3,458,542,832,095
부 채
I. 유동부채
874,864,842,740
1,054,283,176,061
884,498,532,794
II. 비유동부채
1,169,695,489,035
1,080,242,312,663
1,154,088,253,568
부 채 총 계
2,044,560,331,775
2,134,525,488,724
2,038,586,786,362
자 본
I. 자본금
5,027,097,000
5,027,097,000
5,027,097,000
II. 신종자본증권
-
-
149,459,980,000
III. 기타자본
(612,068,884,828)
(612,068,884,828)
(620,801,435,930)
IV. 기타포괄손익누계액
217,454,644
1,055,709,888
5,080,375,406
V. 이익잉여금
2,041,458,404,156
1,989,645,051,031
1,881,190,029,257
자 본 총 계
1,434,634,070,972
1,383,658,973,091
1,419,956,045,733
부채및자본총계
3,479,194,402,747
3,518,184,461,815
3,458,542,832,095
종속ㆍ관계ㆍ공동기업 투자주식의 평가방법
원가법
원가법
원가법
(2023년 1월 1일 ~ 2023년 12월 31일)
(2022년 1월 1일 ~ 2022년 12월 31일)
(2021년 1월 1일 ~ 2021년 12월 31일)
매출액
2,757,321,369,169
2,642,307,744,792
2,345,126,624,991
영업이익
195,572,223,768
202,804,429,141
174,560,401,762
당기순이익
104,602,369,392
119,870,140,882
122,606,639,118
주당이익
보통주 기본 및 희석주당순이익
10,403
11,904
12,019
우선주 기본 및 희석주당순이익
10,408
11,909
12,024