에스원 / 2024.03.13 사업보고서
1. 요약재무정보
1) 요약연결재무정보
(단위 : 원)
구 분
제 47 기
(2023년 12월말)
제 46 기
(2022년 12월말)
제 45 기
(2021년 12월말)
[유동자산]
1,096,506,000,000
950,422,000,000
864,356,000,000
ㆍ현금및현금성자산
241,862,000,000
238,856,000,000
218,900,000,000
[비유동자산]
1,082,999,000,000
1,125,237,000,000
1,108,617,000,000
자산총계
2,179,505,000,000
2,075,659,000,000
1,972,973,000,000
[유동부채]
469,224,000,000
444,738,000,000
417,273,000,000
[비유동부채]
112,374,000,000
107,932,000,000
112,804,000,000
부채총계
581,598,000,000
552,670,000,000
530,077,000,000
[자본금]
19,000,000,000
19,000,000,000
19,000,000,000
[이익잉여금]
1,535,056,000,000
1,460,752,000,000
1,378,587,000,000
[비지배지분]
23,000,000
23,000,000
25,000,000
자본총계
1,597,907,000,000
1,522,989,000,000
1,442,896,000,000
구 분
제 47 기 (2023년 1월 1일~ 2023년 12월 31일)
제 46 기 (2022년 1월 1일~ 2022년 12월 31일)
제 45 기 (2021년 1월 1일~ 2021년 12월 31일)
매출액
2,620,811,000,000
2,467,960,000,000
2,312,489,000,000
영업이익
212,609,000,000
204,139,000,000
179,665,000,000
연결당기순이익
189,480,000,000
151,031,000,000
128,991,000,000
기본 주당순이익
5,604
4,467
3,815