케이탑리츠 / 2024.03.14 사업보고서
1. 요약재무정보
(1) 요약연결재무제표
(단위: 원)
구분
제14기
(2023년 12월말)
제13기
(2022년 12월말)
제12기
(2021년 12월말)
[유동자산]
40,105,342,535
6,267,487,666
9,413,831,513
현금및현금성자산
37,196,803,295
2,939,792,019
5,392,258,375
매출채권및기타채권
711,978,820
788,504,256
821,765,676
당기손익공정가치금융자산
2,180,922,758
1,384,305,848
3,179,655,204
[비유동자산]
172,988,985,928
263,980,480,718
239,470,801,245
유형자산
3,047,514,724
2,983,262,219
2,874,275,817
무형자산
412,575,880
414,933,880
382,133,880
당기손익공정가치금융자산
1,575,453,547
4,573,726,980
11,581,909
자산총계
213,094,328,463
270,247,968,384
248,884,632,758
[유동부채]
67,011,538,789
146,861,516,004
105,470,161,494
[비유동부채]
43,163,836,885
27,745,234,253
55,894,230,227
부채총계
110,175,375,674
174,606,750,257
161,364,391,721
[자본금]
48,060,774,000
48,060,774,000
46,224,127,000
[이익잉여금]
51,509,463,936
45,035,390,296
38,657,068,628
[비지배지분]
1,155,117,696
1,049,521,339
1,162,198,102
자본총계
102,918,952,789
95,641,218,127
87,520,241,037
2023년 1월~12월
2022년 1월~12월
2021년 1월~12월
영업수익
26,893,075,403
21,632,033,146
31,950,264,577
영업이익
20,523,790,393
17,537,436,948
17,971,670,570
당기순이익
11,766,157,980
9,903,309,943
11,484,351,110
총포괄이익
12,458,593,523
9,932,666,167
12,024,682,335
지배기업소유주지분 당기순이익
11,631,040,484
10,051,615,828
11,479,974,756
주당순이익
244
211
249
연결에 포함된 회사수
1
3
3
* 한국채택국제회계기준(K-IFRS) 작성기준에 따라 작성되었습니다.
* 상기 재무제표는 주주총회 승인전 재무제표이며, 향후 정기주주총회에서 재무제표 승인 관련 안건이 부
결되거나 수정이 발생한 경우 정정보고서를 통해 그 내용 및 사유 등을 반영할 예정입니다.