인선이엔티 / 2024.03.21 사업보고서
1. 요약재무정보
가. 요약 연결재무정보
(단위 : 원)
구 분
제27기 기말
(2023년 12월말)
제26기 기말
(2022년 12월말)
제25기 기말
(2021년 12월말)
비유동자산
420,604,093,484
403,287,693,391
348,219,875,702
유동자산
124,386,475,825
146,930,916,567
145,117,599,476
자산총계
544,990,569,309
550,218,609,958
493,337,475,178
자본금
23,281,806,000
23,281,806,000
23,281,806,000
이익잉여금
210,210,118,716
208,842,501,468
187,122,704,290
자본총계
343,604,585,591
341,844,167,993
337,556,517,208
비유동부채
99,441,061,517
82,511,886,268
52,410,692,901
유동부채
101,944,922,201
125,862,555,697
103,370,265,069
부채총계
201,385,983,718
208,374,441,965
155,780,957,970
2023년 1월~12월
2022년 1월~12월
2021년 1월~12월
매출액
220,959,199,628
237,616,653,525
246,411,620,542
영업이익
25,808,068,439
33,230,165,818
41,852,794,968
계속영업법인세비용차감전순이익
(1,919,933,536)
28,972,541,204
40,336,887,336
당기순이익
1,711,848,050
21,896,167,133
24,907,414,614
지배기업의 소유주에 귀속될 당기순이익
1,711,848,050
21,896,167,133
24,920,312,983
주당손익
기본주당손익
38
480
535
희석주당손익
38
480
535
연결에 포함된 회사수
5개
5개
5개