SK이노베이션 / 2024.03.20 사업보고서
1. 요약재무정보
가. 요약연결재무정보
(단위: 원)
구분
제 17 기
(2023.12.31)
제 16 기
(2022.12.31)
제 15 기
(2021.12.31)
[유동자산]
33,279,589,000,000
31,966,676,000,000
21,481,685,000,000
[비유동자산]
47,555,924,000,000
35,252,248,000,000
28,063,257,000,000
자산총계
80,835,513,000,000
67,218,924,000,000
49,544,942,000,000
[유동부채]
29,399,179,000,000
27,557,210,000,000
14,512,449,000,000
[비유동부채]
21,416,367,000,000
16,419,403,000,000
15,411,797,000,000
부채총계
50,815,546,000,000
43,976,613,000,000
29,924,246,000,000
[자본금]
509,520,000,000
468,570,000,000
468,570,000,000
[연결이익잉여금]
11,252,835,000,000
11,579,658,000,000
10,198,716,000,000
[비지배지분]
7,817,253,000,000
3,590,685,000,000
2,309,841,000,000
자본총계
30,019,967,000,000
23,242,311,000,000
19,620,696,000,000
(2023.01.01. ~
2023.12.31)
(2022.01.01. ~
2022.12.31)
(2021.01.01. ~
2021.12.31)
매출액
77,288,486,000,000
78,056,939,000,000
46,853,416,000,000
영업이익(손실)
1,903,886,000,000
3,917,341,000,000
1,741,673,000,000
당기순이익(손실)
554,894,000,000
1,895,179,000,000
488,510,000,000
기본주당이익(손실)
2,808
18,059
3,405
구형우선주기본주당이익(손실)
2,858
18,109
3,455
연결에 포함된 회사수
73
69
68