아난티 / 2024.03.20 사업보고서
1. 요약재무정보
가. 요약연결재무정보
(단위 : 원)
구분
제37기
제36기
제35기
2023년 12월말
2022년 12월말
2021년 12월말
[유동자산]
169,626,000,000
525,676,000,000
466,549,000,000
ㆍ현금및현금성자산
78,388,000,000
177,804,000,000
266,456,000,000
[비유동자산]
1,375,280,000,000
1,209,111,000,000
918,586,000,000
자산총계
1,544,906,000,000
1,734,787,000,000
1,385,135,000,000
[유동부채]
414,080,000,000
749,253,000,000
565,777,000,000
[비유동부채]
426,988,000,000
474,899,000,000
418,803,000,000
부채총계
841,068,000,000
1,224,152,000,000
984,580,000,000
[지배기업소유주지분]
639,302,000,000
506,952,000,000
377,519,000,000
[이익잉여금]
151,335,000,000
59,199,000,000
28,220,000,000
[외부주주지분]
64,536,000,000
3,683,000,000
23,037,000,000
자본총계
703,838,000,000
510,635,000,000
400,555,000,000
구분
2023.01.01 ~ 2023.12.31
2022.01.01 ~ 2022.12.31
2021.01.01 ~ 2021.12.31
매출액
897,297,000,000
325,346,000,000
219,820,000,000
영업이익(손실)
267,048,000,000
115,223,000,000
59,731,000,000
당기순이익(손실)
210,408,000,000
33,987,000,000
16,682,000,000
지배기업 소유주지분
100,098,000,000
31,036,000,000
18,870,000,000
비지배지분
110,310,000,000
2,951,000,000
(2,189,000,000)
연결기준 기본주당순이익(단위 : 원)
1,127
360
221
연결기준 희석주당순이익(단위 : 원)
1,085
199
221