한국제지 / 2024.03.14 사업보고서
1. 요약재무정보
가. 요약연결재무정보
(단위 : 원)
구 분
제 40(당) 기
제 39(전) 기
제 38(전전) 기
(2023년 12월말)
(2022년 12월말)
(2021년 12월말)
[유동자산]
385,962,000,000
374,470,000,000
278,062,000,000
현금 및 현금성자산
53,971,000,000
9,169,000,000
17,193,000,000
[비유동자산]
350,888,000,000
296,126,000,000
282,877,000,000
자산총계
736,850,000,000
670,596,000,000
560,939,000,000
[유동부채]
276,379,000,000
253,348,000,000
152,150,000,000
[비유동부채]
21,995,000,000
6,125,000,000
15,654,000,000
부채총계
298,374,000,000
259,473,000,000
167,804,000,000
[자본금]
190,178,000,000
132,615,000,000
132,615,000,000
[이익잉여금(결손금)]
(56,607,000,000)
16,964,000,000
2,116,000,000
[비지배지분]
0
0
(3,142,000,000)
자본총계
438,476,000,000
411,123,000,000
393,135,000,000
(2023.01.01~ 2023.12.31)
(2022.01.01~ 2022.12.31)
(2021.01.01~ 2021.12.31)
매출액
712,027,000,000
684,783,000,000
519,628,000,000
영업이익(손실)
13,502,000,000
21,447,000,000
10,186,000,000
당기순이익(손실)
(66,630,000,000)
13,826,000,000
5,631,000,000
주당순이익(손실)(단위:원)
(425)
103
53