엔씨소프트 / 2024.03.22 [정정] 사업보고서
1. 요약재무정보
가. 요약연결재무정보
(단위 : 원)
구분
제27기
제26기
제25기
자산총계
4,393,800,423,903
4,437,632,450,781
4,581,889,369,472
부채총계
1,140,771,883,353
1,239,083,608,249
1,430,662,643,098
자본총계
3,253,028,540,550
3,198,548,842,532
3,151,226,726,374
2023년 1월~12월
2022년 1월~12월
2021년 1월~12월
영업수익
1,779,832,977,766
2,571,792,281,800
2,308,817,408,865
영업이익
137,283,512,800
559,006,120,606
375,213,171,049
당기순이익
213,914,315,973
435,990,309,263
395,734,616,139
지배기업소유주지분
212,139,042,611
435,714,571,297
396,892,503,786
비지배주주지분
1,775,273,362
275,737,966
(1,157,887,647)
기본주당순이익
10,446
21,456
19,318