현대홈쇼핑 / 2024.03.15 사업보고서
1. 요약재무정보
가. 요약 연결재무정보
(단위 : 원)
과목
2023년
(제23기)
2022년
(제22기)
2021년
(제21기)
유동자산
1,785,483,000,000
1,080,428,000,000
975,252,000,000
비유동자산
1,647,044,000,000
1,531,600,000,000
1,625,087,000,000
[자산총계]
3,432,527,000,000
2,782,028,000,000
2,600,338,000,000
유동부채
721,684,000,000
676,314,000,000
544,322,000,000
비유동부채
128,832,000,000
117,523,000,000
173,644,000,000
[부채총계]
850,516,000,000
823,289,000,000
717,966,000,000
자본금
60,000,000,000
60,000,000,000
60,000,000,000
이익잉여금
1,789,159,000,000
1,715,181,000,000
1,637,812,000,000
비지배지분
523,590,000,000
-
-
[자본총계]
2,582,011,000,000
1,958,739,000,000
1,882,372,000,000
기간
2023.01.01
~2023.12.31
2022.01.01
~2022.12.31
2021.01.01
~2021.12.31
매출액
2,064,457,000,000
2,101,668,000,000
2,095,384,000,000
영업이익
59,952,000,000
110,641,000,000
140,099,000,000
당기순이익
136,205,000,000
86,322,000,000
101,665,000,000
총포괄이익
129,445,000,000
103,841,000,000
115,709,000,000
계속영업주당손익(원)
8,186
5,019
12,307
중단영업주당손익(원)
3,712
2,522
(3,426)