아시아나항공 / 2024.03.25 [정정] 사업보고서
1. 요약재무정보
가. 요약재무정보(연결)
(단위 : 원)
구분
제36기
제35기
제34기
[유동자산]
2,149,809,000,000
2,844,323,000,000
2,565,299,000,000
[비유동자산]
10,866,937,000,000
10,611,019,000,000
10,517,365,000,000
자산총계
13,016,746,000,000
13,455,341,000,000
13,082,665,000,000
[유동부채]
5,435,522,000,000
5,976,436,000,000
5,239,252,000,000
[비유동부채]
6,770,879,000,000
6,763,260,000,000
7,322,316,000,000
부채총계
12,206,400,000,000
12,739,696,000,000
12,561,568,000,000
[자본금]
372,059,000,000
372,059,000,000
372,059,000,000
[이익잉여금(결손금)]
(862,182,000,000)
(850,766,000,000)
(981,701,000,000)
[비지배지분]
130,339,000,000
24,441,000,000
16,994,000,000
자본총계
810,345,000,000
715,646,000,000
521,096,000,000
종속ㆍ관계ㆍ공동기업 투자주식의 평가방법
지분법 적용
지분법 적용
지분법 적용
(2023.1.1~ 2023.12.31)
(2022.1.1~ 2022.12.31)
(2021.1.1~ 2021.12.31)
매출액
7,623,348,000,000
6,206,669,000,000
4,339,706,000,000
영업이익(손실)
619,929,000,000
598,764,000,000
93,204,000,000
당기순이익(손실)
180,532,000,000
26,526,000,000
(516,810,000,000)
총포괄이익(손실)
183,686,000,000
188,141,000,000
(475,611,000,000)
기본주당순이익(손실)
386
498
(6,053)
희석주당순이익(손실)
386
498
(7,022)
연결에 포함된 회사수
8
9
13