금강철강 / 2024.03.20 사업보고서
1. 요약재무정보
가. 요약연결재무정보
(단위 : 원)
구분
제47기
제46기
제45기
[유동자산]
116,041,106,302,000
119,929,930,729,000
109,569,383,963,000
ㆍ현금및현금성자산
25,949,773,166,000
36,435,100,213,000
40,992,547,892,000
자산총계
151,753,555,700,000
159,917,993,659,000
150,912,147,134,000
[유동부채]
24,749,807,998,000
33,908,448,425,000
28,527,008,622,000
[비유동부채]
840,177,238,000
1,284,203,510,000
2,785,513,737,000
부채총계
25,589,985,236,000
35,192,651,935,000
31,312,522,359,000
[자본금]
9,860,000,000,000
9,860,000,000,000
9,860,000,000,000
[연결이익잉여금]
106,695,009,217,000
105,073,043,855,000
100,556,508,274,000
비지배지분
△513,918,563,000
△479,764,469,000
△411,243,236,000
자본총계
126,163,570,464,000
124,725,341,724,000
119,599,624,775,000
종속기업
투자주식의 평가방법
원가법
원가법
원가법
관계기업
투자주식의 평가방법
지분법
지분법
지분법
부채와자본총계
151,753,555,700,000
159,917,993,659,000
150,912,147,134,000
2023.01.01~ 2023.12.31
2022.01.01~ 2022.12.31
2021.01.01~ 2021.12.31
매출액
225,362,561,244,000
244,220,990,730,000
236,219,889,560,000
영업이익
5,290,275,022,000
4,891,451,957,000
9,069,143,627,000
지배회사소유 순이익
4,551,528,091,000
5,465,827,698,000
10,224,814,179,000
비지배지분 순이익
△34,154,094,000
△68,521,233,000
△29,981,094,000
연결당기순이익
4,517,373,997,000
5,397,306,465,000
10,194,833,085,000
지배회사 소유주지분에대한 주당이익
281
332
631
연결에 포함된 회사수
2
2
2
[Δ는 부(-)의 수치임]
나. 요약재무정보
(단위 : 원)
구분
제47기
제46기
제45기
[유동자산]
109,441,987,086,000
115,561,820,714,000
105,994,169,273,000
ㆍ현금및현금성자산
25,129,572,681,000
34,037,171,086,000
39,928,142,713,000
자산총계
148,837,233,454,000
156,616,107,393,000
145,728,095,958,000
[유동부채]
22,561,378,614,000
32,594,194,851,000
26,924,737,494,000
[비유동부채]
1,239,861,012,000
1,457,561,937,000
2,575,593,333,000
부채총계
23,801,239,626,000
34,051,756,788,000
29,500,330,827,000
[자본금]
9,860,000,000,000
9,860,000,000,000
9,860,000,000,000
[이익잉여금]
104,404,207,433,000
101,974,932,861,000
96,525,401,586,000
자본총계
125,035,993,828,000
122,564,350,605,000
116,227,765,131,000
종속, 관계기업
투자주식의 평가방법
원가법
원가법
원가법
부채와자본총계
148,837,233,454,000
156,616,107,393,000
145,728,095,958,000
2023.01.01~ 2023.12.31
2022.01.01~ 2022.12.31
2021.01.01~ 2021.12.31
매출액
224,461,631,244,000
243,367,550,730,000
235,296,639,560,000
영업이익
6,126,552,578,000
5,874,292,131,000
10,105,227,753,000
법인세비용차감전순이익
6,915,819,265,000
9,067,577,621,000
11,515,860,644,000
당기순이익
5,350,965,709,000
6,398,823,392,000
9,092,154,018,000
주당이익
330
389
561
[Δ는 부(-)의 수치임]