고려제강 / 2024.03.21 사업보고서
1. 요약재무정보
가. 요약연결재무정보
(단위 : 원)
구분
제 66기
제 65기
제 64기
[유동자산]
1,075,550,000,000
1,153,075,000,000
1,077,771,000,000
현금및현금성자산
184,205,000,000
203,384,000,000
159,305,000,000
자산총계
2,451,281,000,000
2,532,768,000,000
2,474,272,000,000
[유동부채]
446,167,000,000
561,484,000,000
601,226,000,000
[비유동부채]
209,903,000,000
243,762,000,000
234,937,000,000
부채총계
656,070,000,000
805,246,000,000
836,162,000,000
[자본금]
25,000,000,000
23,000,000,000
23,000,000,000
[이익잉여금]
1,626,762,000,000
1,566,861,000,000
1,487,242,000,000
비지배지분
118,013,000,000
127,487,000,000
110,359,000,000
자본총계
1,795,211,000,000
1,727,522,000,000
1,638,110,000,000
구 분
제66기
2023.01.01-12.31
제65기
2022.01.01-12.31
제 64기
2021.01.01-12.31
매출액
1,788,878,000,000
2,072,550,000,000
1,691,355,000,000
영업이익
56,317,000,000
133,503,000,000
98,527,000,000
당기순이익
64,527,000,000
92,323,000,000
133,312,000,000
총포괄이익
76,562,000,000
95,471,000,000
190,110,000,000
주당순이익(원)
2,859
3,242
5,194
연결대상 종속회사수
27
27
28