지누스 / 2024.04.25 [정정] 사업보고서
1. 요약재무정보
가. 요약연결재무정보
(단위 : 원)
구분
제45기
제44기
제43기
2023년 12월말
2022년 12월말
2021년 12월말
[유동자산]
602,441,000,000
685,770,000,000
651,429,000,000
ㆍ현금및현금성자산
79,544,000,000
132,081,000,000
131,653,000,000
[비유동자산]
438,958,000,000
429,050,000,000
367,208,000,000
자산총계
1,041,399,000,000
1,114,821,000,000
1,018,636,000,000
[유동부채]
330,478,000,000
391,306,000,000
438,355,000,000
[비유동부채]
85,157,000,000
97,357,000,000
102,053,000,000
부채총계
415,635,000,000
488,664,000,000
540,408,000,000
자본금
10,368,000,000
9,450,000,000
7,900,000,000
이익잉여금
351,585,000,000
356,254,000,000
334,392,000,000
자본총계
625,764,000,000
626,157,000,000
478,228,000,000
구분
제45기
제44기
제43기
2023년 12월말
2022년 12월말
2021년 12월말
(2023.01.01
~ 2023.12.31)
(2022.01.01
~ 2022.12.31)
(2021.01.01
~ 2021.12.31)
매출액
952,283,000,000
1,159,606,000,000
1,123,843,000,000
영업이익
18,342,000,000
65,561,000,000
74,335,000,000
당기순이익
5,297,000,000
29,372,000,000
51,657,000,000
기본주당이익(단위:원)
263
1,507
3,372
희석주당이익(단위:원)
261
1,489
3,311