파세코 / 2024.03.21 사업보고서
1. 요약재무정보
- 당사의 제38기 및 제37기,제36기 개별재무제표는 K-IFRS기준에 따라 작성되었으 며, 감사받은 재무제표입니다.
(단위 : 원)
구분
제 38기
제 37기
제 36기
자산
- 유동자산
77,953,000,000
86,972,000,000
75,484,000,000
현금및현금성자산
17,456,000,000
19,282,000,000
18,366,000,000
매출채권및기타유동채권
10,499,000,000
10,813,000,000
13,694,000,000
재고자산
45,631,000,000
53,793,000,000
40,388,000,000
기타유동자산
1,314,000,000
2,547,000,000
3,020,000,000
- 비유동자산
55,847,000,000
62,650,000,000
66,398,000,000
유형자산
52,061,000,000
55,243,000,000
55,168,000,000
자산총계
133,800,000,000
149,622,000,000
141,882,000,000
부채
- 유동부채
28,133,000,000
40,063,000,000
36,948,000,000
매입채무및기타유동채무
15,231,000,000
14,927,000,000
16,673,000,000
단기차입금
9,868,000,000
16,638,000,000
9,995,000,000
기타유동부채
1,252,000,000
2,676,000,000
2,349,000,000
기타충당부채
1,653,000,000
2,214,000,000
2,575,000,000
- 비유동부채
2,682,000,000
2,941,000,000
3,565,000,000
기타비유동부채
242,000,000
263,000,000
228,000,000
기타충당부채
309,000,000
567,000,000
841,000,000
부채총계
30,815,000,000
43,003,000,000
40,512,000,000
자본
자본금
10,000,000,000
10,000,000,000
7,000,000,000
이익잉여금(결손금)
92,109,000,000
95,325,000,000
90,328,000,000
자본총계
102,985,000,000
106,619,000,000
101,369,000,000
자본과부채총계
133,800,000,000
149,622,000,000
141,882,000,000
매출액
147,541,000,000
200,475,000,000
227,185,000,000
영업이익(손실)
(1,238,000,000)
15,792,000,000
22,864,000,000
당기순이익(손실)
778,000,000
9,191,000,000
19,086,000,000
주당순이익(원)
39
460
956