한진 / 2024.03.28 [정정] 사업보고서
1. 요약재무정보
가. 요약 연결재무정보 (K-IFRS 적용)
(단위: 원)
사업연도
구분
제 68기
제 67기
제 66기
(2023년 12월말)
(2022년 12월말)
(2021년 12월말)
[유동자산]
657,966,999,000
615,210,709,000
702,239,490,000
ㆍ매출채권 및 기타채권
299,753,748,000
289,950,012,000
280,111,030,000
ㆍ현금 및 현금성 자산
257,529,558,000
144,930,376,000
210,571,793,000
ㆍ재고자산
9,333,008,000
11,840,129,000
9,937,244,000
ㆍ기타
91,350,685,000
168,490,192,000
201,619,423,000
[비유동자산]
3,543,396,601,000
3,477,986,983,000
3,175,381,226,000
ㆍ유형자산
1,906,073,477,000
1,820,258,450,000
1,569,906,686,000
ㆍ무형자산
394,412,709,000
383,248,175,000
391,280,159,000
ㆍ사용권자산
892,136,154,000
930,021,721,000
953,257,885,000
ㆍ상각후원가금융자산
14,379,701,000
16,708,317,000
19,017,622,000
ㆍ당기손익-공정가치측정 금융자산
8,108,174,000
3,473,789,000
4,426,557,000
ㆍ기타포괄손익-공정가치측정 금융자산
52,998,082,000
56,478,529,000
56,799,401,000
ㆍ기타
275,288,304,000
267,798,002,000
180,692,916,000
자산총계
4,201,363,600,000
4,093,197,692,000
3,877,620,716,000
[유동부채]
1,028,166,709,000
799,783,072,000
865,858,612,000
[비유동부채]
1,633,620,269,000
1,759,031,681,000
1,637,790,971,000
부채총계
2,661,786,978,000
2,558,814,753,000
2,503,649,583,000
[자본금]
74,738,140,000
74,738,140,000
74,738,140,000
[자본잉여금]
182,929,882,000
182,263,121,000
182,263,121,000
[자본조정]
△20,620,889,000
△20,620,889,000
△20,620,889,000
[기타포괄손익누계액]
381,115,622,000
380,758,452,000
257,375,494,000
[이익잉여금]
792,453,697,000
778,715,113,000
727,328,507,000
사업연도
구분
제 68기
제 67기
제 66기
(2023년 12월말)
(2022년 12월말)
(2021년 12월말)
지배기업 소유주지분 합계
1,410,616,452,000
1,395,853,937,000
1,223,134,527,000
[비지배지분]
128,960,170,000
138,529,002,000
150,836,606,000
자본총계
1,539,576,622,000
1,534,382,939,000
1,373,971,133,000
(2023.1.1 ~ 2023.12.31.)
(2022.1.1 ~ 2022.12.31.)
(2021.1.1 ~ 2021.12.31.)
매출액
2,807,528,783,000
2,849,420,869,000
2,504,131,194,000
영업이익
122,526,979,000
114,501,783,000
99,432,892,000
법인세비용차감전순이익(손실)
26,661,243,000
38,290,827,000
215,924,549,000
당기순이익(손실)
26,107,574,000
51,759,791,000
161,832,907,000
ㆍ지배회사지분순손익
26,123,599,000
47,599,589,000
158,718,328,000
ㆍ비지배지분순이익
△16,025,000
4,160,202,000
3,114,579,000
지배기업 소유주지분에 대한 기본주당순이익(손실) (원)
1,805
3,290
10,804
지배기업 소유주지분에 대한 희석주당순이익(손실) (원)
1,805
3,206
10,473
연결에 포함된 회사수
18개
17개
16개