예스24 / 2024.03.20 사업보고서
1. 요약재무정보
가. 요약연결재무정보
(단위 : 원)
계정과목
제 25 기
제 24 기
제 23 기
[유동자산]
108,282,000,000
98,214,000,000
112,227,000,000
- 현금및현금성자산
7,541,000,000
5,322,000,000
28,856,000,000
[비유동자산]
341,040,000,000
289,427,000,000
475,928,000,000
자산총계
449,322,000,000
387,641,000,000
588,155,000,000
[유동부채]
196,719,000,000
183,106,000,000
182,331,000,000
[비유동부채]
32,643,000,000
20,903,000,000
72,408,000,000
부채총계
229,362,000,000
204,009,000,000
254,739,000,000
[자본금]
12,500,000,000
12,500,000,000
12,500,000,000
[이익잉여금]
58,352,000,000
67,260,000,000
68,440,000,000
[비지배지분]
43,000,000
212,000,000
385,000,000
자본총계
219,960,000,000
183,632,000,000
333,416,000,000
부채와 자본총계
449,322,000,000
387,641,000,000
588,155,000,000
기간
2023년 1월~12월
2022년 1월~12월
2021년 1월~12월
매출액
657,844,000,000
663,771,000,000
653,696,000,000
영업이익(손실)
5,847,000,000
15,710,000,000
12,596,000,000
당기순이익(손실)
(4,208,000,000)
880,000,000
18,266,000,000
총포괄이익(손실)
41,326,000,000
(145,239,000,000)
170,863,000,000
주당순이익(원)
(145)
57
746