한국공항 / 2024.03.13 사업보고서
1. 요약재무정보
가. 연결요약재무정보
(단위 : 원)
사업년도
구분
제 57기
제 56기
제 55기
(2023년 12월말)
(2022년 12월말)
(2021년 12월말)
자산
[유동자산]
206,590,264,000,000
185,028,753,000,000
177,050,679,000,000
ㆍ현금및현금성자산
40,360,517,000,000
37,095,131,000,000
105,980,968,000,000
[비유동자산]
270,261,276,000,000
236,066,290,000,000
206,837,299,000,000
자산총계
476,851,540,000,000
421,095,043,000,000
383,887,978,000,000
부채
[유동부채]
72,927,688,000,000
44,213,127,000,000
39,604,835,000,000
[비유동부채]
55,450,950,000,000
37,605,487,000,000
54,208,865,000,000
부채총계
128,378,638,000,000
81,818,614,000,000
93,813,701,000,000
자본
[지배기업 소유주 귀속분]
348,472,902,000,000
339,276,429,000,000
290,074,277,000,000
ㆍ자본금
15,831,775,000,000
15,831,775,000,000
15,831,775,000,000
ㆍ이익잉여금
265,708,104,000,000
256,482,488,000,000
230,423,467,000,000
자본총계
348,472,902,000,000
339,276,429,000,000
290,074,277,000,000
부채와자본총계
476,851,540,000,000
421,095,043,000,000
383,887,978,000,000
(2023.01.01~ 2023.12.31)
(2022.01.01~ 2022.12.31)
(2021.01.01~ 2021.12.31)
매출액
544,725,137,000,000
400,521,082,000,000
345,532,184,000,000
영업이익
33,969,013,000,000
2,592,551,000,000
(902,547,000,000)
법인세비용차감전순이익
39,897,211,000,000
6,806,481,000,000
410,513,000,000
당기순손익
31,422,609,000,000
5,774,386,000,000
3,251,006,000,000
지배기업지분순손익
31,422,609,000,000
5,774,386,000,000
3,251,006,000,000
기타포괄손익
(22,226,136,000,000)
43,427,766,000,000
14,289,970,000,000
당기총포괄손익
9,196,473,000,000
49,202,151,000,000
17,540,976,000,000
주당순손익(원)
10,275
1,888
1,063
연결에 포함된 회사수
1개
1개
1개
[( )는 부(-)의 수치임]
(*) 한국채택국제회계기준(K-IFRS)에 따라 작성되었습니다.
(*) 제57기 재무제표는 사업보고서 공시일(2024년 3월 13일) 현재 주주총회 (2024년 3월 21 일) 승인전 재무제표입니다. 향후 정기 주주총회에서 재무제표 승인 관련 안건이 부결되거나 수정이 발생할 경우 사업보고서 정정을 통해 그 내용 및 사유 등을 공시할 예정입니다.