카카오 / 2024.04.18 [정정] 사업보고서
1. 요약재무정보
가. 요약 연결 재무정보
(단위: 원)
구 분
제 29 (당) 기 (2023.12.31)
제 28 (전) 기 (2022.12.31)
제 27 (전전) 기 (2021.12.31)
자 산
[유동자산]
8,943,259,940,386
7,755,732,886,687
8,102,194,310,997
현금및현금성자산
5,268,778,560,460
4,780,244,024,656
5,231,503,744,581
단기금융상품
1,661,509,491,267
1,210,213,106,081
1,573,559,403,457
당기손익-공정가치 측정 금융자산
154,695,218,753
565,644,082,731
305,059,836,417
기타유동금융자산
575,469,312,381
361,873,401,878
319,120,484,357
기타
1,282,807,357,525
837,758,271,341
672,950,842,185
[비유동자산]
15,090,186,620,681
14,451,090,876,875
13,716,985,880,517
당기손익-공정가치 측정 금융자산
484,752,539,257
502,077,576,293
302,248,824,872
기타포괄손익-공정가치 측정 금융자산
1,658,868,383,538
1,449,567,442,653
1,219,162,704,193
관계기업 및 공동기업 투자
2,941,239,174,705
2,651,898,314,409
3,215,802,034,315
유형자산
1,322,051,482,382
885,397,238,049
554,916,365,953
무형자산
5,688,507,563,040
6,022,351,854,665
6,347,794,613,028
기타
2,994,767,477,759
2,939,798,450,806
2,077,061,338,156
[금융업자산]
1,146,522,378,254
756,720,260,827
965,378,917,076
현금및현금성자산
120,412,073,981
55,665,137,642
94,196,274,985
당기손익-공정가치측정 금융자산
677,901,691,637
496,616,044,772
495,952,344,594
유형자산
14,878,343,385
15,037,428,692
11,782,314,064
무형자산
80,379,340,022
70,561,390,508
33,227,872,379
기타
252,950,929,229
118,840,259,213
330,220,111,054
자산총계
25,179,968,939,321
22,963,544,024,389
22,784,559,108,590
부 채
[유동부채]
6,766,752,561,041
5,210,218,944,086
5,657,183,444,239
[비유동부채]
3,737,183,644,561
3,797,874,321,717
2,884,801,635,871
[금융업부채]
817,433,509,593
439,733,373,643
674,240,382,801
부채총계
11,321,369,715,195
9,447,826,639,446
9,216,225,462,911
자 본
[지배기업의 소유주지분]
9,763,719,252,178
9,983,714,930,904
9,964,627,991,241
ㆍ자본금
44,534,987,800
44,592,368,900
44,640,599,000
ㆍ자본잉여금
8,839,891,458,553
8,116,371,778,929
7,781,647,832,605
ㆍ자본조정
7,570,509,039
41,031,372,904
77,070,391,410
ㆍ기타포괄손익누계액
(1,050,414,631,829)
(1,249,666,036,515)
371,824,570,298
ㆍ 이익잉여금
1,922,136,928,615
3,031,388,208,886
1,689,444,597,928
[비지배지분]
4,094,879,971,948
3,531,999,691,839
3,603,705,654,438
자본총계
13,858,599,224,126
13,515,717,384,943
13,568,333,645,679
부채 및 자본 총계
25,179,968,939,321
22,963,544,024,389
22,784,559,108,590
구분
제 29 (당) 기
(23. 1. 1~23.12.31)
제 28 (전) 기
(22. 1. 1~22.12.31)
제 27 (전전) 기
(21. 1. 1~21.12.31)
영업수익
7,557,001,757,272
6,798,741,511,168
5,910,512,880,994
영업이익(손실)
460,857,845,673
569,390,445,168
587,884,339,202
당기순이익(손실)
(1,816,669,011,014)
1,067,029,037,423
1,640,484,195,406
지배기업의 소유주지분
(1,012,550,566,010)
1,358,016,716,320
1,387,314,031,334
비지배지분
(804,118,445,004)
(290,987,678,897)
253,170,164,072
당기총포괄이익(손실)
(1,714,544,764,697)
(662,765,061,793)
2,072,285,296,451
기본주당이익 (원)
(2,315)원/주
3,118원/주
3,210원/주
희석주당이익 (원)
(2,315)원/주
3,066원/주
3,135원/주
연결 종속회사의 수
175개
142개
153개
나. 요약 재무정보
참고: 상기 3개년도의 기본주당이익(원) 및 희석주당이익(원)은 주식분할에 따른 액
면가 100원 기준입니다
(단위: 원)
구 분
제 29 (당) 기 (2023.12.31)
제 28 (전) 기 (2022.12.31)
제 27 (전전) 기 (2021.12.31)
자 산
[유동자산]
1,931,910,095,804
2,334,856,281,209
2,412,771,566,068
현금및현금성자산
1,439,389,492,367
1,248,787,835,786
1,478,675,780,625
단기금융상품
21,500,000,000
211,000,000,000
255,435,276,220
당기손익-공정가치 측정 금융자산
0
393,800,193,448
267,800,193,700
매출채권
156,828,110,294
139,265,324,471
152,198,881,960
기타유동금융자산
226,946,041,807
255,019,072,831
190,568,812,718
기타
87,246,451,336
86,983,854,673
68,092,620,845
[비유동자산]
9,422,957,928,367
8,456,639,973,425
7,616,731,297,777
당기손익-공정가치 측정 금융자산
79,556,509,609
85,380,928,065
86,639,621,580
기타포괄손익-공정가치 측정 금융자산
16,864,079,479
21,895,150,704
789,169,945,252
종속기업, 관계기업 및 공동기업투자
5,353,211,202,315
4,751,725,840,598
3,547,758,071,680
유형자산
736,512,474,765
500,459,220,184
312,554,741,802
무형자산
1,584,767,690,204
1,608,568,396,693
1,573,635,018,208
기타
1,652,045,971,995
1,488,610,437,181
1,306,973,899,255
자산총계
11,354,868,024,171
10,791,496,254,634
10,029,502,863,845
부 채
[유동부채]
2,661,574,916,955
2,210,378,359,144
2,318,866,853,953
[비유동부채]
1,510,120,990,641
1,510,263,678,438
1,171,298,508,308
부채총계
4,171,695,907,596
3,720,642,037,582
3,490,165,362,261
자 본
ㆍ자본금
44,534,987,800
44,592,368,900
44,640,599,000
ㆍ자본잉여금
5,744,620,766,690
5,636,721,336,561
5,489,187,456,902
ㆍ자본조정
7,570,509,031
41,031,372,896
77,070,391,402
ㆍ기타포괄손익누계액
-4,630,358,666
11,278,068,470
240,486,698,823
ㆍ이익잉여금
1,391,076,211,720
1,337,231,070,225
687,952,355,457
자본총계
7,183,172,116,575
7,070,854,217,052
6,539,337,501,584
부채 및 자본 총계
11,354,868,024,171
10,791,496,254,634
10,029,502,863,845
평가방법
종속기업투자
원가법
원가법
원가법
공동기업투자
원가법
원가법
원가법
관계기업투자
원가법
원가법
원가법
구분
제 29 (당) 기
(23. 1. 1~23.12.31)
제 28 (전) 기
(22. 1. 1~22.12.31)
제 27 (전전) 기
(21. 1. 1~21.12.31)
영업수익
2,499,599,504,613
2,456,590,805,969
2,132,915,884,804
영업이익(손실)
533,021,659,728
543,978,112,016
397,366,297,001
당기순이익(손실)
102,108,806,408
1,611,790,174,060
503,123,622,467
당기총포괄이익(손실)
64,138,658,079
443,059,730,115
677,046,563,917
기본주당이익 (원)
233원/주
3,700원/주
1,164원/주
희석주당이익 (원)
232원/주
3,644원/주
1,139원/주
참고: 상기 3개년도의 기본주당이익(원) 및 희석주당이익(원)은 주식분할에 따른 액
면가 100원 기준입니다