오이솔루션 / 2024.03.14 사업보고서
1. 요약재무정보
가. 요약연결재무정보
(단위 : 원)
과 목
제 21기
제 20기
제 19기
(2023년)
(2022년)
(2021년)
유동자산
74,832,773,642
99,267,375,565
106,937,517,370
비유동자산
77,136,019,632
88,652,455,099
94,901,028,285
자산총계
151,968,793,274
187,919,830,664
201,838,545,655
유동부채
39,476,725,889
38,920,720,129
40,745,231,380
비유동부채
1,069,092,640
1,343,603,890
1,794,041,738
부채총계
40,545,818,529
40,264,324,019
42,539,273,118
자본금
5,312,047,500
5,312,047,500
5,312,047,500
이익잉여금
54,592,769,298
90,861,018,824
99,665,452,483
비지배지분
-
-
-
자본총계
111,422,974,745
147,655,506,645
159,299,272,537
구분
2023년 1월 1일부터
2023년 12월 31일까지
2022년 1월 1일부터
2022년 12월 31일까지
2021년 1월 1일부터 2021년 12월 31일까지
매출액
46,002,760,622
76,953,984,689
98,680,738,387
영업이익(손실)
(31,080,650,276)
(8,705,147,021)
1,654,881,565
당기순이익(손실)
(33,817,287,395)
(5,976,773,303)
14,371,772,005
주당순이익(손실)
(3,218)
(567)
1,354