남선알미늄 / 2024.06.04 [정정] 사업보고서
1. 요약재무정보
1. 요약연결재무정보
(단위 : 천원)
구분
제51기
제50기
제49기
[유동자산]
170,423,189
134,740,292
116,527,738
ㆍ현금및현금성자산
65,958,193
53,512,386
25,441,264
ㆍ금융기관예치금
70,000
70,000
5,070,000
ㆍ매출채권
62,377,524
36,690,082
38,160,768
ㆍ기타채권
412,843
448,956
193,015
ㆍ기타포괄-공정가치금융자산
-
-
1,789
ㆍ당기손익-공정가치금융자산
3,609
-
-
ㆍ기타금융자산
-
1,400
1,400
ㆍ재고자산
29,836,883
33,145,082
36,558,856
ㆍ당기법인세자산
390
361,103
133,160
ㆍ미청구공사
9,681,837
6,203,037
4,740,129
ㆍ기타유동자산
2,081,910
4,308,246
6,227,357
[비유동자산]
262,284,411
266,454,852
238,710,616
ㆍ장기금융기관예치금
6,000
7,500
7,500
ㆍ장기매출채권
-
-
-
ㆍ장기기타채권
960,904
897,445
797,097
ㆍ당기손익-공정가치금융자산
15,472,770
11,195,608
8,916,154
ㆍ기타포괄-공정가치금융자산
-
-
30,978
ㆍ유형자산
58,689,448
59,268,559
60,803,814
ㆍ투자부동산
8,218,618
1,287,120
2,982,200
ㆍ무형자산
65,250
65,263
65,311
ㆍ관계기업투자
178,871,421
193,733,357
165,107,562
ㆍ기타비유동자산
-
-
-
자산총계
432,707,600
401,195,144
355,238,354
[유동부채]
88,129,042
49,056,023
69,337,233
[비유동부채]
41,410,345
45,502,319
49,970,354
부채총계
129,539,387
94,558,342
119,307,587
[지배기업소유지분]
303,168,213
306,636,802
235,930,767
ㆍ자본금
64,693,490
64,693,490
55,243,490
ㆍ기타불입자본
32,834,526
32,834,526
4,368,345
ㆍ기타자본
2,629,598
644,883
(812,469)
ㆍ이익잉여금(결손금)
203,010,599
208,463,903
177,131,401
[비지배지분]
-
-
-
자본총계
303,168,213
306,636,802
235,930,767
구분
(2023.01 ~ 2023.12)
(2022.01 ~ 2022.12)
(2021.01 ~ 2021.12)
매출액
310,499,187
255,740,230
230,343,537
영업이익
6,445,968
(2,490,018)
(6,912,236)
연결총당기순이익의 귀속
(263,740)
27,929,159
41,688,592
ㆍ지배기업의 소유주지분
(263,740)
27,929,159
41,688,592
ㆍ비지배지분
-
-
-
연결총포괄이익의 귀속
(3,468,588)
32,789,853
46,386,210
ㆍ지배기업의 소유주지분
(3,468,588)
32,789,853
46,386,210
ㆍ비지배지분
-
-
-
기본주당이익(원)
(2)
238
377
희석주당순이익(손실)
18
236
397
연결에 포함된 회사수
1
1
1
2. 요약재무정보
(단위 : 천원)
구분
제51기
제50기
제49기
[유동자산]
180,906,306
144,476,341
125,733,839
ㆍ현금및현금성자산
65,864,342
53,453,580
25,439,440
ㆍ금융기관예치금
70,000
70,000
5,070,000
ㆍ매출채권
62,377,524
36,690,082
38,160,768
ㆍ기타채권
10,990,201
10,244,024
9,400,955
ㆍ기타금융자산
-
1,400
1,400
ㆍ기타포괄-공정가치금융자산
-
-
1,789
ㆍ당기손익-공정가치금융자산
3,609
ㆍ재고자산
29,836,883
33,145,082
36,558,856
ㆍ미청구공사
9,681,837
6,203,037
4,740,129
ㆍ기타유동자산
2,081,910
4,308,246
6,227,358
ㆍ당기법인세자산
-
360,890
133,144
[비유동자산]
153,319,214
146,846,828
149,947,506
ㆍ장기금융기관예치금
6,000
7,500
7,500
ㆍ장기기타채권
960,904
897,445
797,097
ㆍ당기손익-공정가치금융자산
270,017
211,965
151,629
ㆍ기타포괄-공정가치금융자산
-
-
30,978
ㆍ장기매출채권
-
-
-
ㆍ유형자산
58,689,448
59,268,560
60,803,814
ㆍ투자부동산
8,218,618
1,287,120
2,982,200
ㆍ무형자산
65,250
65,263
65,311
ㆍ종속기업투자
85,108,977
85,108,977
85,108,977
자산총계
334,225,521
291,323,169
275,681,345
[유동부채]
88,108,504
49,028,528
69,323,135
[비유동부채]
34,867,996
28,644,884
37,234,941
부채총계
122,976,500
77,673,412
106,558,076
ㆍ자본금
64,693,490
64,693,490
55,243,490
ㆍ기타불입자본
32,834,526
32,834,526
4,368,345
ㆍ기타자본
(18,695)
(18,695)
6,864
ㆍ이익잉여금(결손금)
113,739,700
116,140,436
109,504,570
자본총계
211,249,021
213,649,757
169,123,269
종속,관계,공동기업 투자주식의 평가방법
원가법
원가법
원가법
구분
(2023.01 ~ 2023.12)
(2022.01 ~ 2022.12)
(2021.01 ~ 2021.12)
매출액
310,499,187
255,740,300
230,343,537
영업이익
6,555,363
(2,333,712)
(6,778,063)
당기순이익의 귀속(손실)
2,781,032
2,713,939
(6,277,201)
총포괄이익의 귀속(손실)
(2,400,735)
6,610,307
(4,938,465)
기본주당이익(원)
21
23
(57)
희석주당순이익(손실)
41
41
(37)