펩트론 / 2024.03.20 사업보고서
1. 요약재무정보
(단위 : 원)
사업연도
제27기
제26기
제25기
구분
(2023년)
(2022년)
(2021년)
회계처리기준
K-IFRS
K-IFRS
K-IFRS
[유동자산]
7,965,000,000,000
23,283,000,000,000
32,672,000,000,000
[비유동자산]
44,531,000,000,000
44,991,000,000,000
45,197,000,000,000
자산총계
52,496,000,000,000
68,274,000,000,000
77,869,000,000,000
[유동부채]
6,885,000,000,000
10,772,000,000,000
6,603,000,000,000
[비유동부채]
9,484,000,000,000
4,393,000,000,000
8,983,000,000,000
부채총계
16,369,000,000,000
15,165,000,000,000
15,586,000,000,000
[자본금]
10,313,000,000,000
10,313,000,000,000
10,313,000,000,000
[이익잉여금]
4,895,000,000,000
20,206,000,000,000
(82,054,000,000,000)
자본총계
36,127,000,000,000
53,109,000,000,000
62,283,000,000,000
부채와 자본총계
52,496,000,000,000
68,275,000,000,000
77,869,000,000,000
종속ㆍ관계ㆍ공동기업투자주식의 평가방법
해당사항 없음
해당사항 없음
해당사항 없음
매출액
3,342,000,000,000
5,814,000,000,000
6,625,000,000,000
영업이익(손실)
(15,884,000,000,000)
(15,227,000,000,000)
(15,659,000,000,000)
당기순이익(손실)
(15,922,000,000,000)
(15,063,000,000,000)
(15,042,000,000,000)
기본및희석주당이익(손실)(원)
(774)
(730)
(729)
※상기 재무제표는 주주총회 승인전 재무제표이며, 향후 정기주주총회에서 재무제표 승인 관련 안건이 부결되거나 수정이 발생한 경우 정정보고서를 통해 그 내용 및 사 유등을 반영할 예정입니다.