우리기술 / 2024.03.20 사업보고서
1. 요약재무정보
1. 요약 연결재무제표
(단위 : 원)
구분
제29기
제28기
제27기
2023년 12월말
2022년 12월말
2021년 12월말
[유동자산]
66,053,868,963,000
65,775,971,470,000
61,916,104,123,000
[비유동자산]
124,131,322,955,000
96,238,225,221,000
86,184,420,745,000
자산총계
190,185,191,918,000
162,014,196,691,000
148,100,524,868,000
[유동부채]
41,542,865,065,000
50,477,611,968,000
44,113,256,987,000
[비유동부채]
45,222,048,219,000
16,064,188,445,000
25,571,961,406,000
부채총계
86,764,913,284,000
66,541,800,413,000
69,685,218,393,000
[지배기업소유주지분]
103,312,342,369,000
95,472,396,278,000
78,922,400,561,000
[비지배지분]
107,936,265,000
-
- 507,094,086,000
자본총계
103,420,278,634,000
95,472,396,278,000
78,415,306,475,000
자본과 부채총계
190,185,191,918,000
162,014,196,691,000
148,100,524,868,000
구분
(2023년 01월 01일부터 2023년 12월 31일까지)
(2022년 01월 01일부터 2022년 12월 31일까지)
(2021년 01월 01일부터 2021년 12월 31일까지)
매출액
63,166,127,548,000
49,494,570,488,000
52,141,052,240,000
영업이익(손실)
6,678,853,804,000
4,801,125,334,000
7,245,494,022,000
연결당기순이익
5,032,187,322,000
3,368,733,524,000
3,695,895,648,000
기타포괄손익
(2,483,451,385,000)
2,690,893,768,000
792,063,761,000
총포괄손익
2,548,735,937,000
6,059,627,292,000
4,487,959,409,000
지배기업소유주의주당순손실(원)
33.11
22.84
47.28
연결에 포함된 회사수 (*)
7
6
6