신일전자 / 2024.03.20 사업보고서
1. 요약재무정보
(단위: 원)
구분
제 65 기
제 64 기
제 63 기
2023.12월말
2022.12월말
2021.12월말
자산
유동자산
79,333,118,000
105,816,872,000
82,714,381,000
현금및현금성자산
15,432,869,000
21,340,820,000
30,366,778,000
비유동자산
46,800,969,000
47,063,783,000
39,374,300,000
자산총계
126,134,087,000
152,880,655,000
122,088,681,000
부채
유동부채
38,648,004,000
64,029,490,000
39,024,415,000
비유동부채
5,241,317,000
6,960,322,000
457,840,000
부채총계
43,889,321,000
70,989,812,000
39,482,255,000
자본
자본금
35,523,761,000
35,523,761,000
35,523,761,000
이익잉여금(결손금)
37,973,253,000
37,619,330,000
38,334,913,000
자본총계
82,244,766,000
81,890,843,000
82,606,426,000
자본과부채총계
126,134,087,000
152,880,655,000
122,088,681,000
구분
2023.01.01~2023.12.31
2022.01.01~2022.12.31
2021.01.01~2021.12.31
매출액
184,299,576,000
202,728,990,000
193,517,100,000
영업이익
2,010,103,000
2,828,953,000
9,607,808,000
당기순이익(손실)
1,056,841,000
1,041,713,000
7,977,953,000
총포괄손익
1,056,841,000
1,041,713,000
7,977,953,000
기본주당이익
15
15
114