포스코엠텍 / 2024.03.15 사업보고서
1. 요약재무정보
(단위 : 원)
구분
제50기
제49기
제48기
(2023년 12월말)
(2022년 12월말)
(2021년 12월말)
[유동자산]
110,849,020,695
125,563,384,822
134,737,091,774
ㆍ현금및현금성자산
13,905,412,836
3,710,674,598
6,160,742,479
자산총계
154,927,324,419
159,723,837,264
156,334,135,241
[유동부채]
38,971,367,796
44,148,112,945
49,606,075,403
[비유동부채]
199,005,834
966,226,344
2,163,309,463
부채총계
39,170,373,630
45,114,339,289
51,769,384,866
자본금
20,821,351,500
20,821,351,500
20,821,351,500
이익잉여금
60,695,832,312
59,551,903,210
49,507,155,610
자본총계
115,756,950,789
114,609,497,975
104,564,750,375
(2023년 01월 01일~ 2023년 12월 31일)
(2022년 01월 01일~ 2022년 12월 31일)
(2021년 01월 01일~ 2021년 12월 31일)
매출액
341,410,235,234
342,175,910,791
323,878,359,080
영업이익
4,487,629,441
6,356,472,443
16,375,758,805
당기순이익
4,868,317,716
4,825,407,603
13,064,109,990
주당순이익
117
116
314
* 한국채택국제회계기준(K-IFRS)에 따라 재무정보를 작성