대한해운 / 2024.03.21 사업보고서
1. 요약재무정보
가. 요약연결재무정보
(단위 : 원)
구분
제 57(당) 기
제 56(전) 기
제 55(전전) 기
자 산
[비유동자산]
4,072,169,776,000,000
3,929,296,337,000,000
3,357,438,500,000,000
[유동자산]
655,634,038,000,000
560,963,775,000,000
502,296,059,000,000
자산총계
4,727,803,814,000,000
4,490,260,112,000,000
3,859,734,559,000,000
자 본
[자본금]
159,588,730,000,000
159,588,730,000,000
159,588,730,000,000
[이익잉여금]
878,493,359,000,000
810,214,510,000,000
652,604,683,000,000
비지배지분
237,652,714,000,000
257,504,838,000,000
231,519,252,000,000
자본총계
1,846,814,654,000,000
1,784,122,007,000,000
1,518,114,390,000,000
부 채
[비유동부채]
1,688,465,996,000,000
1,984,456,348,000,000
1,951,414,094,000,000
[유동부채]
1,192,523,164,000,000
721,681,757,000,000
390,206,075,000,000
부채총계
2,880,989,160,000,000
2,706,138,105,000,000
2,341,620,169,000,000
부채와 자본총계
4,727,803,814,000,000
4,490,260,112,000,000
3,859,734,559,000,000
구분
제 57(당) 기
제 56(전) 기
제 55(전전) 기
매출액
1,397,365,392,000,000
1,612,014,464,000,000
1,153,843,059,000,000
영업손익
249,957,271,000,000
267,671,831,000,000
203,921,089,000,000
연결당기순손익
46,354,280,000,000
172,294,293,000,000
306,589,438,000,000
총포괄손익
62,692,648,000,000
266,003,358,000,000
396,083,710,000,000
지배회사지분순이익
82,544,771,000,000
240,017,773,000,000
328,486,334,000,000
비지배지분순이익
(19,852,123,000,000)
25,985,585,000,000
67,597,376,000,000
주당순손익
220
507
891
연결에 포함된 회사수
6
6
6
※ 상기 요약 연결재무제표정보는 K-IFRS로 작성되었습니다.
※ 제57기(당기)는 주주총회 승인 전 연결재무제표입니다. 향후 정기주주총회에서 재무제표 승인 관련 안건이 부결되거나 수정이 발생한 경우 정정보고서를 통해 그 내 용 및 사유 등을 반영할 예정입니다.