에피바이오텍 / 2024.03.20 사업보고서
1. 요약재무정보
가. 요약연결재무정보
(단위 : 원)
사업연도
2023년
2022년
2021년
구분
제9기
제 8기
제 7기
유동자산
998,000,000,000
3,735,000,000,000
8,090,000,000,000
자산총계
5,785,000,000,000
9,297,000,000,000
12,884,000,000,000
유동부채
3,032,000,000,000
2,731,000,000,000
2,131,000,000,000
부채총계
3,309,000,000,000
2,991,000,000,000
3,064,000,000,000
자본금
1,509,000,000,000
1,506,000,000,000
1,462,000,000,000
자본잉여금
16,817,000,000,000
16,778,000,000,000
15,138,000,000,000
이익잉여금
(16,296,000,000,000)
(12,412,000,000,000)
(6,780,000,000,000)
자본총계
2,476,000,000,000
6,305,000,000,000
9,820,000,000,000
나. 요약손익계산서
사업연도
구분
2023년
2022년
2021년
제 9기
제8기
제 7기
매출액
476,000,000,000
400,000,000,000
388,000,000,000
영업이익(손실)
(4,624,000,000,000)
(5,287,000,000,000)
(3,242,000,000,000)
당기순이익(손실)
(3,884,000,000,000)
(5,256,000,000,000)
(3,195,000,000,000)
총포괄손익
(3,884,000,000,000)
(5,256,000,000,000)
(3,195,000,000,000)