국보 / 2024.03.21 사업보고서
1. 요약재무정보
가. 요약연결재무정보
(단위 : 원)
구분
제70기
제69기
제68기
(2023년 기말)
(2022년 기말)
(2021년기말)
자산총계
91,420,000,000,000
109,960,000,000,000
102,315,000,000,000
부채총계
62,049,000,000,000
66,872,000,000,000
70,472,000,000,000
자본총계
29,371,000,000,000
43,088,000,000,000
31,843,000,000,000
기간
2023년 01월~12월
2022년 01월~12월
2021년 01월~12월
매출액
47,384,000,000,000
58,835,000,000,000
96,850,000,000,000
영업이익(손실)
-12,080,000,000,000
-10,102,000,000,000
-8,009,000,000,000
당기순이익(손실)
-31,563,000,000,000
-24,432,000,000,000
-17,669,000,000,000
주당순손익(단위 : 원)
-2,708
-3,137
-3,053