리파인 / 2024.03.15 사업보고서
1. 요약재무정보
(단위 : 원)
과 목
제 22 기
(2023.12.31)
제 21 기
(2022.12.31)
제 20 기
(2021.12.31)
개별
개별
연결
Ⅰ.유동자산
139,111,576,346,000
120,835,389,474,000
136,949,590,003,000
Ⅱ.비유동자산
33,814,276,070,000
31,371,415,590,000
10,212,014,578,000
자산총계
172,925,852,416,000
152,206,805,064,000
147,161,604,581,000
Ⅰ.유동부채
13,459,293,924,000
11,076,279,885,000
9,548,185,581,000
Ⅱ.비유동부채
827,111,903,000
1,718,112,083,000
2,748,183,321,000
부채총계
14,286,405,827,000
12,794,391,968,000
12,296,368,902,000
Ⅰ.자본금
1,733,000,000,000
1,733,000,000,000
1,733,000,000,000
Ⅴ.이익잉여금
89,737,258,032,000
69,008,193,709,000
51,116,507,792,000
자본총계
158,639,446,589,000
139,412,413,096,000
134,865,235,679,000
부채 및 자본 총계
172,925,852,416,000
152,206,805,064,000
147,161,604,581,000
관계공동기업
투자주식의 평가방법
지분법
지분법
지분법
2023.01.01~2023.12.31
2022.01.01~2022.12.31
2021.01.01~2021.12.31
영업수익
66,484,437,442,000
55,077,908,851,000
58,773,815,123,000
영업이익
22,552,141,363,000
17,938,589,452,000
21,005,532,771,000
당기순이익
21,682,528,512,000
17,684,668,973,000
16,881,173,416,000
당기총포괄손익
20,612,076,023,000
17,891,685,917,000
16,379,845,485,000
기본 및 희석주당이익(원)
1,374
1,095
1,230
기본 및 희석주당계속영업이익(원)
1,374
1,089
1,234
연결에 포함된 회사 수
-
-
1
【 ( )는 음(-)의 수치임】