성창기업지주 / 2024.03.18 사업보고서
가. 요약 연결재무정보
1. 요약재무정보
(단위 : 원)
구분
제94기
제93기
제92기
[비유동자산]
711,734,000,000
726,070,000,000
629,780,000,000
[유동자산]
57,333,000,000
94,244,000,000
73,960,000,000
자산총계
769,067,000,000
820,314,000,000
703,740,000,000
[자본금]
36,000,000,000
36,000,000,000
36,000,000,000
[이익잉여금]
168,683,000,000
190,091,000,000
202,070,000,000
지배지분
573,235,000,000
595,646,000,000
539,195,000,000
비지배지분
63,000,000
127,000,000
56,000,000
자본총계
573,298,000,000
595,773,000,000
539,251,000,000
[비유동부채]
87,310,000,000
88,924,000,000
74,793,000,000
[유동부채]
108,459,000,000
135,617,000,000
89,696,000,000
부채총계
195,769,000,000
224,541,000,000
164,489,000,000
매출액
166,254,000,000
227,520,000,000
197,940,000,000
영업이익(손실)
(16,701,000,000)
(11,487,000,000)
10,472,000,000
당기순이익(손실)
(24,022,000,000)
(13,134,000,000)
5,938,000,000
총포괄손익
(22,382,000,000)
58,914,000,000
7,143,000,000
주당순이익
(376)
(206)
94