제이엘케이 / 2024.03.20 사업보고서
1. 요약재무정보
가. 요약 연결 재무정보
(단위 : 원)
제10기
(2023년 12월)
제9기
(2022년 12월)
제8기
(2021년 12월)
자산총계
33,154,820,031,000
36,330,798,017,000
40,448,268,095,000
부채총계
21,429,826,827,000
19,731,533,964,000
16,188,214,678,000
자본총계
11,724,993,204,000
16,599,264,053,000
24,260,053,417,000
영업수익
2,488,983,756,000
3,415,330,726,000
3,786,050,431,000
영업이익
-7,147,568,952,000
-8,627,804,401,000
-7,424,304,196,000
당기순이익
-7,306,037,907,000
-9,310,493,816,000
-7,673,644,240,000
지배기업소유주지분
-7,323,283,581,000
-9,011,647,525,000
-7,574,087,089,000
비지배지분
17,245,674,000
-298,846,291,000
-99,557,151,000
기본주당이익(단위:원)
-469
-605
-511
희석주당이익(단위:원)
-469
-605
-511