AP시스템 / 2024.03.28 [정정] 사업보고서
1. 요약재무정보
가. 요약재무정보(연결)
(단위 : 원)
과목
제7기
(2023년 12월말)
제6기
(2022년 12월말)
제5기
(2021년 12월말)
[유동자산]
390,438,128,866
396,470,581,144
291,254,254,708
·현금및현금성자산
249,336,420,453
220,742,391,780
135,674,036,454
·단기금융상품
-
2,335,387,950
-
·매출채권
68,030,700,923
52,938,384,614
77,547,193,732
·계약자산
12,292,090,566
18,465,623,634
21,979,530,062
·기타수취채권
1,765,208,003
2,290,096,285
565,605,314
·기타자산
8,006,135,394
10,160,656,882
8,687,312,149
·재고자산
51,007,573,527
89,538,039,999
42,808,905,212
·매각예정비유동자산
-
-
3,991,671,785
[비유동자산]
180,697,564,229
151,642,309,779
137,465,834,220
·기타수취채권
1,652,246,775
150,169,456
1,458,792,380
·금융리스채권
8,969,050,913
8,599,167,805
-
·당기손익공정가치측정금융자산
1,079,638,748
1,282,810,642
800,000,000
·기타포괄손익-공정가치 측정 금융자산
35,036,296,200
-
-
·계약자산
22,833,317,528
24,240,757,639
29,954,579,493
·유형자산
77,313,663,415
85,128,866,455
74,456,207,178
·무형자산
2,886,451,315
3,043,460,516
3,440,514,490
·사용권자산
4,003,963,740
2,459,092,616
3,766,085,712
·투자부동산
12,626,532,634
213,066,640
8,858,413,332
·관계기업투자
-
11,047,482,585
-
·기타자산
1,735,122,949
1,413,078,997
2,299,059,317
·순확정급여자산
3,298,749,876
2,765,423,965
-
·이연법인세자산
9,262,530,136
11,298,932,463
12,432,182,318
자산총계
571,135,693,095
548,112,890,923
428,720,088,928
[유동부채]
173,824,889,841
222,421,189,934
135,594,328,391
[비유동부채]
75,934,433,602
55,492,551,284
101,583,263,262
부채총계
249,759,323,443
277,913,741,218
237,177,591,653
[지배기업 소유주 지분]
321,376,369,652
270,199,149,705
191,542,497,275
·자본금
7,640,710,500
7,640,710,500
7,640,710,500
·주식발행초과금
64,421,542,015
64,421,542,015
64,421,542,015
·기타포괄손익누계액
(3,802,303,131)
256,256,066
296,293,342
·이익잉여금
259,391,370,068
204,013,350,374
124,652,048,618
·기타자본구성요소
(6,274,949,800)
(6,132,709,250)
(5,468,097,200)
[비지배 지분]
-
-
-
자본총계
321,376,369,652
270,199,149,705
191,542,497,275
부채와자본총계
571,135,693,095
548,112,890,923
428,720,088,928
(2023.01.01~ 2023.12.31)
(2022.01.01~ 2022.12.31)
(2021.01.01~ 2021.12.31)
매출액
533,579,250,430
486,607,636,185
528,740,970,343
영업이익
60,121,226,139
90,485,155,839
64,305,495,077
당기순이익
60,033,917,358
82,237,671,374
57,166,230,146
·지배기업의 소유주지분
60,033,917,358
82,237,671,374
57,166,230,146
·비지배주주 지분
-
-
-
당기포괄이익
55,377,056,677
82,937,136,640
57,339,185,778
기본주당순이익
3,997
5,463
3,932
희석주당순이익
3,997
5,463
3,781
연결에 포함된 회사수
2
2
2
주) 종속기업 투자주식의 평가는 원가법을 적용하였습니다.
나. 요약재무정보(별도)
(단위 : 원)
과목
제7기
(2023년 12월말)
제6기
(2022년 12월말)
제5기
(2021년 12월말)
[유동자산]
384,939,192,973
390,863,198,109
286,554,851,999
·현금및현금성자산
244,760,063,807
216,587,668,493
133,457,046,170
·단기금융상품
-
2,335,387,950
-
·매출채권
67,354,546,124
52,502,627,459
75,751,367,963
·계약자산
12,292,090,566
18,465,623,634
21,979,530,062
·기타수취채권
1,679,839,222
2,167,489,932
451,283,263
·기타자산
7,953,411,086
9,673,079,920
8,368,666,053
·재고자산
50,899,242,168
89,131,320,721
42,555,286,703
·매각예정비유동자산
-
-
3,991,671,785
[비유동자산]
182,373,392,071
153,847,138,289
139,226,599,875
·기타수취채권
1,634,619,774
145,950,000
1,455,219,643
·금융리스채권
8,969,050,913
8,599,167,805
-
·당기손익공정가치측정금융자산
1,079,638,748
1,282,810,642
800,000,000
·기타포괄손익-공정가치 측정 금융자산
35,036,296,200
-
-
·계약자산
22,833,317,528
24,240,757,639
29,954,579,493
·유형자산
77,183,557,333
84,973,490,356
74,398,923,790
·무형자산
2,825,888,228
2,976,052,552
3,344,817,878
·사용권자산
3,899,187,265
2,306,503,618
3,689,309,847
·투자부동산
12,626,532,634
213,066,640
8,858,413,332
·종속기업 및 관계기업투자
1,994,160,000
13,664,588,845
1,994,160,000
·기타자산
1,729,863,436
1,380,393,764
2,298,993,574
·순확정급여자산
3,298,749,876
2,765,423,965
-
·이연법인세자산
9,262,530,136
11,298,932,463
12,432,182,318
자산총계
567,312,585,044
544,710,336,398
425,781,451,874
[유동부채]
173,948,425,158
221,467,031,637
135,131,879,162
[비유동부채]
75,908,676,367
55,439,723,226
101,577,116,682
부채총계
249,857,101,525
276,906,754,863
236,708,995,844
·자본금
7,640,710,500
7,640,710,500
7,640,710,500
·주식발행초과금
64,421,542,015
64,421,542,015
64,421,542,015
·이익잉여금
255,683,202,951
201,874,038,270
122,478,300,715
·기타포괄손익누계액
(4,015,022,147)
-
-
·기타자본구성요소
(6,274,949,800)
(6,132,709,250)
(5,468,097,200)
자본총계
317,455,483,519
267,803,581,535
189,072,456,030
부채와자본총계
567,312,585,044
544,710,336,398
425,781,451,874
종속·관계·공동기업 투자주식의 평가방법
원가법
원가법
원가법
(2023.01.01~ 2023.12.31)
(2022.01.01~ 2022.12.31)
(2021.01.01~ 2021.12.31)
매출액
526,700,624,643
481,606,620,797
520,358,803,096
영업이익
58,912,518,172
89,806,705,563
63,491,235,157
당기순이익
58,465,062,345
82,308,798,560
56,709,601,666
당기포괄이익
53,851,738,714
83,011,609,715
56,465,285,382
주당순이익
3,892
5,467
3,900
희석주당순이익
3,892
5,467
3,751
주) 종속기업 투자주식의 평가는 원가법을 적용하였습니다.