드림시큐리티 / 2024.03.20 사업보고서
1. 요약재무정보
가. 요약연결재무상태표
(단위: 원)
구분
제10기
제9기
제8기
자산총계
405,940,375,912
390,836,741,095
348,935,133,310
부채총계
299,328,030,265
305,451,917,704
275,376,390,179
자본총계
106,612,345,647
85,384,823,391
73,558,743,131
나. 요약연결포괄손익계산서
(단위 : 원)
구분
제10기
제9기
제8기
매출액
232,738,679,548
224,194,724,198
189,510,984,336
영업이익
33,279,006,375
25,249,946,273
17,672,823,539
당기순이익(손실)
22,358,222,110
9,675,895,026
15,037,150,229
총포괄손익
21,264,662,546
10,505,476,528
16,179,503,036
기본및희석주당순이익(손실)
444
191
258