## 우리금융지주 / 2024.05.16 [정정] 사업보고서

**1. 요약재무정보**
(주주총회 승인 전 재무제표임)
- 향후 정기주주총회에서 재무제표 승인 관련 안건이 부결되거나, 수정이 발생한 경우 정정보고서를 통해 그 내용 및 사유 등을 반영할 예정

**가. 요약연결재무정보**

**1) 요약연결재무상태표**
(주식회사 우리금융지주와 종속기업) (단위: 원)

| 과 목                                  | 제5(당)기말         | 제4(전)기말         | 제3(전전)기말       |
| :------------------------------------- | :------------------ | :------------------ | :------------------ |
| **Ⅰ. 자산**                          |                     |                     |                     |
| 1. 현금및현금성자산                    | 30,556,618,000,000  | 34,219,148,000,000  | 20,613,073,000,000  |
| 2. 당기손익-공정가치측정 금융자산      | 21,544,756,000,000  | 19,860,573,000,000  | 13,497,234,000,000  |
| 3. 기타포괄손익-공정가치측정 금융자산  | 37,891,495,000,000  | 33,085,080,000,000  | 39,119,789,000,000  |
| 4. 상각후원가측정유가증권              | 23,996,172,000,000  | 28,268,516,000,000  | 17,086,274,000,000  |
| 5. 상각후원가측정대출채권및기타금융자산| 373,148,148,000,000 | 355,760,729,000,000 | 348,885,617,000,000 |
| 6. 공동기업및관계기업투자자산          | 1,795,370,000,000   | 1,305,636,000,000   | 1,335,167,000,000   |
| 8. 유형자산                            | 3,176,759,000,000   | 3,142,930,000,000   | 3,174,720,000,000   |
| 9. 무형자산                            | 996,842,000,000     | 849,114,000,000     | 785,386,000,000     |
| 15. 기타자산                           | 3,841,787,000,000   | 3,061,552,000,000   | 2,088,950,000,000   |
| **자산총계**                           | **498,004,936,000,000**| **480,474,396,000,000**| **447,183,871,000,000**|
| **II. 부채**                           |                     |                     |                     |
| 2. 예수부채                            | 357,784,297,000,000 | 342,105,209,000,000 | 317,899,871,000,000 |
| 3. 차입부채                            | 30,986,746,000,000  | 28,429,603,000,000  | 24,755,459,000,000  |
| 4. 발행사채                            | 41,239,245,000,000  | 44,198,486,000,000  | 44,653,864,000,000  |
| 10. 기타금융부채                       | 26,115,005,000,000  | 22,811,868,000,000  | 24,171,030,000,000  |
| 11. 기타부채                           | 803,897,000,000     | 690,157,000,000     | 556,853,000,000     |
| **부채총계**                           | **464,607,446,000,000**| **448,847,054,000,000**| **418,333,676,000,000**|
| **III. 자본**                          |                     |                     |                     |
| 1. 지배기업 소유주지분                 | 31,666,881,000,000  | 28,761,897,000,000  | 25,842,019,000,000  |
| (1) 자본금                             | 3,802,676,000,000   | 3,640,303,000,000   | 3,640,303,000,000   |
| (5) 이익잉여금                         | 24,986,470,000,000  | 23,750,152,000,000  | 21,392,564,000,000  |
| 2. 비지배지분                          | 1,730,609,000,000   | 2,865,445,000,000   | 3,008,176,000,000   |
| **자본총계**                           | **33,397,490,000,000**| **31,627,342,000,000**| **28,850,195,000,000**|
| 부채와자본총계                         | 498,004,936,000,000 | 480,474,396,000,000 | 447,183,871,000,000 |
| 연결에 포함된 회사수(최상위 지배기업 제외)| 179개               | 167개               | 152개               |

**2) 요약연결포괄손익계산서**
(주식회사 우리금융지주와 종속기업) (단위: 원)

| 과 목                                      | 제5(당)기           | 제4(전)기           | 제3(전전)기         |
| :----------------------------------------- | :------------------ | :------------------ | :------------------ |
| **I. 영업이익**                            | **3,499,029,000,000** | **4,430,524,000,000** | **3,659,749,000,000** |
| 1. 순이자이익                              | 8,742,540,000,000   | 8,696,579,000,000   | 6,985,721,000,000   |
| 2. 순수수료이익                            | 1,720,481,000,000   | 1,710,170,000,000   | 1,470,775,000,000   |
| 3. 배당수익                                | 240,293,000,000     | 159,982,000,000     | 309,211,000,000     |
| 4. 당기손익-공정가치측정 금융상품관련손익  | 488,486,000,000     | 238,502,000,000     | 325,751,000,000     |
| 6. 상각후원가측정 금융자산매매손익         | 203,942,000,000     | 74,204,000,000      | 107,317,000,000     |
| 7. 신용손실에 대한 손상차손                | (1,894,916,000,000) | (885,272,000,000)   | (536,838,000,000)   |
| 8. 일반관리비                              | (4,443,433,000,000) | (4,529,890,000,000) | (4,147,411,000,000) |
| 9. 기타영업손익                            | (1,520,723,000,000) | (1,012,253,000,000) | (887,401,000,000)   |
| **II. 영업외손익**                         | **18,424,000,000**  | **54,850,000,000**  | **89,492,000,000**  |
| **III. 법인세비용차감전순이익**            | **3,517,453,000,000** | **4,485,374,000,000** | **3,749,241,000,000** |
| **IV. 법인세비용**                         | **(890,559,000,000)** | **(1,161,392,000,000)**| **(941,870,000,000)**|
| **V. 당기순이익**                          | **2,626,894,000,000** | **3,323,982,000,000** | **2,807,371,000,000** |
| 1. 지배기업지분이익                        | 2,506,296,000,000   | 3,141,680,000,000   | 2,587,936,000,000   |
| 2. 비지배지분이익                          | 120,598,000,000     | 182,302,000,000     | 219,435,000,000     |
| **VI. 기타포괄손익**                       | **663,537,000,000** | **(239,819,000,000)**| **170,181,000,000** |
| **VII. 총포괄이익**                        | **3,290,431,000,000** | **3,084,163,000,000** | **2,977,552,000,000** |
| 1. 지배기업지분 총포괄이익                 | 3,164,464,000,000   | 2,909,053,000,000   | 2,745,764,000,000   |
| 2. 비지배지분 총포괄이익                   | 125,967,000,000     | 175,110,000,000     | 231,788,000,000     |
| **VIII. 주당이익**                         |                     |                     |                     |
| 1. 기본및희석주당이익(단위:원)             | 3,230               | 4,191               | 3,481               |

**나. 요약별도재무정보** (제거됨)