메리츠금융지주 / 2024.04.30 [정정] 사업보고서
1. 요약재무정보
가. 요약 연결재무정보
주식회사 메리츠금융지주와 그 종속회사 (단위 : 원)
과 목
제 14 기
제 13 기
제 12 기
(2023년 12월말)
(2022년 12월말)
(2021년 12월말)
자 산 총 계
102,235,843,000,000
88,977,399,000,000
82,030,937,000,000
부 채 총 계
92,138,658,000,000
80,435,429,000,000
75,147,648,000,000
[자본금]
113,094,000,000
71,443,000,000
71,443,000,000
[이익잉여금]
7,610,654,000,000
4,081,877,000,000
2,807,922,000,000
[비지배지분]
515,278,000,000
3,597,999,000,000
3,162,355,000,000
자 본 총 계
10,097,185,000,000
8,541,971,000,000
6,883,290,000,000
부채와자본총계
102,235,843,000,000
88,977,399,000,000
82,030,937,000,000
(2023.01.01~ 2023.12.31)
(2022.01.01~ 2022.12.31)
(2021.01.01~ 2021.12.31)
매 출 액
58,558,358,000,000
67,218,347,000,000
35,628,566,000,000
영업이익
2,933,502,000,000
2,893,193,000,000
1,795,017,000,000
당기순이익
2,125,377,000,000
2,133,340,000,000
1,383,247,000,000
지배주주지분순이익
2,041,749,000,000
1,391,722,000,000
789,222,000,000
비지배지분순이익
83,628,000,000
741,618,000,000
594,025,000,000
총포괄이익
2,397,504,000,000
2,862,212,000,000
873,820,000,000
지배주주지분총포괄손익
2,308,595,000,000
1,851,882,000,000
487,070,000,000
비지배지분총포괄손익
88,909,000,000
1,010,329,000,000
386,749,000,000
기본주당이익 (원)
11,020
11,097
5,932
연결에 포함된 회사수
240
272
257
주) 제12기(전전기)는 종전 기준서인 K-IFRS 1104호에 따라 작성되었습니다.