LG / 2024.03.19 사업보고서
1. 요약재무정보
(1) 요약연결재무정보
(단위 : 원)
구분
제 62 기
제 61 기
제 60 기
[유동자산]
5,199,470,000,000
5,083,392,000,000
5,547,934,000,000
ㆍ현금및현금성자산
778,904,000,000
1,050,726,000,000
1,132,504,000,000
[비유동자산]
25,053,615,000,000
24,550,285,000,000
20,121,862,000,000
자산총계
30,253,085,000,000
29,633,677,000,000
25,669,796,000,000
[유동부채]
1,937,107,000,000
2,524,385,000,000
2,819,273,000,000
[비유동부채]
1,299,489,000,000
875,106,000,000
910,302,000,000
부채총계
3,236,596,000,000
3,399,491,000,000
3,729,575,000,000
[자본금]
801,613,000,000
801,613,000,000
801,613,000,000
[이익잉여금]
21,301,106,000,000
20,620,548,000,000
18,891,414,000,000
[비지배주주지분]
887,572,000,000
781,831,000,000
693,674,000,000
자본총계
27,016,489,000,000
26,234,186,000,000
21,940,221,000,000
관계·공동기업
투자주식의 평가방법
지분법
지분법
지분법
매출액
7,445,336,000,000
7,185,987,000,000
6,859,010,000,000
영업이익
1,589,013,000,000
1,941,380,000,000
2,460,104,000,000
당기순이익
1,414,258,000,000
2,115,750,000,000
2,683,974,000,000
총포괄손익
1,489,418,000,000
4,964,060,000,000
3,189,606,000,000
주당순이익(단위: 원)
보통주 주당순이익
8,032
12,422
15,504

(2) 요약재무정보
(단위 : 원)
구분
제 62 기
제 61 기
제 60 기
[유동자산]
1,748,535,000,000
1,670,275,000,000
1,831,399,000,000
ㆍ현금및현금성자산
183,009,000,000
191,771,000,000
210,756,000,000
[비유동자산]
8,252,048,000,000
8,233,698,000,000
7,877,300,000,000
자산총계
10,000,583,000,000
9,903,973,000,000
9,708,699,000,000
[유동부채]
219,047,000,000
191,677,000,000
179,868,000,000
[비유동부채]
164,853,000,000
171,882,000,000
118,574,000,000
부채총계
383,900,000,000
363,559,000,000
298,442,000,000
[자본금]
801,613,000,000
801,613,000,000
801,613,000,000
[이익잉여금]
8,265,975,000,000
8,019,857,000,000
7,740,618,000,000
자본총계
9,616,683,000,000
9,540,414,000,000
9,410,257,000,000
영업수익
1,030,586,000,000
1,067,525,000,000
989,760,000,000
영업이익
751,375,000,000
821,445,000,000
740,373,000,000
당기순이익
718,374,000,000
737,361,000,000
1,234,012,000,000