유비쿼스홀딩스 / 2024.03.20 사업보고서
1. 요약재무정보
가. 요약 연결재무정보
(단위 : 원)
구분
제24기
제23기
제22기
[유동자산]
292,339,658,115
262,051,117,877
246,052,738,517
ㆍ현금및현금성자산
66,754,000,961
101,667,993,496
50,795,325,353
[비유동자산]
99,164,870,294
102,863,971,174
106,329,818,517
자산총계
391,504,528,409
364,915,089,051
352,382,557,034
[유동부채]
35,593,151,622
33,697,843,634
38,623,967,282
[비유동부채]
9,190,117,477
7,698,505,285
7,191,998,894
부채총계
44,783,269,099
41,396,348,919
45,815,966,176
[자본금]
10,348,314,000
10,348,314,000
10,348,314,000
[이익잉여금]
351,263,766,548
341,444,673,465
332,581,297,573
[비지배지분]
104,705,912,517
92,009,802,725
81,430,596,959
자본총계
346,721,259,310
323,518,740,132
306,566,590,858
기간
(2023.01.01~2023.12.31)
(2022.01.01~2022.12.31)
(2021.01.01~2021.12.31)
매출액
171,599,705,010
151,583,235,829
150,995,968,469
영업이익
32,598,433,001
27,409,294,612
32,924,692,468
법인세비용차감전순이익
39,298,046,839
35,664,219,828
45,884,971,174
연결당기순이익
29,037,154,778
26,781,128,940
37,012,848,882
지배기업소유주지분 순이익
13,991,138,353
14,592,108,983
20,054,576,173
기본주당순이익
847
884
1,214