카카오게임즈 / 2024.03.27 [정정] 사업보고서
1. 요약재무정보
가. 요약 연결 재무정보
(단위: 원)
구분
제11기
(2023.12.31)
제10기
(2022.12.31)
제9기
(2021.12.31)
자산총계
3,471,016,000,000
3,873,942,000,000
4,305,012,000,000
부채총계
1,845,489,000,000
1,859,048,000,000
1,884,526,000,000
[지배기업의 소유주지분]
1,398,426,000,000
1,681,619,000,000
2,101,291,000,000
ㆍ자본금
8,252,000,000
8,229,000,000
7,745,000,000
ㆍ이익잉여금
277,393,000,000
507,080,000,000
740,577,000,000
[비지배지분]
227,102,000,000
333,274,000,000
319,195,000,000
자본총계
1,625,528,000,000
2,014,893,000,000
2,420,486,000,000
구분
2023.01.01 ~2023.12.31
2022.01.01 ~2022.12.31
2021.01.01 ~2021.12.31
매출액
1,025,086,000,000
1,147,693,000,000
1,012,481,000,000
영업이익
74,517,000,000
175,817,000,000
111,917,000,000
당기순이익(손실)
(322,406,000,000)
(196,114,000,000)
520,155,000,000
당기총포괄이익(손실)
(343,889,000,000)
(405,134,000,000)
738,261,000,000
기본주당이익(손실) (단위: 원)
(2,803)
(2,952)
7,073
희석주당이익(손실) (단위: 원)
(2,803)
(2,952)
6,358