한국기업평가 / 2024.03.20 사업보고서
1. 요약재무정보
가. 요약 연결재무제표
(단위: 원)
구분
제42기
(2023년 12월 말)
제41기
(2022년 12월 말)
제40기
(2021년 12월 말)
[유동자산]
109,126,867,212
117,965,830,422
122,554,818,339
[비유동자산]
45,971,968,916
43,344,765,905
38,783,248,441
자산 총계
155,098,836,128
161,310,596,327
161,338,066,780
[유동부채]
25,576,325,150
27,584,690,699
32,337,924,332
[비유동부채]
8,520,052,189
6,493,108,806
8,398,097,514
부채 총계
34,096,377,339
34,077,799,505
40,736,021,846
[자본금]
24,452,570,000
24,452,570,000
24,452,570,000
[이익잉여금]
63,662,264,579
72,188,309,640
66,900,853,466
[비지배지분]
14,656,032,596
14,906,531,629
20,417,813,100
자본 총계
121,002,458,789
127,232,796,822
120,602,044,934
연결에 포함된 회사수
2
2
2
기간
제42기
(2023.01.01
~2023.12.31)
제41기
(2022.01.01
~2022.12.31)
제40기
(2021.01.01
~2021.12.31)
매출액
95,594,059,688
101,576,018,426
104,519,672,283
영업이익
25,839,533,932
29,929,805,340
36,219,070,401
당기순이익
24,171,464,057
25,488,331,090
26,749,657,899
주당순이익(원)
4,570
4,582
4,990
[(-)는 부의 수치임]