동방 / 2024.03.21 사업보고서
1. 요약재무정보
가. 요약연결재무정보
(단위 : 원)
사업연도
구 분
제59기
제58기
제57기
(2023년 12월 말)
(2022년 12월 말)
(2021년 12월 말)
[유동자산]
218,285,000,000
204,702,000,000
142,533,000,000
현금및현금성자산
53,107,000,000
43,153,000,000
18,463,000,000
매출채권및기타채권
136,301,000,000
131,584,000,000
100,931,000,000
재고자산
10,282,000,000
12,086,000,000
6,432,000,000
[비유동자산]
381,034,000,000
363,263,000,000
388,722,000,000
유형자산
230,472,000,000
209,831,000,000
201,649,000,000
무형자산
16,734,000,000
16,070,000,000
11,819,000,000
사용권자산
65,866,000,000
63,795,000,000
65,905,000,000
이연법인세자산
10,547,000,000
9,224,000,000
6,075,000,000
자산총계
599,319,000,000
567,965,000,000
531,256,000,000
[유동부채]
256,405,000,000
296,862,000,000
174,351,000,000
[비유동부채]
198,816,000,000
140,823,000,000
225,448,000,000
부채총계
455,221,000,000
437,685,000,000
399,799,000,000
[자본금]
52,600,000,000
52,600,000,000
52,600,000,000
[이익잉여금]
42,923,000,000
30,828,000,000
28,002,000,000
[비지배지분]
2,180,000,000
1,937,000,000
2,117,000,000
자본총계
144,098,000,000
130,280,000,000
131,457,000,000
(2023.1.1~ 2023.12.31)
(2022.1.1~ 2022.12.31)
(2021.1.1~ 2021.12.31)
매출액
767,795,000,000
758,533,000,000
595,947,000,000
영업이익
35,190,000,000
27,568,000,000
27,775,000,000
당기순이익
15,092,000,000
1,299,000,000
-360,000,000
지배기업소유주지분순이익
14,826,000,000
817,000,000
-793,000,000
기본주당이익
310
17
-20
희석주당이익
310
17
-20
연결에 포함된 회사수
9
8
6
※ 연결에 포함된 회사수는 ㈜동방을 제외한 숫자입니다.