오스코텍 / 2024.03.18 사업보고서
1. 요약재무정보
1.
요약연결재무정보
[2023년 12월 31일 기준] (단위 : 원 )
구분
26기
2023년 12월 말
25기
2022년 12월 말
24기
2021년 12월 말
I. 유동자산
102,428,703,640,000
107,871,877,882,000
16,990,417,074,000
1. 현금및현금성자산
7,951,488,609,000
5,523,656,495,000
10,581,667,547,000
2. 기타 금융자산
89,529,107,263,000
98,472,190,948,000
4,002,780,439,000
3. 매출채권및기타채권
2,018,264,778,000
1,860,387,824,000
662,516,180,000
4. 재고자산
1,700,686,292,000
1,267,216,347,000
1,202,695,903,000
5. 법인세자산
614,495,470,000
126,780,788,000
69,995,590,000
6. 기타유동자산
614,661,228,000
621,645,480,000
470,761,415,000
II. 비유동자산
30,149,696,442,000
35,863,820,397,000
31,976,897,495,000
4. 기타비유동금융자산
405,677,108,000
4,901,741,584,000
542,494,728,000
5. 사용권자산
156,604,179,000
219,655,303,000
308,666,220,000
자산총계
132,578,400,082,000
143,735,698,279,000
48,967,314,569,000
I. 유동부채
34,849,044,308,000
18,574,495,837,000
14,442,310,769,000
II. 비유동부채
3,011,869,718,000
3,340,196,420,000
3,336,488,121,000
부채총계
37,860,914,026,000
21,914,692,257,000
17,778,798,890,000
I. 자본금
19,092,558,500,000
18,951,724,500,000
15,165,762,500,000
IV. 이익잉여금(결손금)
(143,629,598,204,000)
(119,188,666,885,000)
(94,762,651,496,000)
비지배지분
(4,200,939,564,000)
(687,355,937,000)
2,360,951,263,000
자본총계
94,717,486,056,000
121,821,006,022,000
31,188,515,679,000
2023.01.01 ~ 2023.12.31
2022.01.01 ~ 2022.12.31
2021.01.01 ~ 2021.12.31
매출액
4,950,929,999,000
5,062,376,493,000
3,902,734,752,000
영업이익
(32,655,289,595,000)
(28,638,371,344,000)
(28,096,765,516,000)
당기순이익
(28,489,780,658,000)
(27,773,705,664,000)
(28,589,754,575,000)
당기순이익의 지배기업 소유주
(24,279,525,966,000)
(24,429,544,991,000)
(26,262,552,170,000)
당기순이익의 비지배지분
(4,210,254,692,000)
(3,344,160,673,000)
(2,327,202,405,000)
기본주당순이익(원)
(635)
(763)
(866)
*연결에 포함된 회사수
3
3
3
주) 상기 요약연결재무정보는 외부감사인의 감사를 받은 자료입니다.
2. 요약재무정보
[2023년 12월 31일 기준] (단위 : 원 )
구분
26기
2023년 12월 말
25기
2022년 12월 말
24기
2021년 12월 말
I. 유동자산
106,092,621,631,000
9,080,570,207,000
1. 현금및현금성자산
2,040,140,182,000
4,430,167,957,000
2,965,131,164,000
2. 기타 금융자산
89,529,107,263,000
98,472,190,948,000
4,002,780,439,000
3. 매출채권및기타채권
1,318,222,126,000
1,275,264,008,000
632,053,571,000
4. 재고자산
1,700,686,292,000
1,267,216,347,000
1,202,695,903,000
5. 법인세자산
604,180,270,000
108,268,070,000
40,784,870,000
6. 기타유동자산
494,044,305,000
539,514,301,000
237,124,260,000
II. 비유동자산
32,621,384,541,000
37,606,861,294,000
33,246,418,421,000
4. 기타비유동금융자산
405,677,108,000
4,901,741,584,000
542,494,728,000
6. 사용권자산
10,399,113,000
1,653,090,000
11,571,621,000
자산총계
128,307,764,979,000
143,699,482,925,000
42,326,988,628,000
I. 유동부채
8,514,414,777,000
8,643,540,174,000
8,933,645,545,000
II. 비유동부채
2,896,548,361,000
3,176,672,899,000
3,112,152,399,000
부채총계
11,410,963,138,000
11,820,213,073,000
12,045,797,944,000
I. 자본금
19,092,558,500,000
18,951,724,500,000
15,165,762,500,000
IV. 이익잉여금(결손금)
(115,914,857,825,000)
(100,940,367,763,000)
(85,183,360,087,000)
자본총계
116,896,801,841,000
131,879,269,852,000
30,281,190,684,000
종속·관계·공동기업 투자주식의 평가방법
원가법
원가법
원가법
2023.01.01 ~ 2023.12.31
2022.01.01 ~ 2022.12.31
2021.01.01 ~ 2021.12.31
매출액
4,303,284,768,000
4,520,854,204,000
3,894,326,698,000
영업이익
(19,014,452,185,000)
(16,592,868,743,000)
(18,836,474,791,000)
당기순이익
(14,807,247,281,000)
(15,760,537,278,000)
(20,131,271,418,000)
기본주당순이익(원)
(387)
(492)
(664)
주) 상기 요약재무정보는 외부감사인의 감사를 받은 자료입니다.