삼지전자 / 2024.03.15 사업보고서
1. 요약재무정보
1.
요약 연결재무정보
(단위 : 원)
구분
제43기
(2023년 12월말)
제42기
(2022년 12월말)
제41기
(2021년 12월말)
[유동자산]
770,775,000,000
770,788,000,000
638,215,000,000
ㆍ현금및현금성자산
137,112,000,000
71,188,000,000
76,485,000,000
자산총계
1,015,542,000,000
993,239,000,000
816,261,000,000
[유동부채]
449,010,000,000
471,571,000,000
331,053,000,000
[비유동부채]
19,956,000,000
23,634,000,000
59,446,000,000
부채총계
468,966,000,000
495,205,000,000
390,499,000,000
[자본금]
8,309,000,000
8,309,000,000
8,309,000,000
[이익잉여금]
249,621,000,000
221,906,000,000
183,630,000,000
[비지배지분]
198,846,000,000
187,895,000,000
157,436,000,000
자본총계
546,576,000,000
498,034,000,000
425,762,000,000
구분
제43기
제42기
제41기
2023.01.01~2023.12.31
2022.01.01~2022.12.31
2021.01.01~2021.12.31
매출액
2,526,208,000,000
2,918,903,000,000
2,480,428,450,000
영업이익(손실)
78,343,000,000
88,563,000,000
95,100,000,000
당기순이익(손실)
51,262,000,000
77,998,000,000
61,319,000,000
기본주당순이익(손실)(원)
2,103
3,132
4,127
연결에 포함된 회사수
14개
12개
11개
※ 상기 요약 연결재무정보는 한국채택국제회계기준(K-IFRS)에 따라 작성되었습니다.