광주신세계 / 2024.03.12 사업보고서
1. 요약재무정보
가. 요약 재무상태표
(단위 : 백만원)
과 목
제 29기
제 28기
제 27기
자산
[유동자산]
270,437
251,369
213,501
현금및현금성자산
169,631
192,089
169,294
매출채권및기타채권
21,850
17,536
13,772
재고자산
3,905
2,949
2,339
단기금융상품
74,919
38,661
28,000
기타유동자산
132
134
96
매각예정처분자산
-
-
-
[비유동자산]
664,036
662,085
638,779
장기금융예치금
9
9
9
유형자산
209,141
240,599
227,758
투자부동산
38,861
12,764
14,259
무형자산
564
709
809
매출채권및기타채권
411,889
401,326
391,102
이연법인세자산
3,004
3,926
3,825
기타비유동자산
-
-
-
순확정급여자산
568
2,752
1,016
자산총계
934,473
913,454
852,280
부채
[유동부채]
87,086
94,772
91,178
매입채무및기타채무
71,388
75,304
72,556
당기법인세부채
8,248
13,446
12,826
기타유동부채
7,450
6,022
5,796
매각예정처분부채
-
-
-
[비유동부채]
28,174
28,772
15,297
매입채무및기타채무
25,958
27,192
12,467
기타비유동부채
2,216
1,580
2,830
순확정급여부채
-
-
-
부채총계
115,260
123,544
106,475
자본
자본금
7,957
8,000
8,000
기타자본
11,875
11,833
11,832
이익잉여금
799,381
770,077
725,973
자본총계
819,213
789,910
745,805
종속ㆍ관계ㆍ공동기업 투자주식의 평가방법
지분법
지분법
지분법
자본과부채총계
934,473
913,454
852,280
나. 요약 손익계산서
(단위 : 백만원)
과 목
제 29기
제 28기
제 27기
매출액
179,587
184,874
169,972
매출원가
(16,562)
(15,462)
(15,264)
매출총이익
163,025
169,412
154,708
판매비와관리비
(108,121)
(103,801)
(94,078)
수취채권손상(차손)환입
(3)
(26)
(35)
영업이익
54,901
65,585
60,594
기타수익
105
83
23
기타비용
(10,684)
(1,444)
(881)
금융수익
19,583
14,537
11,304
금융비용
(911)
(1,901)
(298)
법인세비용차감전순이익
62,994
76,860
70,742
법인세비용
(14,735)
(19,914)
(18,349)
당기순이익
48,259
56,946
52,393
기타포괄손익
(1,450)
685
714
순확정급여부채의 재측정요소
(1,450)
685
714
총포괄이익
46,809
57,631
53,108
주당이익
6,065
7,157
6,584