LIG넥스원 / 2025.03.21 사업보고서
1. 요약재무정보
가. 요약연결재무정보
(단위 : 원)
구분
제23기
(2024년 12월말)
제22기
(2023년 12월말)
제21기
(2022년 12월말)
[유동자산]
3,894,568,000,000
2,535,881,000,000
1,822,951,000,000
현금및현금성자산
546,948,000,000
445,437,000,000
252,911,000,000
[비유동자산]
2,230,696,000,000
1,279,878,000,000
1,189,776,000,000
자산총계
6,125,264,000,000
3,815,759,000,000
3,012,727,000,000
[유동부채]
4,616,518,000,000
2,650,650,000,000
1,899,456,000,000
[비유동부채]
271,311,000,000
112,750,000,000
178,092,000,000
부채총계
4,887,829,000,000
2,763,400,000,000
2,077,548,000,000
[자본금]
110,000,000,000
110,000,000,000
110,000,000,000
[이익잉여금]
907,140,000,000
727,927,000,000
560,580,000,000
비지배기업 소유지분
26,753,000,000
-
-
자본 총계
1,237,435,000,000
1,052,359,000,000
935,179,000,000
2024년 01월 01일 ~ 2024년 12월 31일
2023년 01월 01일 ~ 2023년 12월 31일
2022년 01월 01일 ~ 2022년 12월 31일
매출액
3,276,340,000,000
2,308,571,000,000
2,220,752,000,000
영업이익
229,779,000,000
186,378,000,000
179,112,000,000
당기순이익(손실)
216,649,000,000
174,962,000,000
122,940,000,000
지배기업 소유주지분
221,712,000,000
174,962,000,000
122,940,000,000
비지배지분
(5,063,000,000)
-
-
지배기업 소유지분에 대한 주당순이익(원)
10,173
8,028
5,641
연결에 포함된 회사수
4
3
1