SK네트웍스 / 2025.03.18 사업보고서
1. 요약재무정보
가. 요약연결재무정보
(단위 : 원)
구분
제 72 기
제 71 기
제 70 기
(2024년 12월말)
(2023년 12월말)
(2022년 12월말)
[유동자산]
2,006,679,000,000
2,371,454,000,000
2,703,209,000,000
[비유동자산]
3,150,450,000,000
6,738,905,000,000
6,796,050,000,000
자산총계
5,157,129,000,000
9,110,359,000,000
9,499,259,000,000
[유동부채]
1,964,539,000,000
3,908,393,000,000
3,567,813,000,000
[비유동부채]
1,139,281,000,000
3,046,125,000,000
3,480,734,000,000
부채총계
3,103,820,000,000
6,954,518,000,000
7,048,547,000,000
[자본금]
648,654,000,000
648,654,000,000
648,654,000,000
[연결이익잉여금]
759,358,000,000
858,288,000,000
982,696,000,000
[비지배지분]
(894,000,000)
27,662,000,000
196,318,000,000
자본총계
2,053,309,000,000
2,155,841,000,000
2,450,712,000,000
(2024.1.1~2024.12.31)
(2023.1.1~2023.12.31)
(2022.1.1~2022.12.31)
[매출액]
7,657,281,000,000
7,453,479,000,000
7,810,940,000,000
[영업이익]
113,915,000,000
80,541,000,000
37,700,000,000
[당기순이익]
46,292,000,000
5,459,000,000
90,765,000,000
주당손익(단위 : 원)
239
(3)
395

