HS애드 / 2025.03.11 사업보고서
1. 요약재무정보
가. 요약 연결재무제표
(단위 : 원)
계정과목
제41기
제40기
제39기
[유동자산]
496,064,000,000
503,634,000,000
491,666,000,000
·현금및현금성자산
63,210,000,000
108,679,000,000
67,252,000,000
·매출채권및기타채권
386,472,000,000
336,634,000,000
353,586,000,000
[비유동자산]
57,009,000,000
44,139,000,000
50,485,000,000
자산총계
553,073,000,000
547,773,000,000
542,151,000,000
[유동부채]
339,119,000,000
356,622,000,000
360,596,000,000
[비유동부채]
11,032,000,000
8,371,000,000
7,629,000,000
부채총계
350,151,000,000
364,993,000,000
368,225,000,000
[자본금]
17,571,000,000
17,571,000,000
17,571,000,000
[연결이익잉여금]
132,676,000,000
118,280,000,000
109,154,000,000
[비지배지분]
28,000,000
30,000,000
34,000,000
자본총계
202,922,000,000
182,780,000,000
173,925,000,000
매출액
554,730,000,000
548,334,000,000
530,448,000,000
영업이익
29,573,000,000
26,444,000,000
24,787,000,000
당기순이익(손실)
22,686,000,000
16,201,000,000
18,133,000,000
주당이익(기본/희석)(원)
1,400/1,400
1,000/1,000
1,119/1,119