CJ대한통운 / 2025.03.17 사업보고서
1. 요약재무정보
가. 요약연결재무정보
(단위: 원)
구 분
제115기
제114기
제113기
2024년 12월말
2023년 12월말
2022년 12월말
[유동자산]
2,783,267,000,000
2,488,306,000,000
2,956,460,000,000
[비유동자산]
6,960,589,000,000
6,869,281,000,000
6,736,840,000,000
자산총계
9,743,856,000,000
9,357,587,000,000
9,693,300,000,000
[유동부채]
2,996,784,000,000
2,622,292,000,000
3,108,760,000,000
[비유동부채]
2,521,472,000,000
2,692,199,000,000
2,550,231,000,000
부채총계
5,518,256,000,000
5,314,491,000,000
5,658,991,000,000
[자본금]
114,062,000,000
114,062,000,000
114,062,000,000
[이익잉여금]
1,325,384,000,000
1,112,394,000,000
924,839,000,000
[비지배지분]
276,795,000,000
439,214,000,000
463,563,000,000
자본총계
4,225,600,000,000
4,043,096,000,000
4,034,309,000,000
2024.01.01~2024.12.31
2023.01.01~2023.12.31
2022.01.01~2022.12.31
매출액
12,116,761,000,000
11,767,894,000,000
12,130,713,000,000
영업이익
530,663,000,000
480,235,000,000
411,787,000,000
당기순이익
268,320,000,000
242,876,000,000
196,822,000,000
기본주당이익
12,088
10,357
8,190
총포괄이익
368,234,000,000
278,016,000,000
48,578,000,000