에이치이엠파마 / 2025.03.21 사업보고서
1. 요약재무정보
(단위 : 원)
구분
2024년
(제9기)
2023년
(제8기)
2022년
(제7기)
[유동자산]
17,305,505,110
10,963,278,194
22,964,452,853
[비유동자산]
19,556,226,793
16,860,490,219
11,870,316,292
자산총계
36,861,731,903
27,823,768,413
34,834,769,145
[유동부채]
9,076,867,176
8,610,160,542
13,504,346,182
[비유동부채]
1,666,905,762
1,836,602,679
1,095,672,248
부채총계
10,743,772,938
10,446,763,221
14,600,018,430
자본금
3,481,019,500
3,122,064,500
3,002,332,000
이익잉여금
(51,864,195,552)
(44,093,127,968)
(32,341,914,301)
자본총계
26,117,958,965
17,377,005,192
20,234,750,715
(2024.01.01~ 2024.12.31)
(2023.01.01~ 2023.12.31)
(2022.01.01~ 2022.12.31)
매출액
15,067,336,854
5,344,041,000
3,667,932,078
영업이익(손실)
(7,681,695,087)
(11,761,259,820)
(13,242,833,549)
당기순이익(손실)
(7,646,091,801)
(11,666,505,260)
(13,008,896,040)
당기총포괄이익(손실)
(7,771,067,584)
(11,751,213,667)
(12,979,077,553)
주당이익(원)
(1,203)
(1,938)
(2,242)