삼정펄프 / 2025.03.27 사업보고서 25. 11. 13. 오후 12:14
삼정펄프/사업보고서/2025.03.27
1. 요약재무정보
(단위:천원)
구분
제51기
제50기
제 49기
2024년12월말
2023년 12월말
2022년 12월말
[유동자산]
152,770,988
161,562,813
135,234,131
ㆍ현금및현금성자산
11,423,492
20,989,944
13,948,665
ㆍ단기금융상품
21,245,000
44,021,914
38,364,113
ㆍ당기손익공정가치측정금융상품
81,715,717
45,874,109
30,051,064
ㆍ매출채권및기타유동채권
16,547,121
15,750,247
18,190,025
ㆍ재고자산
21,694,881
28,153,390
27,111,594
ㆍ유동상각후원가측정금융상품
-
3,050,000
7,000,000
ㆍ기타유동자산
144,777
151,187
451,165
ㆍ당기법인세자산
-
3,572,022
117,506
[비유동자산]
145,688,264
83,771,650
97,429,687
ㆍ장기금융상품
4,000
4,000
4,000
ㆍ비유동당기손익공정가치측정금 융상품
41,924,643
46,392,687
60,163,359
ㆍ장기매출채권및기타비유동채권
1,759,817
1,612,802
1,321,225
ㆍ유형자산
37,694,879
35,647,166
33,930,547
ㆍ투자부동산
64,221,104
-
-
ㆍ무형자산
83,821
114,995
511,570
ㆍ이연법인세자산
-
-
1,498,986
자산총계
298,459,252
245,334,464
232,663,819
[유동부채]
27,750,931
18,419,214
19,018,632
[비유동부채]
12,373,714
3,651,326
638,907
부채총계
40,124,645
22,070,540
19,657,538 60
[자본금]
12,499,855
12,499,855
12,499,855
[주식발행초과금]
21,422,580
21,422,580
21,422,580
[이익잉여금]
224,041,701
188,971,018
178,713,374
[기타자본항목]
370,471
370,471
370,471
자본총계
258,334,607
223,263,924
213,006,280
구 분
2024.01.01~
2023.01.01~
2022.01.01~
2024.12.31
2023.12.31
2022.12.31
매출액
163,884,080
178,308,059
174,464,092
영업이익
4,868,323
6,460,066
4,665,535
당기순이익
37,954,519
13,102,388
(957,080)
총포괄손익
37,570,654
12,757,615
(613,359)
주당순이익(단위:원)
15,182
5,241
(383)
https://dart.fss.or.kr/dsaf001/main.do?rcpNo=20250327001293
1/1