고려제강 / 2025.05.15 [정정] 사업보고서
1. 요약재무정보
가. 요약연결재무정보
(단위 : 원)
구분
제 67기
제 66기
제 65기
[유동자산]
1,170,234,000,000
1,075,550,000,000
1,153,075,000,000
현금및현금성자산
155,118,000,000
184,205,000,000
203,384,000,000
[비유동자산]
1,438,744,000,000
1,375,731,000,000
1,379,693,000,000
자산총계
2,608,978,000,000
2,451,281,000,000
2,532,768,000,000
[유동부채]
469,146,000,000
446,167,000,000
561,484,000,000
[비유동부채]
212,724,000,000
209,903,000,000
243,762,000,000
부채총계
681,870,000,000
656,070,000,000
805,246,000,000
[자본금]
25,000,000,000
25,000,000,000
23,000,000,000
[이익잉여금]
1,651,242,000,000
1,626,762,000,000
1,566,861,000,000
비지배지분
145,301,000,000
118,013,000,000
127,487,000,000
자본총계
1,927,108,000,000
1,795,211,000,000
1,727,522,000,000
구 분
제67기
2024.01.01-12.31
제66기
2023.01.01-12.31
제65기
2022.01.01-12.31
매출액
1,739,609,000,000
1,788,878,000,000
2,072,550,000,000
영업이익
26,107,000,000
56,317,000,000
133,503,000,000
당기순이익
32,915,000,000
64,527,000,000
92,323,000,000
총포괄이익
131,195,000,000
76,562,000,000
95,471,000,000
주당순이익(원)
1,248
2,648
3,002
연결대상 종속회사수
27
27
27
※ 한국채택국제회계(K-IFRS) 기준으로 작성되었으며, 외부감사인의 감사(검토)를 받았습니다.