동양파일 / 2025.03.14 사업보고서
1. 요약재무정보
(단위 : 원)
구분
제12기
(2024년)
제11기
(2023년)
제10기
(2022년)
[유동자산]
75,638,000,000
79,416,000,000
71,432,000,000
현금및현금성자산
9,485,000,000
35,068,000,000
10,318,000,000
매출채권및기타채권
57,707,000,000
19,679,000,000
14,430,000,000
재고자산
7,887,000,000
6,648,000,000
6,661,000,000
[비유동자산]
52,808,000,000
55,863,000,000
57,981,000,000
유형자산
48,887,000,000
49,966,000,000
50,943,000,000
자산총계
128,446,000,000
135,279,000,000
129,413,000,000
[유동부채]
5,651,000,000
7,159,000,000
6,336,000,000
[비유동부채]
-
38,000,000
162,000,000
부채총계
5,651,000,000
7,197,000,000
6,498,000,000
[자본금]
10,000,000,000
10,000,000,000
10,000,000,000
[자본잉여금]
66,884,000,000
66,884,000,000
66,884,000,000
[이익잉여금]
44,110,000,000
49,383,000,000
44,215,000,000
자본총계
122,795,000,000
128,082,000,000
122,914,000,000
종속·관계·공동기업 투자주식의 평가방법
해당없음
해당없음
해당없음
(2024.01.01 ~ 2024.12.31)
(2023.01.01 ~ 2023.12.31)
(2022.01.01 ~ 2022.12.31)
매출액
56,563,000,000
71,057,000,000
72,585,000,000
영업이익
(4,416,000,000)
4,493,000,000
5,273,000,000
당기순이익
(5,273,000,000)
5,167,000,000
4,907,000,000
기본주당순이익(원)
(264)
258
245
희석주당순이익(원)
(264)
258
245
※ 본 보고서의 재무에 관한 사항은 한국채택국제회계기준(K-IFRS)으로 작성되었습 니다.