빅텍 / 2025.03.18 사업보고서
1. 요약재무정보
가. 요약연결재무정보
(단위 : 원)
구분
제 29 기
제 28 기
제 27 기
(2024년말)
(2023년말)
(2022년말)
[유동자산]
43,901,000,000
37,266,000,000
50,592,000,000
ㆍ현금및현금성자산
6,817,000,000
596,000,000
11,804,000,000
[비유동자산]
63,282,000,000
59,549,000,000
45,620,000,000
자산총계
107,183,000,000
96,815,000,000
96,212,000,000
[유동부채]
44,613,000,000
24,188,000,000
16,353,000,000
[비유동부채]
4,320,000,000
17,042,000,000
18,815,000,000
부채총계
48,933,000,000
41,230,000,000
35,168,000,000
[자본금]
5,730,000,000
5,730,000,000
5,730,000,000
[이익잉여금]
23,355,000,000
20,690,000,000
26,139,000,000
[비지배지분]
-
-
-
자본총계
58,250,000,000
55,585,000,000
61,044,000,000
(2024.01.01~2024.12.31)
(2023.01.01~2023.12.31)
(2022.01.01~2022.12.31)
매출액
71,488,000,000
54,929,000,000
74,375,000,000
영업손익
1,818,000,000
(4,338,000,000)
1,653,000,000
당기순손익
3,819,000,000
(4,189,000,000)
(232,000,000)
기본주당순손익(단위: 원)
133
(146)
(8)
희석주당순손익(단위: 원)
88
(146)
(8)