한창제지 / 2025.03.18 사업보고서
1. 요약재무정보
(단위 : 원)
구분
제 53 기
제 52 기
제 51 기
2024년 12월말
2023년 12월말
2022년 12월말
[유동자산]
100,718,000,000
108,409,000,000
103,713,000,000
ㆍ현금및현금성자산
11,105,000,000
21,481,000,000
13,533,000,000
자산총계
287,559,000,000
288,896,000,000
283,062,000,000
[유동부채]
141,369,000,000
132,699,000,000
97,228,000,000
[비유동부채]
51,808,000,000
65,159,000,000
75,403,000,000
부채총계
193,177,000,000
197,858,000,000
172,631,000,000
[자본금]
29,834,000,000
29,834,000,000
29,834,000,000
[이익잉여금]
56,100,000,000
52,738,000,000
72,141,000,000
자본총계
94,382,000,000
91,038,000,000
110,431,000,000
2024년 1월1일 ~ 2024년 12월31일
2023년 1월1일 ~ 2023년 12월31일
2022년 1월1일 ~ 2022년 12월31일
매출액
294,258,000,000
276,034,000,000
214,924,000,000
영업이익
1,142,000,000
-11,475,000,000
1,286,000,000
당기순이익
2,640,000,000
-17,495,000,000
1,261,000,000
주당순이익(원)
44
-293
21
☞ 상기재무정보는 한국채택국제회계기준(K-IFRS)을 적용하여 작성된 것입니다.