한국제지 / 2025.03.14 사업보고서
1. 요약재무정보
1.
요약재무정보(연결)
(단위 : 원)
구 분
제 41(당) 기
제 40(전) 기
제 39(전전) 기
(2024년 12월말)
(2023년 12월말)
(2022년 12월말)
[유동자산]
384,646,000,000
385,962,000,000
374,470,000,000
현금 및 현금성자산
12,681,000,000
53,971,000,000
9,169,000,000
매출채권 및 기타유동자산
220,290,000,000
216,988,000,000
202,060,000,000
재고자산
151,675,000,000
115,003,000,000
163,241,000,000
[비유동자산]
370,452,000,000
350,888,000,000
296,126,000,000
유형자산
320,364,000,000
299,684,000,000
254,125,000,000
무형자산
1,183,000,000
1,186,000,000
936,000,000
자산총계
755,098,000,000
736,850,000,000
670,596,000,000
[유동부채]
278,363,000,000
276,379,000,000
253,348,000,000
[비유동부채]
35,061,000,000
21,995,000,000
6,125,000,000
부채총계
313,424,000,000
298,374,000,000
259,473,000,000
[자본금]
190,178,000,000
190,178,000,000
132,615,000,000
[이익잉여금(결손금)]
7,555,000,000
(56,607,000,000)
16,964,000,000
[비지배지분]
0
0
0
자본총계
441,674,000,000
438,476,000,000
411,123,000,000
(2024.01.01~ 2024.12.31)
(2023.01.01~ 2023.12.31)
(2022.01.01~ 2022.12.31)
매출액
792,089,000,000
712,027,000,000
684,783,000,000
영업이익(손실)
19,320,000,000
13,502,000,000
21,447,000,000
당기순이익(손실)
4,097,000,000
(66,630,000,000)
13,826,000,000
주당순이익(손실)(단위:원)
22
(425)
103
※ 상기 요약연결재무제표는 한국채택국제회계기준(K-IFRS) 新기준서에 따라 작성되었습니다.