플레이디 / 2025.03.20 사업보고서
1. 요약재무정보
(단위: 원)
구분
제15기
(2024년 12월말)
제14기
(2023년 12월말)
제13기
(2022년 12월말)
자산총계
134,692,732,000,000
135,533,647,000,000
162,643,360,000,000
부채총계
48,983,848,000,000
54,237,847,000,000
83,620,934,000,000
자본총계
85,708,884,000,000
81,295,800,000,000
79,022,427,000,000
(2024.01.01~2024.12.31)
(2023.01.01~2023.12.31)
(2022.01.01~2022.12.31)
영업수익
38,614,112,000,000
37,255,650,000,000
43,952,147,000,000
영업이익
4,001,982,000,000
2,531,122,000,000
5,596,977,000,000
당기순이익
4,300,661,000,000
2,885,949,000,000
4,953,448,000,000
기본주당순이익(단위:원)
335
225
386
희석주당순이익(단위:원)
335
225
386