케이엠더블유 / 2025.03.20 사업보고서
1. 요약재무정보
1) 요약연결재무정보
(단위 : 원)
구분
제 31기
(2024년 12월말)
제 30기
(2023년 12월말)
제 29기
(2022년 12월말)
[유동자산]
111,136,000,000
126,917,000,000
187,315,000,000
- 현금및현금성자산
45,918,000,000
77,196,000,000
107,045,000,000
자산총계
269,041,000,000
276,015,000,000
345,864,000,000
[유동부채]
117,106,000,000
90,324,000,000
93,925,000,000
[비유동부채]
8,284,000,000
10,826,000,000
11,646,000,000
부채총계
125,390,000,000
101,150,000,000
105,571,000,000
[자본금]
19,910,000,000
19,910,000,000
19,910,000,000
[이익잉여금]
(38,028,000,000)
568,000,000
58,856,000,000
자본총계
143,651,000,000
174,865,000,000
240,293,000,000
구분
(2024년 1월 1일부터 2024년 12월 31일까 지)
(2023년 1월 1일부터 2023년 12월 31일까 지)
(2022년 1월 1일부터 2022년 12월 31일까 지)
매출액
87,357,000,000
100,068,000,000
179,462,000,000
영업이익(손실)
(45,481,000,000)
(62,858,000,000)
(44,988,000,000)
당기순이익(손실)
(38,604,000,000)
(65,287,000,000)
(26,686,000,000)
지배기업소유주의
기본 주당순이익(원)
(969)
(1,640)
(670)