서울반도체 / 2025.03.27 [정정] 사업보고서
1. 요약재무정보
가. 요약 연결 재무정보
(단위 : 원)
과 목
제38기(2024)
제37기(2023)
제36기(2022)
[유동자산]
589,589,656,919
529,106,549,052
550,449,970,337
·현금및현금성자산
77,456,089,039
102,637,713,916
78,811,752,106
·단기금융상품
16,316,392,465
1,500,534,223
3,120,046,200
·매출채권및기타채권
318,108,462,277
295,306,912,905
322,724,075,387
·재고자산
159,478,589,580
120,675,363,590
139,184,113,374
·기타금융자산
-
200,000,000
-
·기타유동자산
16,861,104,294
8,671,061,614
6,530,547,326
·당기법인세자산
1,369,019,264
114,962,804
79,435,944
[비유동자산]
671,610,886,966
689,969,917,388
739,421,984,909
·장기금융상품
-
1,000,000,000
1,000,000,000
·당기손익-공정가치측정 금융자산
3,574,388,000
3,386,752,000
13,378,956,535
·유형자산
597,308,057,318
618,290,896,944
656,577,392,593
·투자부동산
122,646,766
308,658,043
78,596,333
·무형자산
28,936,147,289
25,131,938,419
29,177,836,580
·관계기업및공동기업투자
532,878,608
1,732,197,856
1,830,876,828
·기타비유동금융자산
2,661,102,851
1,769,476,853
3,198,454,036
·기타비유동자산
14,743,792,727
18,886,368,973
21,186,174,062
·이연법인세자산
23,731,873,407
19,463,628,300
12,993,697,942
자 산 총 계
1,261,200,543,885
1,219,076,466,440
1,289,871,955,246
[유동부채]
448,970,496,258
404,814,156,676
305,104,421,601
[비유동부채]
111,195,376,571
126,388,895,584
209,198,169,698
부 채 총 계
560,165,872,829
531,203,052,260
514,302,591,299
[지배기업 소유주지분]
683,071,462,682
677,299,077,888
704,990,339,114
·자본금
29,152,700,000
29,152,700,000
29,152,700,000
·기타불입자본
322,753,221,377
322,633,595,747
319,894,340,444
·기타자본구성요소
(15,474,916,183)
(34,130,814,602)
(34,672,017,271)
·이익잉여금
346,640,457,488
359,643,596,743
390,615,315,941
[비지배지분]
17,963,208,374
10,574,336,292
70,579,024,833
자 본 총 계
701,034,671,056
687,873,414,180
775,569,363,947
2024.1.1
~2024.12.31
2023.1.1
~2023.12.31
2022.1.1
~2022.12.31
매출액
1,090,485,819,261
1,032,380,637,430
1,109,427,463,605
영업이익
796,674,308
(49,351,836,734)
(33,437,894,990)
법인세차감전순이익
(5,030,386,596)
(70,182,506,115)
(30,777,676,427)
당기순이익
(1,935,193,851)
(74,472,892,087)
(54,325,725,131)
당기포괄이익
20,830,725,492
(75,121,025,919)
(48,201,932,115)
기본주당순이익
(89)
(397)
(20)
희석주당순이익
(89)
(397)
(20)
연결에 포함된 회사 수
10
10
11
* 한국채택국제회계기준 작성기준에 따라 작성되었습니다.
* 연결에 포함된 회사 수는 당사를 제외한 종속회사의 개수입니다.
나. 요약 별도 재무정보
(단위 : 원)
과 목
제38기(2024)
제37기(2023)
제36기(2022)
[유동자산]
299,763,814,748
328,308,580,419
392,705,501,816
·현금및현금성자산
64,604,810,589
76,784,687,234
62,546,298,305
·단기금융상품
14,984,408,610
278,045,093
461,135,277
·매출채권및기타채권
194,926,215,134
208,405,930,220
299,065,855,408
·재고자산
21,007,595,407
22,213,304,218
28,972,473,796
·기타금융자산
-
19,154,180,000
-
·기타유동자산
3,442,694,283
1,472,433,654
1,659,739,030
·당기법인세자산
798,090,725
-
-
[비유동자산]
619,044,253,096
645,276,644,328
564,255,401,149
·매출채권및기타채권
78,985,151,134
88,174,346,864
21,303,956,504
·장기금융상품
-
1,000,000,000
1,000,000,000
·당기손익-공정가치측정 금융자산
3,174,388,000
2,986,752,000
12,978,956,535
·유형자산
98,347,915,565
93,966,018,210
106,071,715,787
·투자부동산
12,215,162,980
12,788,598,930
12,991,605,456
·무형자산
9,201,358,964
8,933,783,802
11,106,371,257
·종속기업투자
317,689,840,864
333,447,934,994
289,145,594,939
·관계기업및공동기업투자
199,768,375
997,796,747
997,796,747
·기타금융자산
73,159,108,514
74,852,320,804
80,593,284,252
·기타비유동자산
4,417,810,086
6,342,536,753
8,971,755,486
·이연법인세자산
21,653,748,614
21,786,555,224
19,094,364,186
자 산 총 계
918,808,067,844
973,585,224,747
956,960,902,965
[유동부채]
211,265,487,664
201,004,495,756
180,599,264,547
[비유동부채]
10,034,635,684
9,750,121,607
9,507,545,934
부 채 총 계
221,300,123,348
210,754,617,363
190,106,810,481
[자본금]
29,152,700,000
29,152,700,000
29,152,700,000
[기타불입자본]
359,792,362,683
359,792,362,683
359,792,362,683
[기타자본구성요소]
(32,826,612,863)
(32,826,612,863)
(32,826,612,863)
[이익잉여금]
341,389,494,676
406,712,157,564
410,735,642,664
자 본 총 계
697,507,944,496
762,830,607,384
766,854,092,484
2024.1.1
~2024.12.31
2023.1.1
~2023.12.31
2022.1.1
~2022.12.31
종속,관계,공동기업 투자주식의 평가방법
원가법
원가법
원가법
매출액
871,476,735,639
851,792,684,867
941,191,252,347
영업이익
3,149,371,911
9,708,969,279
10,663,557,526
법인세차감전순이익
(57,323,561,706)
15,807,788,555
34,630,040,669
당기순이익
(57,362,980,654)
8,474,842,109
24,912,722,525
기본 주당순이익
(1,017)
150
442
희석 주당순이익
(1,017)
150
442