팬오션 / 2025.03.18 사업보고서
1. 요약재무정보
가. 요약연결재무정보
(단위 : 원)
과목
제59기
제58기
제57기
2024년 12월말
2023년 12월말
2022년 12월말
I. 유동자산
2,021,806,000,000
1,757,323,000,000
1,834,200,000,000
현금및현금성자산
865,844,000,000
952,781,000,000
744,629,000,000
I. 비유동자산
8,249,700,000,000
6,096,623,000,000
5,714,742,000,000
자산총계
10,271,506,000,000
7,853,946,000,000
7,548,942,000,000
I. 유동부채
1,276,861,000,000
1,294,029,000,000
1,226,756,000,000
II. 비유동부채
3,341,262,000,000
1,846,566,000,000
1,829,582,000,000
부채총계
4,618,123,000,000
3,140,595,000,000
3,056,338,000,000
I. 지배기업소유주지분
5,653,383,000,000
4,713,351,000,000
4,492,604,000,000
자본금
534,570,000,000
534,570,000,000
534,570,000,000
이익잉여금(결손금)
1,859,636,000,000
1,638,233,000,000
1,474,700,000,000
자본총계
5,653,383,000,000
4,713,351,000,000
4,492,604,000,000
과목
제59기
제58기
제57기
2024년 12월말
2023년 12월말
2022년 12월말
2024년 1월~12월
2023년 1월~12월
2022년 1월~12월
매출액
5,161,218,000,000
4,360,982,000,000
6,420,312,000,000
영업이익(손실)
471,180,000,000
385,854,000,000
789,618,000,000
당기순이익(손실)
268,143,000,000
245,041,000,000
677,081,000,000
지배기업 소유주지분
268,143,000,000
245,041,000,000
677,081,000,000
기본주당순이익(단위:원)
502
458
1,267
희석주당순이익(단위:원)
502
458
1,267
연결에 포함된 회사수
10개
10개
10개