덕산네오룩스 / 2025.03.19 사업보고서
1. 요약재무정보
가. 요약 연결재무정보
(단위 : 원)
구 분
제11기
제10기
제9기
2024년 12월말
2023년 12월말
2022년 12월말
[유동자산]
124,326,716,974
100,923,290,970
189,300,361,285
ㆍ현금 및 현금성자산
71,262,488,271
39,747,720,551
132,735,420,842
ㆍ매출채권
14,722,458,622
8,898,415,451
13,021,754,242
ㆍ기타유동수취채권
2,142,065,446
15,834,030,639
12,233,578,516
ㆍ기타유동금융자산
57,605,148
39,834,263
-
ㆍ기타유동자산
4,633,265,543
5,610,392,014
2,547,120,737
ㆍ재고자산
31,508,833,944
30,792,898,052
28,762,486,948
[비유동자산]
327,985,026,388
303,404,201,911
172,237,554,433
ㆍ순확정급여자산
-
2,029,178,999
2,108,077,663
ㆍ기타비유동수취채권
110,557,757,850
93,332,207,379
3,944,373,123
ㆍ기타비유동금융자산
19,837,129,222
21,255,083,333
19,032,536,008
ㆍ기타비유동자산
14,015,941,188
9,398,697,640
3,005,088,665
ㆍ관계기업투자
11,445,230,575
13,230,866,886
13,256,848,683
ㆍ유형자산
111,527,460,269
104,684,245,945
92,308,338,009
ㆍ무형자산
59,768,618,229
58,199,589,133
37,913,714,177
ㆍ사용권자산
832,889,055
1,274,332,596
668,578,105
자산총계
452,311,743,362
404,327,492,881
361,537,915,718
[유동부채]
23,495,699,694
23,665,258,217
16,164,865,423
[비유동부채]
29,810,684,484
27,468,855,207
25,041,371,666
부채총계
53,306,384,178
51,134,113,424
41,206,237,089
[자본금]
4,966,235,800
4,966,235,800
4,966,235,800
[주식발행초과금]
138,602,045,860
138,602,045,860
138,602,045,860
[기타자본항목]
(6,863,478,419)
(7,559,131,716)
(4,154,582,013)
[이익잉여금]
262,204,979,834
217,087,234,641
180,819,625,870
[비지배지분]
95,576,109
96,994,872
98,353,112
자본총계
399,005,359,184
353,193,379,457
320,331,678,629
구 분
2024년 1월~12월
2023년 1월~12월
2022년 1월~12월
매출액
212,252,223,722
163,702,143,267
176,677,173,188
영업이익
52,471,548,274
32,919,649,532
44,866,531,676
법인세비용차감전순이익
53,897,076,486
41,724,243,656
44,786,652,810
당기순이익
45,760,807,753
35,804,054,122
38,919,638,935
- 지배기업 소유주지분
45,762,226,516
35,805,412,362
38,921,136,724
- 비지배지분
(1,418,763)
(1,358,240)
(1,497,789)
총포괄손익
45,811,979,727
36,245,887,928
39,783,315,491
주당순이익
1,863
1,456
1,574
희석주당순이익
1,863
1,456
1,574
연결에 포함된 회사수
3개
3개
3개
※ 상기 연결 재무제표는 한국채택국제회계기준(K-IFRS)에 따라 작성되었습니다. ※ 제11기(당기)는 주주총회 승인 전 연결재무제표입니다. 향후 정기주주총회에서 재무제표 승인 관련 안건이 부결되거나 수정이 발생한 경우 정정보고서를 통해 그 내 용 및 사유등을 반영할 예정입니다.
나. 요약 별도재무정보
(단위 : 원)
구 분
제11기
제10기
제9기
2024년 12월말
2023년 12월말
2022년 12월말
[유동자산]
121,269,153,619
98,834,366,995
187,510,150,588
ㆍ현금 및 현금성자산
68,758,817,921
38,318,030,825
131,584,080,122
ㆍ매출채권
14,722,458,622
8,898,415,451
13,021,754,242
ㆍ기타유동수취채권
2,074,494,349
15,771,846,784
12,173,331,442
ㆍ기타유동금융자산
57,605,148
39,834,263
-
ㆍ기타유동자산
4,146,943,635
5,013,341,620
1,968,497,834
ㆍ재고자산
31,508,833,944
30,792,898,052
28,762,486,948
[비유동자산]
332,809,636,092
306,803,687,781
174,876,245,099
ㆍ순확정급여자산
-
2,029,178,999
2,108,077,663
ㆍ기타비유동수취채권
110,557,757,850
93,332,207,379
3,944,373,123
ㆍ기타비유동금융자산
16,271,029,222
17,688,983,333
15,466,436,008
ㆍ기타비유동자산
14,015,142,347
9,382,416,519
2,998,919,705
ㆍ관계기업투자
23,322,276,168
24,522,924,468
24,680,475,513
ㆍ유형자산
107,101,554,214
99,969,449,947
86,901,972,573
ㆍ무형자산
58,827,378,921
57,268,712,867
36,982,837,911
ㆍ사용권자산
2,714,497,370
2,609,814,269
1,793,152,603
자산총계
454,078,789,711
405,638,054,776
362,386,395,687
[유동부채]
25,559,231,976
25,367,766,082
17,523,626,475
[비유동부채]
29,609,774,660
27,163,541,067
24,629,443,695
부채총계
55,169,006,636
52,531,307,149
42,153,070,170
[자본금]
4,966,235,800
4,966,235,800
4,966,235,800
[주식발행초과금]
138,602,045,860
138,602,045,860
138,602,045,860
[기타자본항목]
(6,863,478,419)
(7,559,131,716)
(4,154,582,013)
[이익잉여금]
262,204,979,834
217,097,597,683
180,819,625,870
자본총계
398,909,783,075
353,106,747,627
320,233,325,517
종속·관계·공동기업 투자 주식 평가방법
지분법
지분법
지분법
구 분
2024년 1월~12월
2023년 1월~12월
2022년 1월~12월
매출액
212,252,223,722
163,702,143,267
176,677,173,188
영업이익
52,402,987,248
32,844,515,861
44,933,500,070
법인세비용차감전순이익
53,908,310,963
41,754,095,435
44,788,150,599
당기순이익
45,751,863,474
35,815,775,404
38,921,136,724
총포괄손익
45,803,035,448
36,257,609,210
39,784,813,280
주당순이익
1,863
1,456
1,574
희석주당순이익
1,863
1,456
1,574
※ 상기 별도 재무제표는 한국채택국제회계기준에 따라 작성되었습니다.
※ 제11기(당기)는 주주총회 승인 전 별도재무제표입니다. 향후 정기주주총회에서 재무제표 승인 관련 안건이 부결되거나 수정이 발생한 경우 정정보고서를 통해 그 내 용 및 사유등을 반영할 예정입니다.