대한광통신 / 2025.03.20 사업보고서
1. 요약재무정보
1.1 연결 기준 재무에 관한 사항
(단위 : 원)
구분
제51기
(감사받은
재무제표)
제50기
(감사받은
재무제표)
제49기
(감사받은
재무제표)
[유동자산]
100,943,000,000
135,982,000,000
149,413,000,000
[비유동자산]
108,718,000,000
98,820,000,000
102,666,000,000
자산총계
209,661,000,000
234,802,000,000
252,079,000,000
[유동부채]
144,704,000,000
138,547,000,000
120,154,000,000
[비유동부채]
24,131,000,000
20,234,000,000
26,397,000,000
부채총계
168,835,000,000
158,781,000,000
146,551,000,000
[자본금]
37,256,000,000
37,256,000,000
37,154,000,000
[기타포괄손익누계액]
21,470,000,000
105,000,000
-38,000,000
[이익잉여금]
(52,676,000,000)
(28,326,000,000)
(2,402,000,000)
자본총계
40,826,000,000
76,021,000,000
105,528,000,000
매출액
152,717,000,000
180,263,000,000
190,109,000,000
영업이익
(29,705,000,000)
(23,223,000,000)
3,461,000,000
당기순이익(손실)
(56,038,000,000)
(29,457,000,000)
(3,084,000,000)
- 지배기업의 소유주에게 귀속되는 당기 순이익(손실)
(56,038,000,000)
(29,457,000,000)
(3,084,000,000)
- 기본주당이익(손실)
(752)
(395)
(42)
- 희석주당이익(손실)
(752)
(395)
(42)
연결에 포함된 회사수
4
4
4