인선이엔티 / 2025.03.20 사업보고서
1. 요약재무정보
가. 요약 연결재무정보
(단위 : 원)
구 분
제28기 기말
(2024년 12월말)
제27기 기말
(2023년 12월말)
제26기 기말
(2022년 12월말)
자산
비유동자산
374,788,161,251
420,604,093,484
403,287,693,391
유형자산
321,100,887,600
334,126,000,218
341,251,924,396
영업권
10,059,779,671
32,543,841,974
36,231,737,251
영업권이외의 무형자산
2,106,796,275
12,894,463,253
13,471,066,367
관계기업투자
28,560,473,457
30,459,590,733
3,543,500,000
장기매출채권 및 기타채권
3,114,110,359
3,317,644,128
2,662,647,196
기타금융자산
2,140,128,099
2,566,703,054
2,577,339,072
이연법인세자산
5,950,636,301
4,695,850,124
3,549,479,109
유동자산
120,920,045,248
124,386,475,825
146,930,916,567
재고자산
7,346,322,010
9,192,109,860
11,522,473,463
매출채권 및 기타채권
37,566,407,991
39,672,104,392
39,350,227,898
기타금융자산
20,825,200,960
17,701,751,630
13,337,025,374
당기법인세자산
371,071,440
113,631,427
11,593,620
기타유동자산
1,142,245,091
2,330,879,063
4,278,554,174
현금 및 현금성자산
53,668,797,756
55,375,999,453
78,431,042,038
자산총계
495,708,206,499
544,990,569,309
550,218,609,958
자본
지배기업의 소유주에게 귀속되는 자본
322,630,959,961
343,604,585,591
341,844,167,993
자본금
23,281,806,000
23,281,806,000
23,281,806,000
자본잉여금
127,053,217,034
127,053,217,034
127,053,217,034
자본조정
(18,879,010,441)
(17,107,749,649)
(17,498,536,325)
기타포괄손익누계액
168,968,851
167,193,490
165,179,816
이익잉여금
191,005,978,517
210,210,118,716
208,842,501,468
비지배지분
-
-
-
자본총계
322,630,959,961
343,604,585,591
341,844,167,993
비유동부채
76,429,779,715
99,441,061,517
82,511,886,268
유동부채
96,647,466,823
101,944,922,201
125,862,555,697
부채총계
173,077,246,538
201,385,983,718
208,374,441,965
2024년 1월~12월
2023년 1월~12월
2022년 1월~12월
매출액
208,849,594,963
220,959,199,628
237,616,653,525
영업이익
23,179,868,587
25,808,068,439
33,230,165,818
계속영업법인세비용차감전순이익
(18,642,466,212)
(1,919,933,536)
28,972,541,204
당기순이익
(18,855,881,025)
1,711,848,050
21,896,167,133
지배기업의 소유주에 귀속될 당기순이익
(18,855,881,025)
1,711,848,050
21,896,167,133
비지배지분에 귀속될 당기순이익
-
-
-
주당손익
기본주당손익
(421)
38
480
희석주당손익
(421)
38
480
연결에 포함된 회사수
6개
6개
6개
※연결에 포함된 회사는 당사를 포함하여 당기말 기준 연결회사의 숫자입니다.