세림B&G / 2025.03.18 사업보고서
1. 요약재무정보
(단위 : 원)
구분
제6기
제5기
제4기
(2024년말)
(2023년말)
(2022년말)
회계처리기준
K-IFRS(별도)
K-IFRS(별도)
K-IFRS(별도)
[유동자산]
27,436,000,000
29,721,000,000
25,770,000,000
[비유동자산]
20,220,000,000
18,882,000,000
20,025,000,000
자산총계
47,656,000,000
48,603,000,000
45,795,000,000
[유동부채]
9,667,000,000
11,704,000,000
14,772,000,000
[비유동부채]
4,001,000,000
3,845,000,000
1,808,000,000
부채총계
13,668,000,000
15,549,000,000
16,580,000,000
자본금
2,838,000,000
2,838,000,000
2,838,000,000
이익잉여금
14,096,000,000
13,162,000,000
9,323,000,000
자본총계
33,988,000,000
33,054,000,000
29,215,000,000
종속·관계·공동기업 투자주식의 평가방법
-
-
-
구분
제6기 (2024.01.01.~ 2024.12.31.)
제5기 (2023.01.01.~ 2023.12.31.)
제4기 (2022.01.01.~ 2022.12.31.)
매출액
55,419,000,000
58,245,000,000
52,526,000,000
영업이익
3,082,000,000
4,299,000,000
2,692,000,000
당기순이익
2,325,000,000
3,811,000,000
2,198,000,000
주당순이익(원)
82
134
79