뷰노 / 2025.03.20 사업보고서
1. 요약재무정보
가. 요약 연결 재무정보
(단위 : 원)
과목
제11기
제10기
제9기
2024년 12월말
2023년 12월말
2022년 12월말
[유동자산]
40,512,670,210,000
14,601,746,030,000
23,287,496,480,000
· 현금및현금성자산
6,853,012,306,000
4,689,107,735,000
10,125,454,968,000
· 매출채권및기타채권
28,031,195,647,000
3,523,191,314,000
1,428,985,611,000
자산총계
50,182,429,726,000
22,556,170,574,000
35,377,699,339,000
[유동부채]
16,094,933,178,000
11,123,002,353,000
13,552,617,117,000
[비유동부채]
3,393,721,805,000
6,413,799,667,000
3,133,195,740,000
부채총계
19,488,654,983,000
17,536,802,020,000
16,685,812,857,000
[자본금]
1,396,020,100,000
1,385,856,100,000
1,306,969,800,000
[결손금]
(94,272,012,941,000)
(81,137,845,441,000)
(64,309,490,042,000)
자본총계
30,693,774,743,000
5,019,368,554,000
18,691,886,482,000
2024년 1월~12월
2023년 1월~12월
2022년 1월~12월
영업수익
25,869,420,408,000
13,275,892,081,000
8,274,530,575,000
영업이익(손실)
(12,450,008,523,000)
(15,675,806,109,000)
(15,366,682,625,000)
당기순이익(손실)
(13,018,446,504,000)
(15,626,719,889,000)
(15,661,891,105,000)
총포괄손익
(12,382,341,360,000)
(16,269,393,891,000)
(15,530,151,871,000)
기본주당순이익(손실)
(943)
(1,342)
(1,383)
연결에 포함된 회사수
2개
2개
2개