HMM / 2025.03.18 사업보고서
1. 요약재무정보
가. 요약연결재무정보
(단위 : 원)
구분
제49기
제48기
제47기
(감사받지 아니한 재무제표)
(2024년 12월 말)
(2023년 12월 말)
(2022년 12월 말)
자산총계
33,848,562,000,000
25,713,363,000,000
26,066,659,000,000
[유동부채]
2,357,189,000,000
2,001,371,000,000
2,051,767,000,000
[비유동부채]
3,635,829,000,000
2,271,179,000,000
3,233,776,000,000
부채총계
5,993,018,000,000
4,272,550,000,000
5,285,543,000,000
[자본금]
4,405,197,000,000
3,445,197,000,000
2,445,197,000,000
[이익잉여금(결손금)]
14,114,764,000,000
10,889,054,000,000
10,628,749,000,000
[비지배지분]
1,621,000,000
1,615,000,000
1,597,000,000
자본총계
27,855,544,000,000
21,440,813,000,000
20,781,116,000,000
구분
2024년 1월~12월
2023년 1월~12월
2022년 1월~12월
매출액
11,700,224,000,000
8,400,969,000,000
18,582,770,000,000
영업이익(손실)
3,512,847,000,000
584,770,000,000
9,949,357,000,000
당기순이익(손실)
3,782,129,000,000
968,692,000,000
10,117,136,000,000
지배기업 소유주지분
3,782,169,000,000
968,560,000,000
10,116,968,000,000
기본주당손익(단위 : 원)
4,999
1,667
20,621
희석주당손익(단위 : 원)
3,690
924
9,899