크레버스 / 2025.03.18 사업보고서
1. 요약재무정보
가. 연결재무제표 요약
(단위 : 원)
사업연도
제23기
2024년 12월말
제22기
2023년 12월말
제21기
2022년 12월말
유동자산
42,660,835,752
55,043,704,197
60,463,234,513
비유동자산
155,752,760,691
160,804,534,146
163,687,185,156
자산총계
198,413,596,443
215,848,238,343
224,150,419,669
유동부채
131,496,919,132
108,908,696,368
109,055,064,630
비유동부채
26,411,989,715
61,423,896,977
68,181,346,035
부채총계
157,908,908,847
170,332,593,345
177,236,410,665
자본금
5,769,502,500
5,769,502,500
5,872,294,500
이익잉여금
86,013,090,328
95,987,585,149
98,123,029,876
비지배기업의 소유지분
246,593,795
1,573,214,475
1,651,798,952
자본총계
40,504,687,596
45,515,644,998
46,914,009,004
종속, 관계, 공동기업 투자주식의 평가방법
지분법
지분법
지분법
(2024.01.01~2024.12.31)
(2023.01.01~2023.12.31)
(2022.01.01~2022.12.31)
영업수익
228,168,256,909
233,485,121,718
227,499,581,732
영업이익
10,316,847,050
25,216,689,470
25,653,163,787
당기순이익
6,561,585,988
15,336,827,670
4,826,304,143
지배회사지분순이익
7,573,968,322
14,996,635,858
4,931,248,604
주당순이익
902
1,805
609
연결에 포함된 회사수
7
7
6