SK / 2025.03.18 사업보고서
1. 요약재무정보
가. 요약 연결 재무정보
(단위 : 원)
구분
제34기
제33기
제32기
(2024.12.31)
(2023.12.31)
(2022.12.31)
[유동자산]
67,462,864,000,000
64,834,622,000,000
64,993,579,000,000
현금및현금성자산
24,647,042,000,000
22,683,670,000,000
21,393,853,000,000
자산총계
214,977,754,000,000
206,970,264,000,000
194,505,860,000,000
[유동부채]
71,532,821,000,000
65,353,291,000,000
63,053,204,000,000
[비유동부채]
63,157,397,000,000
63,737,923,000,000
59,643,866,000,000
부채총계
134,690,218,000,000
129,091,214,000,000
122,697,070,000,000
[자본금]
16,143,000,000
16,143,000,000
16,143,000,000
[이익잉여금]
11,881,908,000,000
13,668,066,000,000
14,918,613,000,000
[비지배지분]
55,172,945,000,000
57,152,336,000,000
50,213,244,000,000
자본총계
80,287,536,000,000
77,879,050,000,000
71,808,790,000,000
I. 매출액
124,690,439,000,000
128,798,468,000,000
129,531,717,000,000
II. 영업이익(손실)
2,355,290,000,000
4,753,982,000,000
7,778,541,000,000
IV. 계속영업당기연결순이익(손실)
348,805,000,000
(1,424,254,000,000)
3,299,040,000,000
V. 당기순이익(손실)
528,810,000,000
(406,387,000,000)
3,966,176,000,000
지배기업소유주지분순이익(손실)
(1,292,684,000,000)
(776,798,000,000)
1,098,683,000,000
VI. 지배기업 소유주 지분에 대한 주당이익
보통주기본주당이익(손실)
(23,455)
(13,941)
19,432
보통주희석주당이익(손실)
(23,525)
(13,958)
19,303
보통주기본주당계속영업이익(손실)
(25,269)
(20,541)
13,380
보통주희석주당계속영업이익(손실)
(25,339)
(20,552)
13,264