에코프로에이치엔 / 2025.08.14 [정정] 사업보고서
1. 요약재무정보
가. 요약 연결재무정보
(단위 : 원)
구분
제 4기
제3기
제2기
2024년 12월말
2023년 12월말
2022년 12월말
[유동자산]
321,062,406,183
146,981,107,224
125,944,083,592
현금및현금성자산
105,596,615,356
22,486,793,467
9,539,125,990
재고자산
7,398,929,100
15,310,613,813
15,691,014,601
[비유동자산]
145,590,375,897
78,831,533,826
58,145,441,273
유형자산
133,124,782,389
66,046,468,894
46,763,462,524
자산총계
466,652,782,080
225,812,641,050
184,089,524,865
[유동부채]
103,847,158,152
78,264,304,053
88,668,507,094
[비유동부채]
66,531,397,768
36,979,424,859
8,931,888,536
부채총계
170,378,555,920
115,243,728,912
97,600,395,630
[자본금]
10,487,466,000
7,652,466,000
7,652,466,000
[자본잉여금]
214,809,776,982
43,932,963,112
43,932,963,112
[이익잉여금]
72,057,466,284
60,957,651,127
38,419,040,719
자본총계
296,274,226,160
110,568,912,138
86,489,129,235
구분
제 4기
제3기
제2기
2024년 12월말
2023년 12월말
2022년 12월말
2024년 01월 01일 ~ 2024년 12월 31일
2023년 01월 01일 ~ 2023년 12월 31일
2022년 01월 01일 ~ 2022년 12월 31일
매출액
234,500,459,609
228,946,023,204
218,237,744,878
영업이익(영업손실)
24,226,100,708
41,780,811,675
41,420,546,422
당기순이익(당기순손실)
21,548,434,961
33,546,467,256
32,362,895,640
기본주당순이익(주당순손실)
1,387
2,201
2,116
※ 상기 요약 연결재무정보는 한국채택국제회계기준(K-IFRS)에 따라 작성되었습니다.
나. 요약 재무정보
(단위 : 원)
구분
제 4기
제3기
제2기
2024년 12월말
2023년 12월말
2022년 12월말
[유동자산]
320,276,398,683
146,895,729,131
125,776,200,762
현금및현금성자산
104,893,617,634
22,444,796,082
9,488,296,966
재고자산
7,398,929,100
15,310,613,813
15,691,014,601
[비유동자산]
145,854,201,563
78,891,513,530
58,122,155,265
유형자산
133,103,442,807
66,018,200,109
46,725,421,198
자산총계
466,130,600,246
225,787,242,661
183,898,356,027
[유동부채]
103,255,456,164
78,113,819,397
88,498,405,006
[비유동부채]
66,531,397,768
36,979,424,859
8,868,644,921
부채총계
169,786,853,932
115,093,244,256
97,367,049,927
[자본금]
10,487,466,000
7,652,466,000
7,652,466,000
[자본잉여금]
214,765,974,479
43,889,160,609
43,889,160,609
[이익잉여금]
72,168,297,200
61,110,548,811
38,487,946,324
자본총계
296,343,746,314
110,693,998,405
86,531,306,100
관계, 공동기업투자주식 평가방법
원가법
원가법
원가법
2024년 01월 01일 ~ 2024년 12월 31일
2023년 01월 01일 ~ 2023년 12월 31일
2022년 01월 01일 ~ 2022년 12월 31일
매출액
234,160,195,654
228,731,036,594
218,237,744,878
영업이익(영업손실)
24,183,395,829
41,861,422,726
41,500,725,249
당기순이익(당기순손실)
21,506,368,193
33,630,459,335
32,431,801,245
기본주당순이익(주당순손실)
1,384
2,207
2,121
※ 상기 요약 재무정보는 한국채택국제회계기준(K-IFRS)에 따라 작성되었습니다.