신도리코 / 2025.07.15 [정정] 사업보고서
1. 요약재무정보
가. 요약연결재무정보
(단위 : 원)
구분
제 65 기
제 64 기
제 63 기
2024년 12월말
2023년 12월말
2022년 12월말
[유동자산]
950,335,008,957
903,271,178,469
759,235,989,185
[비유동자산]
193,245,674,348
175,511,820,048
279,257,458,335
자산총계
1,143,580,683,305
1,078,782,998,517
1,038,493,447,520
[유동부채]
70,476,669,537
71,806,841,263
66,999,917,446
[비유동부채]
8,816,393,526
15,748,569,080
17,787,748,914
부채총계
79,293,063,063
87,555,410,343
84,787,666,360
[자본금]
50,400,145,000
50,400,145,000
50,400,145,000
[이익잉여금]
926,814,057,259
863,347,450,857
821,374,239,986
[비지배지분]
자본총계
1,064,287,620,242
991,227,588,174
953,705,781,160
2024년 1월 ~ 2024년 12월
2023년 1월 ~ 2023년 12월
2022년 1월 ~ 2022년 12월
매출액
340,994,882,503
402,553,029,898
382,286,461,739
영업이익
20,156,744,960
30,109,355,962
1,890,037,382
당기순이익
73,194,606,397
54,984,228,871
45,016,566,294
당기총포괄손익
85,994,200,568
52,190,128,514
45,512,482,320
기본 및 희석주당이익
8,489
6,371
5,007