경동도시가스 / 2025.03.18 사업보고서
1. 요약재무정보
1. 요약 연결재무정보
(단위 : 원)
구분
제8기
제7기
제6기
[유동자산]
566,459,350,000
570,455,477,000
690,019,275,000
ㆍ현금및현금성자산
73,410,943,000
46,762,470,000
90,544,679,000
ㆍ유동금융자산
193,230,783,000
180,150,050,000
181,015,075,000
ㆍ매출채권
289,690,175,000
332,833,888,000
407,689,543,000
ㆍ재고자산
1,471,631,000
1,965,008,000
1,716,136,000
ㆍ기타유동자산
8,655,818,000
8,744,061,000
9,053,842,000
[비유동자산]
381,223,927,000
380,873,640,000
377,595,758,000
ㆍ비유동금융자산
20,446,556,000
14,861,273,000
13,285,246,000
ㆍ관계기업투자
6,173,357,000
6,938,651,000
1,679,288,000
ㆍ유형자산
318,824,433,000
323,251,674,000
324,572,993,000
ㆍ사용권자산
10,445,485,000
11,548,430,000
12,223,860,000
ㆍ무형자산
14,469,126,000
10,524,400,000
8,240,662,000
ㆍ기타비유동자산
10,864,970,000
13,749,212,000
17,593,709,000
자산총계
947,683,277,000
951,329,117,000
1,067,615,033,000
[유동부채]
429,784,143,000
457,667,483,000
598,220,338,000
[비유동부채]
72,028,466,000
72,863,748,000
74,405,998,000
부채총계
501,812,609,000
530,531,231,000
672,626,336,000
[자본금]
14,738,515,000
14,738,515,000
14,738,515,000
[연결자본잉여금]
260,588,936,000
260,563,806,000
260,563,806,000
[연결이익잉여금]
160,998,866,000
139,949,644,000
116,561,760,000
[비지배지분]
-
295,052,000
288,033,000
자본총계
445,870,668,000
420,797,886,000
394,988,697,000
2024년 1월~12월
2023년 1월~12월
2022년 1월~12월
매출액
1,791,907,870,000
1,799,453,798,000
2,304,945,010,000
영업이익
26,974,142,000
28,284,882,000
25,271,268,000
연결당기순이익
28,639,112,000
30,614,836,000
24,201,000,000
총포괄이익
30,516,406,000
30,964,813,000
24,727,834,000
주당순이익(원)
4,859
5,196
4,105
연결에 포함된 회사수
4개사
4개사
4개사