디아이티 / 2025.03.18 사업보고서
1. 요약재무정보
가. 요약연결재무정보
- 제20기, 제19기, 제18기말 연결재무제표는 한국채택국제회계기준(K-IFRS)에 의 해 작성되었습니다.
디아이티 주식회사와 그 종속기업 (단위: 원)
구분
제20기
(2024년)
제19기
(2023년)
제18기
(2022년)
[유동자산]
194,426,386,936
168,030,064,732
200,308,838,931
당좌자산
184,823,915,003
148,655,932,241
138,638,411,953
재고자산
9,602,471,933
19,374,132,491
61,670,426,978
[비유동자산]
46,433,480,644
43,821,082,279
54,533,629,276
투자자산
12,820,766,359
12,589,451,924
24,561,776,412
유형자산
23,775,346,702
22,365,088,835
21,500,564,190
무형자산
865,589,680
681,776,118
781,856,581
기타비유동자산
8,971,777,903
8,184,765,402
7,689,432,093
자산총계
240,859,867,580
211,851,147,011
254,842,468,207
[유동부채]
26,717,173,221
24,624,679,312
76,191,158,845
[비유동부채]
1,263,020,515
1,099,764,234
869,348,925
부채총계
27,980,193,736
25,724,443,546
77,060,507,770
[지배기업 소유주지분]
212,879,673,844
186,126,703,465
177,781,960,437
자본금
1,890,000,000
1,890,000,000
1,890,000,000
자본잉여금
37,441,783,272
36,872,808,456
36,720,796,048
자본조정
(2,940,546,583)
(3,433,858,120)
(3,945,930,850)
기타포괄손익누계액
49,309,724
(14,371,782)
(14,577,194)
이익잉여금
176,439,127,431
150,812,124,911
143,131,672,433
[비지배지분]
-
-
-
자본총계
212,879,673,844
186,126,703,465
177,781,960,437
구분
제20기
(2024년)
제19기
(2023년)
제18기
(2022년)
매출액
116,655,392,937
107,061,292,801
132,874,920,170
영업이익
24,089,464,501
8,644,231,654
5,534,308,739
법인세차감전순이익
33,625,490,699
14,676,037,428
11,773,938,192
연결당기순이익
28,929,530,740
13,163,567,178
9,269,367,569
지배주주분 당기순이익
28,929,530,740
13,163,567,178
9,269,367,569
비지배주주분 당기순이익
-
-
-
연결주당순이익
1,570
719
508
연결에 포함된 회사수
1
1
1
나. 요약재무정보
- 제20기, 제19기, 제18기말 재무제표는 한국채택국제회계기준(K-IFRS)에 의해 작 성되었습니다.
디아이티 주식회사 (단위: 원)
구분
제20기
(2024년)
제19기
(2023년)
제18기
(2022년)
[유동자산]
194,212,902,773
167,914,816,219
201,308,221,996
당좌자산
184,554,599,922
148,405,455,126
138,305,775,258
재고자산
9,658,302,851
19,509,361,093
63,002,446,738
[비유동자산]
46,264,912,554
43,821,521,292
54,488,029,768
투자자산
12,908,207,734
12,696,567,924
24,668,892,412
유형자산
23,550,540,495
22,322,420,756
21,400,814,342
무형자산
865,589,680
681,776,118
781,856,581
기타비유동자산
8,940,574,645
8,120,756,494
7,636,466,433
자산총계
240,477,815,327
211,736,337,511
255,796,251,764
[유동부채]
26,425,390,966
24,517,364,876
75,966,734,183
[비유동부채]
1,263,020,515
1,096,328,615
869,348,925
부채총계
27,688,411,481
25,613,693,491
76,836,083,108
[자본금]
1,890,000,000
1,890,000,000
1,890,000,000
[자본잉여금]
37,441,783,272
36,872,808,456
36,720,796,048
[자본조정]
(2,940,546,583)
(3,433,858,120)
(3,945,930,850)
[기타포괄손익누계액]
-
-
-
[이익잉여금]
176,398,167,157
150,793,693,684
144,295,303,458
자본총계
212,789,403,846
186,122,644,020
178,960,168,656
종속ㆍ관계ㆍ공동기업 투자주식의 평가방법
원가법
원가법
원가법
구분
제20기
(2024년)
제19기
(2023년)
제18기
(2022년)
매출액
116,643,132,777
107,051,722,572
132,864,968,108
영업이익
24,028,656,437
7,465,464,579
5,562,952,037
법인세차감전순이익
33,370,527,206
13,522,373,182
11,789,556,207
당기순이익
28,907,001,693
11,981,504,926
9,294,944,624
주당순이익
1,569
654
509