새로닉스 / 2025.03.18 사업보고서
1. 요약재무정보
가. 연결요약재무정보
(단위 : 원)
구분
제55기
제54기
제53기
제52기
(2024년 12월말)
(2023년 12월말)
(2022년 12월말)
(2021년 12월말)
자산총계
258,381,709,358,000
322,973,435,415,000
348,242,920,178,000
232,360,101,597,000
부채총계
130,847,369,596,000
148,301,896,441,000
143,874,223,866,000
121,898,860,810,000
자본총계
127,534,339,762,000
174,671,538,974,000
204,368,696,312,000
110,461,240,787,000
(2024.01.01~ 2024.12.31)
(2023.01.01~ 2023.12.31)
(2022.01.01~ 2022.12.31)
(2021.01.01~ 2021.12.31)
매출액
202,501,396,859,000
201,701,546,184,000
218,666,962,658,000
192,047,433,394,000
영업이익(손실)
7,282,953,087,000
389,601,220,000
472,202,217,000
(629,487,987,000)
법인세비용차감전순이익(손실)
(67,656,488,991,000)
(36,535,313,276,000)
114,335,642,579,000
42,963,837,606,000
당기순이익(손실)
(52,916,727,406,000)
(29,513,780,446,000)
91,689,419,941,000
28,952,315,381,000
주당순이익(손실)
(4,403)
(2,345)
7,365
2,337
연결대상 회사수
2
2
2
2
※ 주1) 상기 요약 연결재무정보는 한국채택국제회계기준 작성기준에 따라 작성됨.
※ 주2) ( )는 부(-)의 수치임.