현대힘스 / 2025.03.18 사업보고서
1. 요약재무정보
가. 요약연결재무정보
(단위 : 원)
사업연도
제 17기
제 16기
제 15기
[유동자산]
72,618,603,746
45,057,508,372
29,281,153,736
현금및현금성자산
36,765,381,329
6,483,606,643
3,070,549,206
자산총계
326,531,968,531
250,483,748,731
233,557,341,480
[유동부채]
40,284,862,563
34,525,887,012
32,524,803,054
[비유동부채]
52,709,412,435
39,122,343,274
33,364,744,655
부채총계
92,994,274,998
73,648,230,286
65,889,547,709
[자본금]
17,696,135,500
14,800,000,000
148,000,000,000
[이익잉여금]
44,472,443,321
28,633,265,082
19,519,614,836
[비지배지분]
-
-
-
자본총계
233,537,693,533
176,835,518,445
167,667,793,771
연결에 포함된 회사수
2
2
2
(2024.1.1 ~
2024.12.31)
(2023.1.1 ~
2023.12.31)
(2022.1.1 ~
2022.12.31)
매출액
223,163,801,400
189,188,021,565
144,752,544,468
영업이익(손실)
21,548,671,011
14,463,678,384
3,756,954,475
당기순이익(손실)
16,558,474,508
10,117,377,616
4,366,217,534
총포괄손익
15,839,178,239
9,113,650,246
4,635,004,006
주당이익
기본주당이익(손실)
476
576
590
희석주당이익(손실)
472
341
590