한솔홈데코 / 2025.03.11 사업보고서
1. 요약재무정보
가. 요약연결재무정보
(단위 : 원)
구분
제 33기
(2024년)
제 32기
(2023년)
제 31기
(2022년)
[유동자산]
119,962,615,000,000
112,957,284,000,000
108,300,637,000,000
현금및현금성자산
33,155,049,000,000
14,067,662,000,000
8,042,489,000,000
[비유동자산]
170,416,532,000,000
199,138,117,000,000
211,195,884,000,000
자산총계
290,379,147,000,000
312,095,401,000,000
319,496,521,000,000
[유동부채]
111,639,836,000,000
122,675,409,000,000
118,712,647,000,000
[비유동부채]
54,885,788,000,000
49,652,699,000,000
47,361,846,000,000
부채총계
166,525,624,000,000
172,328,108,000,000
166,074,493,000,000
[자본금]
83,765,149,000,000
83,765,149,000,000
83,765,149,000,000
[이익잉여금]
11,769,121,000,000
27,277,012,000,000
40,528,575,000,000
[비지배지분]
71,161,000,000
84,100,000,000
74,217,000,000
자본총계
123,853,523,000,000
139,767,293,000,000
153,422,028,000,000
[매출액]
327,259,060,000,000
296,554,844,000,000
283,328,661,000,000
[영업이익(손실)]
11,420,299,000,000
3,629,791,000,000
4,428,344,000,000
[당기순이익(손실)]
(16,925,567,000,000)
(14,271,678,000,000)
(4,867,558,000,000)
[총포괄손익]
(16,048,738,000,000)
(13,844,444,000,000)
(5,007,067,000,000)
[계속영업 기본주당이익(손실)](단위 : 원)
(174)
(109)
(36)
[중단영업 기본주당이익(손실)](단위 : 원)
(36)
(68)
(24)