KG케미칼 / 2025.08.14 [정정] 사업보고서
1. 요약재무정보
가. 연결 재무정보에 관한 사항
(1) 요약 연결재무정보
(단위: 원)
구분
제71기
제70기
제69기
(2024년 12월말)
(2023년 12월말)
(2022년 12월말)
자산
[유동자산]
3,465,840,000,000
3,267,612,000,000
2,561,025,000,000
[비유동자산]
4,695,108,000,000
4,551,191,000,000
4,515,622,000,000
자산총계
8,160,948,000,000
7,818,803,000,000
7,076,647,000,000
부채
[유동부채]
3,563,806,000,000
2,429,768,000,000
2,303,486,000,000
[비유동부채]
822,661,000,000
1,752,719,000,000
1,457,935,000,000
부채총계
4,386,467,000,000
4,182,487,000,000
3,761,421,000,000
자본
[지배기업의 소유주에게 귀속되 는 자본]
951,530,000,000
918,287,000,000
813,281,000,000
[비지배지분]
2,822,951,000,000
2,718,029,000,000
2,501,945,000,000
자본총계
3,774,481,000,000
3,636,316,000,000
3,315,226,000,000
부채와자본총계
8,160,948,000,000
7,818,803,000,000
7,076,647,000,000
구분
(2024.01.01~ 2024.12.31)
(2023.01.01~ 2023.12.31)
(2022.01.01~ 2022.12.31)
매출액
8,863,142,000,000
8,933,057,000,000
6,607,355,000,000
영업이익
318,802,000,000
442,584,000,000
501,084,000,000
당기순이익
228,496,000,000
350,715,000,000
997,423,000,000
지배기업의 소유주에게 귀속되는 당기순이익
61,856,000,000
95,763,000,000
325,294,000,000
총포괄이익
181,359,000,000
298,587,000,000
1,037,792,000,000
총 포괄손익, 지배기업의 소유주 에게 귀속되는 지분
48,077,000,000
80,547,000,000
335,935,000,000
계속영업기본주당이익 (단위: 원)
919
1,446
2,956
계속영업희석주당이익 (단위 :원)
919
1,446
2,956
연결에 포함된 회사수
37
38
34