S-Oil / 2025.03.19 사업보고서
1. 요약재무정보
가. 요약연결재무정보
(단위 : 원)
구분
제50기
제49기
제48기
(2024.12.31)
(2023.12.31)
(2022.12.31)
[유동자산]
10,048,039,000,000
9,647,760,000,000
9,205,981,000,000
ㆍ현금 및 현금성자산
1,945,837,000,000
1,963,279,000,000
1,310,326,000,000
ㆍ매출채권 및 기타채권
2,922,953,000,000
2,628,721,000,000
2,439,937,000,000
ㆍ재고자산
4,493,062,000,000
4,639,174,000,000
4,733,160,000,000
ㆍ기타유동자산
686,187,000,000
416,586,000,000
722,558,000,000
[비유동자산]
14,403,394,000,000
11,928,363,000,000
10,407,154,000,000
ㆍ유형자산
13,581,807,000,000
11,152,018,000,000
9,588,032,000,000
ㆍ무형자산
148,768,000,000
115,597,000,000
106,418,000,000
자산총계
24,451,433,000,000
21,576,123,000,000
19,613,135,000,000
[유동부채]
11,656,683,000,000
9,254,520,000,000
8,213,158,000,000
[비유동부채]
4,099,103,000,000
3,284,038,000,000
2,916,508,000,000
부채총계
15,755,786,000,000
12,538,558,000,000
11,129,666,000,000
[자본금]
291,512,000,000
291,512,000,000
291,512,000,000
[이익잉여금]
7,030,470,000,000
7,379,599,000,000
6,828,520,000,000
[소수주주지분]
-
-
-
자본총계
8,695,647,000,000
9,037,565,000,000
8,483,469,000,000
(2024.01.01~ 2024.12.31)
(2023.01.01~ 2023.12.31)
(2022.01.01~ 2022.12.31)
매출액
36,637,031,000,000
35,726,694,000,000
42,446,028,000,000
영업이익 (손실)
422,177,000,000
1,354,582,000,000
3,405,166,000,000
법인세비용 차감전 순이익 (손실)
(332,510,000,000)
1,131,705,000,000
2,898,542,000,000
당기순이익 (손실)
(193,042,000,000)
948,848,000,000
2,104,387,000,000
지배회사지분순이익
(193,042,000,000)
948,848,000,000
2,104,387,000,000
보통주 기본 및 희석주당이익
(1,659)
8,149
18,075
우선주 기본 및 희석주당이익
(1,634)
8,174
18,100

나. 요약재무정보
(단위 : 원)
구분
제50기
제49기
제48기
(2024.12.31)
(2023.12.31)
(2022.12.31)
[유동자산]
9,971,712,000,000
9,573,670,000,000
9,168,427,000,000
ㆍ현금 및 현금성자산
1,909,095,000,000
1,936,042,000,000
1,297,580,000,000
ㆍ매출채권 및 기타채권
2,883,464,000,000
2,581,922,000,000
2,415,176,000,000
ㆍ재고자산
4,493,062,000,000
4,639,173,000,000
4,733,160,000,000
[비유동자산]
14,397,605,000,000
11,924,878,000,000
10,404,969,000,000
ㆍ유형자산
13,581,796,000,000
11,152,005,000,000
9,588,016,000,000
ㆍ무형자산
148,744,000,000
115,489,000,000
106,231,000,000
자산총계
24,369,317,000,000
21,498,548,000,000
19,573,396,000,000
[유동부채]
11,595,544,000,000
9,191,173,000,000
8,182,228,000,000
[비유동부채]
4,095,805,000,000
3,282,250,000,000
2,914,950,000,000
부채총계
15,691,349,000,000
12,473,423,000,000
11,097,178,000,000
[자본금]
291,512,000,000
291,512,000,000
291,512,000,000
[이익잉여금]
7,006,499,000,000
7,359,224,000,000
6,813,159,000,000
자본총계
8,677,968,000,000
9,025,125,000,000
8,476,218,000,000
(2024.01.01~ 2024.12.31)
(2023.01.01~ 2023.12.31)
(2022.01.01~ 2022.12.31)
매출액
36,181,794,000,000
35,251,031,000,000
42,017,079,000,000
영업이익 (손실)
419,516,000,000
1,350,825,000,000
3,402,647,000,000
당기순이익 (손실)
(196,706,000,000)
943,834,000,000
2,103,686,000,000
보통주 기본 및 희석주당이익
(1,690)
8,106
18,069
우선주 기본 및 희석주당이익
(1,665)
8,131
18,094