에어부산 / 2025.03.17 사업보고서
1. 요약재무정보
가. 요약재무정보
(단위 : 원)
과목
2024년
2023년
2022년
(제18기)
(제17기)
(제16기)
[유동자산]
257,082,000,000
248,452,000,000
202,751,000,000
[비유동자산]
1,160,504,000,000
1,109,631,000,000
1,025,132,000,000
자산총계
1,417,586,000,000
1,358,083,000,000
1,227,883,000,000
[유동부채]
370,063,000,000
361,362,000,000
357,729,000,000
[비유동부채]
908,420,000,000
809,908,000,000
743,495,000,000
부채총계
1,278,483,000,000
1,171,270,000,000
1,101,224,000,000
[자본금]
116,640,000,000
116,640,000,000
116,640,000,000
[이익잉여금(결손금)]
△280,291,000,000
△272,580,000,000
△492,015,000,000
자본총계
139,103,000,000
186,813,000,000
126,659,000,000
2024년 1월~12월
2023년 1월~12월
2022년 1월~12월
매출액
1,006,763,000,000
890,440,000,000
404,993,000,000
영업이익(영업손실)
146,280,000,000
159,754,000,000
△81,308,000,000
당기순이익(당기순손실)
2,418,000,000
104,145,000,000
△150,401,000,000
기타주당순이익(손실)
△35
811
△2,048
[△는 음(-)의 수치임]