LG생활건강 / 2025.03.17 사업보고서
1. 요약재무정보
가. 요약연결재무정보
(단위 : 백만원)
구분
제24기
제23기
제22기
(2024년 12월말)
(2023년 12월말)
(2022년 12월말)
[유동자산]
2,856,048
2,429,584
2,284,389
매출채권 및 기타채권
606,860
567,463
602,886
재고자산
922,418
884,515
955,433
기타유동자산
1,326,770
977,606
726,070
[비유동자산]
4,549,736
4,790,702
5,018,541
유형자산
2,226,369
2,307,114
2,383,867
무형자산
1,964,277
2,007,878
2,100,587
기타비유동자산
359,090
475,710
534,087
자산총계
7,405,784
7,220,286
7,302,930
[유동부채]
1,295,900
1,089,659
1,162,758
[비유동부채]
423,964
581,700
671,336
부채총계
1,719,864
1,671,359
1,834,094
[자본금]
88,589
88,589
88,589
[자본잉여금]
97,326
97,326
97,326
[이익잉여금]
5,695,580
5,604,426
5,542,447
[기타포괄손익누계액]
(17,529)
(96,665)
(83,209)
[기타자본항목]
(297,702)
(260,224)
(305,870)
[소수주주지분]
119,656
115,475
129,553
자본총계
5,685,920
5,548,927
5,468,836
자본과 부채총계
7,405,784
7,220,286
7,302,930
2024.01.01~ 2024.12.31
2023.01.01~ 2023.12.31
2022.01.01~ 2022.12.31
매출액
6,811,919
6,804,839
7,185,759
영업이익
459,046
486,981
711,123
당기순이익
203,888
163,524
258,340
지배주주지분순이익
189,135
142,755
236,572
구분
제24기
제23기
제22기
(2024년 12월말)
(2023년 12월말)
(2022년 12월말)
소수주주지분순이익
14,753
20,769
21,768
주당이익
11,281
8,513
14,112
연결에 포함된 회사수
36
36
34
나. 요약 별도재무정보
(단위 : 백만원)
구분
제24기
제23기
제22기
2024년 12월말
2023년 12월말
2022년 12월말
[유동자산]
1,424,400
1,207,774
861,079
매출채권 및 기타채권
397,672
324,999
314,557
재고자산
378,648
388,781
410,318
기타유동자산
648,080
493,994
136,205
[비유동자산]
3,747,211
3,849,636
3,846,245
유형자산
1,097,296
1,131,700
1,138,609
무형자산
893,295
893,595
898,605
기타비유동자산
1,756,620
1,824,341
1,809,031
자산총계
5,171,611
5,057,410
4,707,324
[유동부채]
648,590
458,340
408,372
[비유동부채]
73,175
160,915
170,859
부채총계
721,765
619,255
579,231
[자본금]
88,589
88,589
88,589
[자본잉여금]
97,326
97,326
97,326
[이익잉여금]
4,242,212
4,230,100
3,919,984
[기타포괄손익누계액]
(3,153)
(2,732)
(2,678)
[기타자본항목]
24,872
24,872
24,872
자본총계
4,449,846
4,438,155
4,128,093
자본과 부채총계
5,171,611
5,057,410
4,707,324
종속ㆍ관계ㆍ공동기업 투자주식의 평가방법
원가법
원가법
원가법
2024.01.01~ 2024.12.31
2023.01.01~ 2023.12.31
2022.01.01~ 2022.12.31
매출액
3,534,850
3,500,214
3,783,321
구분
제24기
제23기
제22기
2024년 12월말
2023년 12월말
2022년 12월말
영업이익
228,883
217,117
428,277
당기순이익
98,123
389,709
76,951
주당이익
5,850
23,252
4,586