키다리스튜디오 / 2025.03.19 사업보고서 25. 11. 13. 오후 1:28
1. 요약재무정보
가. 연결재무제표의 요약재무정보
(단위 : 원)
과 목
제38기
(2024.12.31)
제37기
(2023.12.31)
제36기
(2022.12.31)
[자산]
1. 유동자산
121,643,085,634
120,636,489,286
130,418,120,361
(1) 현금및현금성자산
50,069,373,210
51,732,990,529
68,066,001,040
(2) 당기손익-공정가치측정금융자산
15,737,777,086
752,180,871
14,080,932,087
(3) 매출채권
13,286,079,623
13,970,885,398
11,285,375,595
(4) 재고자산
2,132,373,809
1,122,280,063
619,521,612
(5) 기타금융자산
11,369,339,144
16,360,819,491
2,663,735,909
(6) 기타유동자산
28,976,615,142
35,819,924,470
32,449,662,319
(7) 당기법인세자산
71,527,620
877,408,464
1,252,891,799
2. 비유동자산
208,745,130,203
224,412,136,117
247,329,730,639
(1) 당기손익-공정가치측정금융자산
9,146,162,969
14,840,373,317
18,120,093,350
(2) 관계기업투자
7,966,816,081
7,183,865,084
6,116,799,292
(3) 유형자산
27,550,908,979
32,956,965,159
34,515,598,470
(4) 무형자산
146,525,087,987
148,597,961,533
172,824,187,317
(5) 기타금융자산
7,730,527,101
11,612,178,664
6,509,423,196
(6) 기타비유동자산
4,906,813,477
3,225,561,755
2,567,420,303
(7) 순확정급여자산
428,085,090
720,721,914
-
(8) 이연법인세자산
4,490,728,519
5,274,508,691
6,676,208,711
[자산총계]
330,388,215,837
345,048,625,403
377,747,851,000
[부채]
1. 유동부채
106,393,637,948
81,837,108,449
75,836,738,214
2. 비유동부채
23,904,762,437
54,526,890,354
27,287,079,943
[부채총계]
130,298,400,385
136,363,998,803
103,123,818,157
[자본]
1. 자본금
18,531,883,000
18,495,383,000
18,482,383,000
2. 자본잉여금
230,340,543,421
230,100,018,801
230,003,751,181
3. 기타자본구성요소
(13,812,632,455)
(14,246,792,872)
11,752,635,898
4. 기타포괄손익누계액
(928,384,489)
(96,459,783)
368,210,747
5. 이익잉여금
(34,610,340,977)
(26,145,732,314)
10,619,490,201
6. 비지배지분
568,746,952
578,209,768
3,397,561,816
[자본총계]
200,089,815,452
208,684,626,600
274,624,032,843
[부채및자본총계]
330,388,215,837
345,048,625,403
377,747,851,000
과 목
제38기
(2024.01.01~2024.12.31)
제37기
(2023.01.01~2023.12.31)
제36기
(2022.01.01~2022.12.31)
1. 매출액
205,213,284,499
171,042,237,147
169,433,774,760
2. 영업이익
2,189,001,069
(5,744,856,252)
4,262,454,699
3. 법인세차감전계속사업순이익
(1,239,800,937)
(32,396,877,559)
(2,457,881,428)
4. 계속사업순이익
(7,219,357,053)
(35,643,071,568)
(2,539,662,103)
5. 중단사업손익
-
-
-
6. 총당기순이익
(7,219,357,053)
(35,643,071,568)
(2,539,662,103)
7. 지배기업 소유주지분
(7,602,944,299)
(34,546,758,885)
(2,823,537,239)
8. 비지배지분
383,587,246
(1,096,312,683)
283,875,136
9. 기본주당순이익
(205)
(934)
(78)
연결에 포함된 회사수
6
6
4
※ 한국채택국제회계기준(K-IFRS)에 따라 작성 되었습니다.
나. 별도재무제표의 요약재무정보
과 목
제38기
(2024.12.31)
제37기
(2023.12.31)
제36기
(2022.12.31)
[자산]
1. 유동자산
53,405,604,031
64,616,158,432
70,203,105,579
(1) 현금및현금성자산
18,368,535,768
14,120,094,593
26,397,247,669
(2) 당기손익-공정가치측정금융자산
624,477,086
752,180,871
8,630,932,087
(3) 매출채권
12,352,170,131
10,101,747,641
7,256,251,172
(4) 기타금융자산
1,045,273,777
9,430,097,213
886,382,656
(5) 기타유동자산
20,943,706,163
29,929,611,798
27,032,291,995
(6) 당기법인세자산
71,441,106
282,426,316
-
2. 비유동자산
244,235,262,956
236,074,992,810
247,822,770,217
(1) 매출채권
-
-
2,945,764,147
(2) 당기손익-공정가치측정금융자산
9,146,162,969
14,840,373,317
18,000,484,746
(3) 관계기업투자
7,966,816,081
7,183,865,084
6,116,799,292
(4) 종속기업투자주식
199,952,922,425
185,508,736,462
188,385,791,681
(5) 유형자산
13,764,776,462
16,450,865,618
18,225,973,269
(6) 무형자산
2,141,640,820
2,388,454,728
3,582,040,806
(7) 기타금융자산
4,528,634,452
4,826,048,016
4,295,002,339
(8) 기타비유동자산
4,906,813,477
3,225,561,755
2,567,420,303
(9) 순확정급여자산
428,085,090
720,721,914
1,021,359,908
(10) 이연법인세자산
1,399,411,180
930,365,916
2,682,133,726
[자산총계]
297,640,866,987
300,691,151,242
318,025,875,796
[부채]
1. 유동부채
59,904,457,258
39,840,042,579
38,996,532,246
2. 비유동부채
10,650,747,676
30,309,639,156
13,483,975,740
[부채총계]
70,555,204,934
70,149,681,735
52,480,507,986
[자본]
1. 자본금
18,531,883,000
18,495,383,000
18,482,383,000
2. 자본잉여금
230,340,543,421
230,100,018,801
230,003,751,181
3. 기타자본구성요소
(3,321,842,163)
(3,796,748,745)
(4,690,315,035)
4. 기타포괄손익누계액
(196,785,369)
(73,884,466)
(55,226,019)
5. 이익잉여금
(18,268,136,836)
(14,183,299,083)
21,804,774,683
[자본총계]
227,085,662,053
230,541,469,507
265,545,367,810
[부채및자본총계]
297,640,866,987
300,691,151,242
318,025,875,796
종속, 관계, 공동기업 투자주식의 평가방법
지분법
지분법
지분법
과 목
제38기
(2024.01.01~2024.12.31)
제37기
(2023.01.01~2023.12.31)
제36기
(2022.01.01~2022.12.31)
1. 매출액
88,415,825,670
84,924,113,936
85,236,553,674
2. 영업이익
(13,619,658,553)
(8,714,814,271)
3,962,702,406
3. 법인세차감전계속사업순이익
(3,290,370,319)
(31,779,966,127)
10,588,921,384
4. 계속사업순이익
(3,223,173,389)
(33,769,610,136)
10,222,687,669
5. 중단사업손익
-
-
-
6. 총당기순이익
(3,223,173,389)
(33,769,610,136)
10,222,687,669
7. 기본주당순이익
(87)
(913)
275
※ 한국채택국제회계기준(K-IFRS)에 따라 작성 되었습니다.