## 선광 / 2025.03.21 [정정] 사업보고서

### 1. 요약재무정보
#### 가. 요약연결재무정보
(단위 : 원)

| 구분                      | 제 76기              | 제 75 기             | 제 74 기             |
| :------------------------ | :------------------- | :------------------- | :------------------- |
| **[유동자산]**            | 101,054,692,110      | 86,754,214,874       | 78,632,924,317       |
| ㆍ현금및현금성자산        | 34,501,158,689       | 21,575,944,898       | 33,043,301,145       |
| **[비유동자산]**          | 558,514,815,970      | 552,673,833,912      | 551,455,774,735      |
| **자산총계**              | **659,569,508,080**  | **639,428,048,786**  | **630,088,699,052**  |
| **[유동부채]**            | 65,556,661,012       | 64,984,705,829       | 61,235,799,484       |
| **[비유동부채]**          | 196,933,331,909      | 212,018,678,605      | 231,810,734,541      |
| **부채총계**              | **262,489,992,921**  | **277,003,384,434**  | **293,046,534,025**  |
| **[자본금]**              | 6,600,000,000        | 6,600,000,000        | 6,600,000,000        |
| **[이익잉여금]**          | 316,722,074,656      | 290,877,741,739      | 265,399,958,691      |
| **[기타포괄손익누계액]**  | 2,074,529,741        | 1,186,816,491        | 1,215,597,382        |
| **[지배기업 소유지분]**   | 395,545,852,343      | 360,756,941,699      | 335,306,505,857      |
| **[비지배지분]**          | 1,533,662,816        | 1,667,722,653        | 1,735,659,170        |
| **자본총계**              | **397,079,515,159**  | **362,424,664,352**  | **337,042,165,027**  |
| **매출액**                | 186,752,030,108      | 185,300,554,838      | 172,141,436,308      |
| **영업이익**              | 36,374,328,619       | 39,087,432,544       | 26,761,774,363       |
| **당기순이익**            | 28,298,497,727       | 29,836,757,952       | 10,147,839,994       |
| **지배기업 소유주지분**   | 28,481,380,320       | 29,808,892,370       | 9,951,050,409        |
| **비지배지분**            | (182,882,593)        | 27,865,582           | 196,789,585          |
| **지배기업지분에 대한 주당손익** | 4,799                | 5,163                | 1,723                |
| 연결에 포함된 회사수      | 3                    | 3                    | 3                    |

---

### 1. 요약재무정보
#### 나. 요약재무정보
(단위 : 원)

| 구분                      | 제 76 기             | 제 75 기             | 제 74 기             |
| :------------------------ | :------------------- | :------------------- | :------------------- |
| **[유동자산]**            | 42,712,280,570       | 32,234,580,592       | 40,984,409,475       |
| ㆍ현금및현금성자산        | 24,429,831,369       | 13,189,092,727       | 25,371,797,188       |
| **[비유동자산]**          | 410,071,938,550      | 385,583,672,980      | 365,096,885,297      |
| **자산총계**              | **452,784,219,120**  | **417,818,253,572**  | **406,081,294,772**  |
| **[유동부채]**            | 32,174,110,430       | 30,105,083,725       | 32,830,867,293       |
| **[비유동부채]**          | 40,347,731,485       | 32,255,874,201       | 32,088,957,806       |
| **부채총계**              | **72,521,841,915**   | **62,360,957,926**   | **64,919,825,099**   |
| **[자본금]**              | 6,600,000,000        | 6,600,000,000        | 6,600,000,000        |
| **[이익잉여금]**          | 324,121,627,431      | 307,371,393,299      | 293,079,930,534      |
| **[기타포괄손익누계액]**  | (5,119,816)          | (3,102,766)          | (7,465,974)          |
| **자본총계**              | **380,262,377,205**  | **355,457,295,646**  | **341,161,469,673**  |
| **매출액**                | 94,798,596,298       | 94,594,642,213       | 91,131,327,649       |
| **영업이익**              | 21,180,545,940       | 22,645,344,650       | 17,477,662,717       |
| **당기순이익**            | 19,337,264,382       | 17,570,152,808       | 2,720,366,397        |
| **주당순이익**            | 3,258                | 3,043                | 471                  |