인피니트헬스케어 / 2025.03.19 사업보고서
1. 요약재무정보
가. 요약연결재무정보
(단위 : 원)
구분
제23기
제22기
제21기
(2024년 12월 말)
(2023년 12월 말)
(2022년 12월 말)
[유동자산]
188,462,000,000
141,969,000,000
113,220,000,000
[비유동자산]
43,986,000,000
32,958,000,000
36,288,000,000
자산총계
232,449,000,000
174,927,000,000
149,508,000,000
[유동부채]
40,246,000,000
33,462,000,000
28,925,000,000
[비유동부채]
11,333,000,000
7,455,000,000
5,746,000,000
부채총계
51,579,000,000
40,917,000,000
34,671,000,000
[지배기업 소유지분]
177,909,000,000
134,013,000,000
115,129,000,000
[이익잉여금]
133,763,000,000
89,962,000,000
71,426,000,000
[비지배지분]
2,960,000,000
(3,000,000)
(292,000,000)
자본총계
180,870,000,000
134,010,000,000
114,837,000,000
매출액
101,570,000,000
88,476,000,000
86,133,000,000
영업이익(손실)
13,891,000,000
6,629,000,000
8,588,000,000
당기순이익(손실)
44,642,000,000
19,474,000,000
161,000,000
지배기업소유지분
43,923,000,000
19,139,000,000
132,000,000
비지배지분
718,000,000
336,000,000
29,000,000
총포괄이익(손실)
43,673,000,000
18,883,000,000
1,177,000,000
기본주당이익(손실)
1,887
819
5
희석주당이익(손실)
1,887
819
5
연결에 포함된 회사 수
12
13
13