지누스 / 2025.09.09 [정정] 사업보고서
1. 요약재무정보
가. 요약 연결재무정보
(기준일 : 2024년 12월 31일 ) (단위 : 원)
구분
제46기
제45기
제44기
2024년 12월말
2023년 12월말
2022년 12월말
[유동자산]
656,034,000,000
602,441,000,000
685,770,000,000
ㆍ현금및현금성자산
61,875,000,000
79,544,000,000
132,081,000,000
[비유동자산]
536,195,000,000
438,958,000,000
429,050,000,000
자산총계
1,192,229,000,000
1,041,399,000,000
1,114,821,000,000
[유동부채]
429,089,000,000
330,478,000,000
391,306,000,000
[비유동부채]
90,375,000,000
85,157,000,000
97,357,000,000
부채총계
519,465,000,000
415,635,000,000
488,664,000,000
자본금
11,364,000,000
10,368,000,000
9,450,000,000
이익잉여금
328,988,000,000
351,585,000,000
356,254,000,000
자본총계
672,764,000,000
625,764,000,000
626,157,000,000
부채및자본총계
1,192,229,000,000
1,041,399,000,000
1,114,821,000,000
(2024.01.01~2024.12.31)
(2023.01.01~2023.12.31)
(2022.01.01~2022.12.31)
매출액
920,399,000,000
952,283,000,000
1,159,606,000,000
영업이익(손실)
(5,446,000,000)
18,342,000,000
65,561,000,000
법인세비용차감전순이익(손실)
(5,639,000,000)
625,000,000
43,558,000,000
구분
제46기
제45기
제44기
2024년 12월말
2023년 12월말
2022년 12월말
당기순이익(손실)
(6,798,000,000)
5,297,000,000
29,372,000,000
지배기업의 소유주지분
(6,798,000,000)
5,297,000,000
29,372,000,000
총포괄손익
59,258,000,000
4,219,000,000
8,424,000,000
기본주당이익(손실) (원)
(310)
239
1,507
희석주당이익(손실) (원)
(310)
238
1,489
연결에 포함된 회사수
21개
19개
18개
※ 상기 주당순이익은 무상증자로 증가된 주식수를 기준으로 소급하여 수정된 금액입니다.