한국공항 / 2025.03.18 사업보고서
1. 요약재무정보
가. 연결요약재무정보
(단위 : 원)
사업년도
구분
제 58기
제 57기
제 56기
(2024년 12월말)
(2023년 12월말)
(2022년 12월말)
자산
[유동자산]
204,525,354,000,000
206,590,264,000,000
185,028,753,000,000
ㆍ현금및현금성자산
63,363,256,000,000
40,360,517,000,000
37,095,131,000,000
[비유동자산]
298,011,675,000,000
270,261,276,000,000
236,066,290,000,000
자산총계
502,537,029,000,000
476,851,540,000,000
421,095,043,000,000
부채
[유동부채]
82,130,017,000,000
72,927,688,000,000
44,213,127,000,000
[비유동부채]
50,163,822,000,000
55,450,950,000,000
37,605,487,000,000
부채총계
132,293,838,000,000
128,378,638,000,000
81,818,614,000,000
자본
[지배기업 소유주 귀속분]
370,243,191,000,000
348,472,902,000,000
339,276,429,000,000
ㆍ자본금
15,831,775,000,000
15,831,775,000,000
15,831,775,000,000
ㆍ이익잉여금
287,188,724,000,000
265,708,104,000,000
256,482,488,000,000
[비지배지분]
-
-
-
자본총계
370,243,191,000,000
348,472,902,000,000
339,276,429,000,000
부채와자본총계
502,537,029,000,000
476,851,540,000,000
421,095,043,000,000
(2024.01.01~ 2024.12.31)
(2023.01.01~ 2023.12.31)
(2022.01.01~ 2022.12.31)
매출액
626,537,271,000,000
544,725,137,000,000
400,521,082,000,000
영업이익
45,009,646,000,000
33,969,013,000,000
2,592,551,000,000
당기순손익
37,701,732,000,000
31,422,609,000,000
5,774,386,000,000
주당순손익(원)
13,278
10,275
1,888
연결에 포함된 회사수
1개
1개
1개
[( )는 부(-)의 수치임]
(*) 한국채택국제회계기준(K-IFRS)에 따라 작성되었습니다.