셀트리온 / 2025.03.17 사업보고서
1. 요약재무정보
가. 요약연결재무정보
(단위: 원)
구분
제34기
제33기
제32기
(2024년 12월말)
(2023년 12월말)
(2022년 12월말)
[유동자산]
5,584,129,149,603
5,094,010,887,675
2,929,792,463,759
ㆍ현금및현금성자산
996,430,679,072
564,611,719,562
551,186,669,819
[비유동자산]
15,471,093,288,103
14,862,802,943,599
2,961,859,847,492
자산총계
21,055,222,437,706
19,956,813,831,274
5,891,652,311,251
[유동부채]
3,187,120,605,915
2,512,385,333,437
1,294,097,736,489
[비유동부채]
288,039,463,100
318,634,190,602
323,350,304,973
부채총계
3,475,160,069,015
2,831,019,524,039
1,617,448,041,462
[자본금]
220,508,291,000
220,290,520,000
140,805,210,000
[이익잉여금]
3,744,280,141,368
3,963,573,529,273
3,485,109,538,439
[비지배지분]
140,920,789,439
145,110,900,272
134,844,269,025
자본총계
17,580,062,368,691
17,125,794,307,235
4,274,204,269,789
종속ㆍ관계ㆍ공동기업 투자주식의 평가방법
원가법
원가법
원가법
(2024.01.01~2024.12.31)
(2023.01.01~2023.12.31)
(2022.01.01~2022.12.31)
매출액
3,557,303,554,371
2,176,431,531,380
2,283,967,480,394
영업이익
492,015,534,847
651,481,422,157
647,198,174,586
당기순이익
418,883,310,404
539,706,505,110
542,566,233,270
ㆍ지배기업소유주지분
422,691,724,154
535,647,963,959
537,835,568,483
ㆍ비지배지분
(3,808,413,750)
4,058,541,151
4,730,664,787
ㆍ기본주당이익
2,048
3,759
3,742
ㆍ희석주당이익
2,045
3,753
3,736
연결에 포함된 회사수
46개
39개
7개
※ 제32기 3분기 중 Celltrion USA Inc. 법인 매각이 완료되어 중단영업으로 분류하
였으며, 32기 실적은 중단영업을 반영하여 재작성하였습니다.
※ 상기 재무제표는 제34기 정기주주총회 (2025년 3월 25일 개최 예정) 승인 전이며,
향후 정기주주총회에서 재무제표 승인 관련 안건이 부결되거나 수정이 발생한 경우
정정보고서를 통해 그 내용 및 사유 등을 반영할 예정입니다.
나. 요약재무정보
(단위: 원)
구분
제34기
제33기
제32기
(2024년 12월말)
(2023년 12월말)
(2022년 12월말)
[유동자산]
5,283,386,286,486
4,162,944,936,604
2,580,534,103,661
ㆍ현금및현금성자산
693,297,810,206
372,661,287,792
501,359,476,759
[비유동자산]
14,957,989,499,788
15,133,673,198,425
2,990,949,026,273
자산총계
20,241,375,786,274
19,296,618,135,029
5,571,483,129,934
[유동부채]
2,480,935,473,040
1,993,003,254,990
1,105,339,629,955
[비유동부채]
191,127,019,979
263,041,724,605
296,194,697,401
부채총계
2,672,062,493,019
2,256,044,979,595
1,401,534,327,356
[자본금]
220,508,291,000
220,290,520,000
140,805,210,000
[이익잉여금]
4,437,322,076,607
4,074,466,084,210
3,568,381,977,030
자본총계
17,569,313,293,255
17,040,573,155,434
4,169,948,802,578
종속ㆍ관계ㆍ공동기업 투자주식의 평가방법
원가법
원가법
원가법
(2024.01.01~2024.12.31)
(2023.01.01~2023.12.31)
(2022.01.01~2022.12.31)
매출액
3,709,213,742,987
1,873,430,064,117
1,937,469,297,473
영업이익
1,211,013,945,929
638,489,472,608
618,890,773,445
당기순이익
1,004,841,104,456
563,268,080,305
511,383,102,268
ㆍ기본주당이익
4,869
3,953
3,558
ㆍ희석주당이익
4,862
3,947
3,560
※ 상기 재무제표는 제34기 정기주주총회 (2025년 3월 25일 개최 예정) 승인 전이며,
향후 정기주주총회에서 재무제표 승인 관련 안건이 부결되거나 수정이 발생한 경우
정정보고서를 통해 그 내용 및 사유 등을 반영할 예정입니다.