엔씨소프트 / 2025.03.28 [정정] 사업보고서
1. 요약재무정보
가. 요약연결재무정보
(단위 : 원)
구분
제28기
제27기
제26기
자산총계
3,953,941,191,414
4,393,800,423,903
4,437,632,450,781
부채총계
890,352,556,840
1,140,771,883,353
1,239,083,608,249
자본총계
3,063,588,634,574
3,253,028,540,550
3,198,548,842,532
2024년 1월~12월
2023년 1월~12월
2022년 1월~12월
영업수익
1,578,123,132,867
1,779,832,977,766
2,571,792,281,800
영업이익(손실)
(109,215,374,026)
137,283,512,800
559,006,120,606
당기순이익
94,115,833,907
213,914,315,973
435,990,309,263
지배기업소유주지분
94,215,383,021
212,139,042,611
435,714,571,297
비지배주주지분
(99,549,114)
1,775,273,362
275,737,966
기본주당순이익
4,728
10,446
21,456
※ 상기 재무정보는 한국채택국제회계기준에 따라 작성되었습니다.
※ 연결재무제표 작성에 적용된 유의적인 회계정책은 연결검토보고서 주석을 참조해
주십시오.