파세코 / 2025.03.20 사업보고서
1. 요약재무정보
- 당사의 제39기 및 제38기, 제37기 개별재무제표는 K-IFRS기준에 따라 작성되었 으며, 감사받은 재무제표입니다.
(단위 : 원)
구분
제 39 기
제 38 기
제 37 기
자산
- 유동자산
67,042,000,000
77,953,000,000
86,972,000,000
현금및현금성자산
19,085,000,000
17,456,000,000
19,282,000,000
매출채권및기타유동채권
16,138,000,000
10,499,000,000
10,813,000,000
재고자산
27,550,000,000
45,631,000,000
53,793,000,000
기타유동자산
1,279,000,000
1,314,000,000
2,547,000,000
- 비유동자산
53,148,000,000
55,847,000,000
62,650,000,000
유형자산
49,202,000,000
52,061,000,000
55,243,000,000
영업권이외의무형자산
878,000,000
923,000,000
1,100,000,000
자산총계
120,190,000,000
133,800,000,000
149,622,000,000
부채
- 유동부채
33,148,000,000
28,133,000,000
40,063,000,000
매입채무및기타유동채무
17,314,000,000
15,231,000,000
14,927,000,000
단기차입금
11,880,000,000
9,868,000,000
16,638,000,000
기타유동부채
2,436,000,000
1,252,000,000
2,676,000,000
기타충당부채
1,518,000,000
1,653,000,000
2,214,000,000
- 비유동부채
4,121,000,000
2,682,000,000
2,941,000,000
장기리스부채
-
35,000,000
81,000,000
이연법인세부채
3,617,000,000
2,016,000,000
1,950,000,000
기타비유동부채
207,000,000
242,000,000
263,000,000
기타충당부채
227,000,000
309,000,000
567,000,000
부채총계
37,269,000,000
30,815,000,000
43,003,000,000
자본
자본금
10,000,000,000
10,000,000,000
10,000,000,000
이익잉여금(결손금)
73,007,000,000
92,109,000,000
95,325,000,000
자본총계
82,921,000,000
102,985,000,000
106,619,000,000
자본과부채총계
120,190,000,000
133,800,000,000
149,622,000,000
매출액
157,757,000,000
147,541,000,000
200,475,000,000
영업이익(손실)
(16,806,000,000)
(1,238,000,000)
15,792,000,000
당기순이익(손실)
(16,777,000,000)
778,000,000
9,191,000,000
주당순이익(원)
(840)
39
460