알루코 / 2025.03.18 사업보고서
1. 요약재무정보
가 요약 연결 재무정보
(단위 : 원)
구분
제69기
제68기
제67기
[유동자산]
461,558,929,372
401,188,846,987
326,840,775,284
· 현금및현금성자산
49,355,290,932
47,046,189,181
27,881,741,245
· 매출채권및기타채권
142,234,142,920
132,852,114,935
117,669,093,042
· 당기법인세자산
-
209,277,356
-
· 계약자산
32,950,786,233
53,827,880,764
31,483,361,721
· 기타금융자산(유동)
62,136,294,139
40,182,874,111
18,035,405,682
· 재고자산
155,379,702,591
111,854,542,689
118,778,786,773
· 기타유동자산
19,502,712,557
15,215,967,951
11,009,059,268
· 매각예정자산
-
-
1,983,327,553
[비유동자산]
492,441,640,920
459,960,814,400
490,092,190,897
· 매출채권및기타채권(비유동)
1,288,555,257
972,994,049
278,950,000
· 당기손익-공정가치측정금융자산
1,497,622,484
1,491,194,328
1,491,194,328
· 기타포괄손익-공정가치측정금융자산
1,679,280,000
1,974,400,000
4,388,000,000
· 기타금융자산(비유동)
8,919,222,979
9,040,235,679
39,229,215,643
· 투자부동산
3,419,245,951
3,422,071,272
1,442,981,700
· 유형자산
439,906,783,360
402,673,668,824
414,669,289,670
· 무형자산
25,241,305,551
31,124,186,769
22,253,371,474
· 이연법인세자산
3,656,410,880
3,261,942,442
1,567,778,711
· 기타비유동자산
6,833,214,458
6,000,121,037
4,771,409,371
자산 총계
954,000,570,292
861,149,661,387
816,932,966,181
[유동부채]
498,690,419,092
448,289,152,359
465,830,380,456
[비유동부채]
63,593,133,292
54,017,154,037
40,517,868,450
부채 총계
562,283,552,384
502,306,306,396
506,348,248,906
· 자본금
48,435,871,000
48,227,971,000
45,005,521,000
· 자본잉여금
119,940,800,621
119,502,484,504
100,696,806,923
· 자기주식
(607,106)
(607,106)
(607,106)
· 기타자본
15,696,162,333
1,556,366,531
761,383,268
· 적립금
13,642,537,287
13,642,537,287
19,423,556,986
· 이익잉여금
114,087,974,568
95,169,784,268
71,571,571,434
[지배기업소유주지분 합계]
311,802,738,703
278,098,536,484
237,458,232,505
· 비지배지분
79,914,279,205
80,744,818,507
73,126,484,770
자본 총계
391,717,017,908
358,843,354,991
310,584,717,275
부채와자본 총계
954,000,570,292
861,149,661,387
816,932,966,181
매출액
622,944,292,918
591,186,560,074
645,412,126,051
영업이익
38,053,108,468
37,632,269,602
34,572,726,220
법인세차감전순이익
25,990,663,281
24,674,547,976
17,171,994,998
지배회사지분순이익
18,154,888,938
18,532,561,879
13,932,736,309
비지배지분순이익
(489,863,074)
1,929,127,209
1,790,222,941
연결총당기순이익
17,665,025,864
20,461,689,088
15,722,959,250
기본주당이익(원)
188
201
155
희석주당이익(원)
188
201
155
연결에 포함된 회사수
13
10
9
※ 상기 제69기, 제68기, 제67기 요약연결재무정보는 한국채택국제회계기준 작성기 준에 따라 작성되었습니다.
※ 알루머티리얼즈(주)는 중간지배기업으로서, 해당 요약재무정보는 손자회사인 HY UNDAI VINA, ALK VINA, ALUKO EUROPE, Alu Materials Dongguan, Alu Mat erials US Holdings, Alu Materials America를 연결한 연결재무정보입니다.
※
현대알루미늄은 중간지배기업으로서 해당 요약재무정보는 손자회사인 HYUNDA I ALUMINUM India Private 및 PT.HYUNDAI ALUMINUM International, HDAL V IETNAM을 연결한 연결재무정보입니다.
나. 요약별도재무정보
(단위 : 원)
구분
제69기
제68기
제67기
[유동자산]
219,836,925,821
198,427,717,106
194,058,588,173
· 현금및현금성자산
16,956,831,349
19,985,982,033
10,593,483,034
· 매출채권및기타채권
73,383,381,871
86,859,484,952
98,699,942,973
· 기타금융자산(유동)
91,746,772,643
56,924,854,634
37,601,169,633
· 재고자산
34,315,885,995
31,531,538,574
40,370,210,507
· 기타유동자산
3,434,053,963
3,125,856,913
4,810,454,473
· 매각예정유동자산
-
-
1,983,327,553
[비유동자산]
226,719,102,093
233,371,852,509
263,787,035,004
· 매출채권및기타채권(비유동)
275,377,682
278,950,000
278,950,000
· 당기손익-공정가치측정금융자산
93,138,600
93,138,600
93,138,600
· 기타포괄손익-공정가치측정금융자산
1,679,280,000
1,974,400,000
4,388,000,000
· 종속기업투자
99,167,978,524
99,167,978,524
99,167,978,524
· 기타금융자산(비유동)
36,847,238,188
49,745,148,388
80,033,314,245
· 기타비유동자산
-
-
44,856,875
· 투자부동산
3,419,245,951
3,422,071,272
1,442,981,700
· 유형자산
83,307,495,294
77,038,241,183
76,816,194,331
· 무형자산
800,279,607
800,371,249
800,520,966
· 이연법인세자산
1,129,068,247
851,553,293
721,099,763
자산 총계
446,556,027,914
431,799,569,615
457,845,623,177
[유동부채]
165,998,351,211
162,444,133,801
212,627,986,254
[비유동부채]
30,501,446,263
28,913,004,039
22,637,515,068
부채 총계
196,499,797,474
191,357,137,840
235,265,501,322
· 자본금
48,435,871,000
48,227,971,000
45,005,521,000
· 자본잉여금
120,443,836,038
120,005,519,921
101,199,842,340
· 자기주식
(607,106)
(607,106)
(607,106)
· 기타자본
(7,432,919,822)
(7,879,348,827)
(4,938,692,561)
· 적립금
13,642,537,287
13,642,537,287
13,642,537,287
· 이익잉여금
74,967,513,043
66,446,359,500
67,671,520,895
자본 총계
250,056,230,440
240,442,431,775
222,580,121,855
부채와자본 총계
446,556,027,914
431,799,569,615
457,845,623,177
종속기업 및 관계기업 투자주식의 평가방법
원가법
원가법
원가법
매출액
297,354,761,357
304,316,242,405
384,708,297,313
영업이익
2,348,046,514
1,747,598,747
4,122,280,389
법인세차감전순이익
10,868,862,435
1,180,287,193
3,244,158,709
당기순이익
7,379,130,997
(822,819,152)
5,779,877,624
기본주당이익(원)
76
(9)
64
희석주당이익(원)
76
(9)
64
※ 상기 제69기, 제68기, 제67기 요약재무정보는 한국채택국제회계기준 작성기준에 따라 작성되었습니다.