TS트릴리온 / 2025.08.14 [정정] 사업보고서
1. 요약재무정보
※ 한국채택국제회계기준(K-IFRS) 작성기준에 따라 작성되었습니다
가. 요약 연결 재무정보
(단위:원)
구분
제6기
제5기
제4기
2024년 12월말
2023년 12월말
2022년 12월말
[유동자산]
14,122,903,786
10,530,160,291
13,069,962,461
ㆍ당좌자산
9,046,043,333
3,818,893,278
5,460,396,933
ㆍ재고자산
5,076,860,453
6,711,267,013
7,609,565,528
[비유동자산]
44,815,554,819
64,862,784,287
55,246,663,865
ㆍ투자자산
36,186,620,721
711,567,700
1,539,486,000
ㆍ유형자산
5,691,198,783
64,102,191,259
53,600,145,203
ㆍ무형자산
-
-
98,333,334
ㆍ기타비유동자산
2,937,735,315
49,025,328
8,699,328
자산총계
58,938,458,605
75,392,944,578
68,316,626,326
[유동부채]
26,354,619,301
47,549,139,837
49,464,241,084
[비유동부채]
7,086,418,887
2,502,750,296
1,418,186,402
부채총계
33,411,038,188
50,051,890,133
50,882,427,486
지배기업의 소유주지분
25,527,420,417
25,341,054,445
17,856,158,622
[자본금]
11,100,032,000
9,660,262,500
9,444,762,500
[자본잉여금]
17,573,463,451
14,531,426,780
13,753,070,565
[기타자본]
(900,080,832)
(848,079,652)
(954,106,562)
[기타포괄손익누계액]
6,398,175,397
16,002,283,923
6,767,924,541
[이익잉여금]
(8,644,169,599)
(14,004,839,106)
(11,155,492,422)
비지배지분
-
-
(421,959,782)
자본총계
25,527,420,417
25,341,054,445
17,434,198,840
2024.01.01~ 2024.12.31
2023.01.01~ 2023.12.31
2022.01.01~ 2022.12.31
종속,관계,공동기업 투자주식의 평가방법
지분법
지분법
지분법
매출액
30,757,976,221
39,984,448,895
62,925,391,613
영업이익
381,335,985
708,439,381
(5,813,535,569)
법인세비용차감전순이익
(3,056,744,723)
(2,945,620,293)
(10,723,111,772)
법인세비용
1,938,061,482
(96,273,609)
(539,545,119)
당기순이익
(4,994,806,205)
(2,849,346,684)
(10,183,566,653)
기타포괄이익
751,367,186
9,234,359,382
6,767,924,541
총포괄손익
(4,243,439,019)
6,385,012,698
(3,415,642,112)
주당순이익
(48.15)
(30.31)
(107)
연결에 포함된 회사 수(단위:개)
3
3
3
나. 요약 별도 재무정보
(단위:원)
구분
제6기
제5기
제4기
2024년 12월말
2023년 12월말
2022년 12월말
[유동자산]
14,193,049,901
10,167,637,310
11,793,047,327
ㆍ당좌자산
9,274,218,062
3,297,147,888
4,717,529,100
ㆍ재고자산
4,918,831,839
6,568,946,917
7,075,518,227
[비유동자산]
45,136,196,017
65,275,830,916
55,547,623,874
ㆍ투자자산
39,446,517,542
6,168,150,597
2,163,794,356
ㆍ유형자산
5,689,678,475
59,107,680,319
53,375,130,190
ㆍ기타비유동자산
-
8,699,328
8,699,328
자산총계
59,329,245,918
75,443,468,226
67,340,671,201
[유동부채]
26,979,592,560
48,437,955,841
49,551,646,957
[비유동부채]
7,106,418,887
2,553,108,692
1,519,554,485
부채총계
34,086,011,447
50,991,064,533
51,071,201,442
[자본금]
11,100,032,000
9,660,262,500
9,444,762,500
[자본잉여금]
17,573,463,451
14,531,426,780
13,753,070,565
[기타자본]
(900,080,832)
(848,079,652)
(954,106,562)
[기타포괄손익누계액]
6,397,722,490
16,009,088,938
6,767,924,541
[이익잉여금]
(8,927,902,638)
(14,900,294,873)
(12,742,181,285)
자본총계
25,243,234,471
24,452,403,693
16,269,469,759
2024.01.01~ 2024.12.31
2023.01.01~ 2023.12.31
2022.01.01~ 2022.12.31
종속,관계,공동기업 투자주식의 평가방법
지분법
지분법
지분법
매출액
30,449,569,627
39,642,319,025
60,048,029,011
영업이익
1,149,771,168
1,066,007,636
(5,361,474,023)
법인세비용차감전순이익
(2,445,380,391)
(2,255,396,884)
(10,385,303,516)
법인세비용
1,937,703,086
(97,283,296)
(538,926,559)
당기순이익
(4,383,083,477)
(2,158,113,588)
(9,846,376,957)
주당순이익
(42)
(23)
(106)