에브리봇 / 2025.03.19 사업보고서
1. 요약재무정보
가. 요약연결재무정보
(단위 : 원)
구분
제 10(당) 기
제 9(전) 기
제 8(전전) 기말
2024년 12월말
2023년 12월말
2022년 12월말
자산총계
117,726,647,505,000
87,389,767,648,000
86,864,211,087,000
유동자산
39,059,270,548,000
36,628,203,569,000
40,864,805,681,000
비유동자산
78,667,376,957,000
50,761,564,079,000
45,999,405,406,000
부채총계
50,839,263,515,000
22,259,081,777,000
24,616,600,291,000
유동부채
39,906,979,664,000
14,196,748,710,000
5,455,774,635,000
비유동부채
10,932,283,851,000
8,062,333,067,000
19,160,825,656,000
자본총계
66,887,383,990,000
65,130,685,871,000
62,247,610,796,000
자본금
6,130,871,000,000
6,095,671,000,000
6,095,671,000,000
이익잉여금(결손금)
18,114,232,469,000
17,792,971,133,000
14,979,979,546,000
비지배주주지분
818,612,584,000
-
-
2024년 1월 1일 ~ 2024년 12월 31일
2023년 1월 1일 ~ 2023년 12월 31일
2022년1월1일 ~ 2022년12월31일
매출액
29,750,850,517,000
31,697,412,701,000
53,006,504,474,000
영업이익
(2,235,066,216,000)
1,528,651,357,000
6,178,666,797,000
연결총당기순이익
312,131,480,000
2,812,991,587,000
6,949,410,125,000
기본 주당손익(원)
27
231
570
희석 주당손익(원)
(58)
231
570