롯데쇼핑 / 2025.03.14 사업보고서
1. 요약재무정보
가. 연결재무상태표
(단위 : 백만원)
구분
제 55 기
제 54 기
제 53 기
[유동자산]
5,516,938
5,563,803
6,179,513
현금및현금성자산
1,554,847
1,589,718
1,800,810
매출채권및기타채권
720,271
1,004,437
805,183
기타금융자산
1,418,384
1,392,955
1,657,441
재고자산
1,540,478
1,269,197
1,386,063
당기법인세자산
20,113
10,515
80,878
기타비금융자산
73,941
129,550
125,567
매각예정자산
188,904
167,431
323,571
[비유동자산]
33,486,107
25,080,896
25,524,061
매출채권및기타채권
64,001
96,107
100,200
관계기업및공동기업투자
1,444,808
1,502,951
1,439,010
기타금융자산
1,684,118
1,684,223
1,848,380
유형자산
24,306,398
15,006,693
14,325,424
사용권자산
3,108,956
3,633,004
4,059,086
투자부동산
1,858,782
1,549,606
2,071,590
영업권
475,013
886,961
886,805
무형자산
276,584
271,810
253,945
확정급여자산
76,941
181,240
261,888
이연법인세자산
61,970
140,122
96,971
기타비금융자산
128,536
128,179
180,762
자산총계
39,003,045
30,644,699
31,703,574
[유동부채]
9,836,043
10,903,416
10,622,585
[비유동부채]
12,133,385
8,904,833
10,045,873
부채총계
21,969,428
19,808,249
20,668,458
[자본금]
141,444
141,444
141,444
[자본잉여금]
3,574,297
3,574,349
3,574,349
[신종자본증권]
148,660
178,660
169,454
[자본조정]
(3,048,382)
(3,019,674)
(3,019,418)
[이익잉여금]
7,497,657
8,630,123
8,641,203
[기타포괄손익누계액]
7,190,278
(11,380)
60,622
[비지배지분]
1,529,663
1,342,928
1,467,462
자본총계
17,033,617
10,836,450
11,035,116
나. 연결포괄손익계산서
(단위 : 백만원)
구분
제 55 기
제 54 기
제 53 기
매출
13,986,578
14,555,864
15,476,036
영업이익
473,114
508,405
386,226
법인세비용차감전이익(손실)
(1,021,230)
183,961
(567,342)
당기순이익(손실)
(994,075)
169,180
(318,692)
지배기업 소유주지분
(968,016)
174,403
(324,571)
비지배지분
(26,059)
(5,223)
5,878
총포괄이익(손실)
6,197,559
(7,600)
(649,378)
지배기업 소유주지분
6,188,851
20,821
(474,546)
비지배지분
8,708
(28,421)
(174,832)
주당이익(손실) (단위:원)
기본주당이익(손실)
(34,674)
5,794
(11,772)
희석주당이익(손실)
(34,674)
5,794
(11,772)
연결에 포함된 종속회사 수
37
37
39
다. 별도 재무상태표
(단위 : 백만원)
구분
제 55 기
제 54 기
제 53 기
[유동자산]
2,511,890
2,621,169
3,120,945
현금및현금성자산
1,013,653
1,006,072
1,166,441
매출채권및기타채권
474,145
716,669
572,039
기타금융자산
394,393
383,398
800,119
재고자산
416,585
429,430
446,651
당기법인세자산
8,764
-
71,338
기타비금융자산
26,586
65,221
33,414
매각예정자산
177,764
20,379
30,943
[비유동자산]
28,093,365
20,818,137
21,610,829
기타채권
41,390
107,718
141,565
종속기업,관계기업및공동기업투자
3,528,685
3,833,927
3,703,367
기타금융자산
1,213,489
1,097,843
1,147,625
유형자산
19,337,106
11,281,416
11,185,325
사용권자산
2,360,616
2,840,945
3,610,581
투자부동산
1,471,385
1,337,018
1,494,695
영업권
34,605
111,342
112,406
무형자산
53,190
39,457
37,528
이연법인세자산
-
50,282
-
기타비금융자산
2,090
1,974
2,018
확정급여자산
50,809
116,215
175,719
자산총계
30,605,255
23,439,306
24,731,774
[유동부채]
6,316,703
7,291,610
6,731,596
[비유동부채]
9,936,353
6,719,105
8,732,588
부채총계
16,253,056
14,010,715
15,464,184
[자본금]
141,444
141,444
141,444
[자본잉여금]
3,590,536
3,590,536
3,590,536
[자본조정]
(2,861,143)
(2,856,562)
(2,856,562)
[이익잉여금]
7,744,469
8,648,747
8,493,221
[기타포괄손익누계액]
5,736,893
(95,574)
(101,049)
자본총계
14,352,199
9,428,591
9,267,590
종속·관계·공동기업투자의 평가방법
재평가법
원가법
원가법
라. 별도 포괄손익계산서
(단위 : 백만원)
구분
제 55 기
제 54 기
제 53 기
매출
8,413,294
8,648,596
8,814,417
영업이익
380,851
482,219
337,599
법인세비용차감전이익(손실)
(849,202)
310,295
(543,978)
당기순이익(손실)
(758,824)
324,058
(371,210)
총포괄이익(손실)
5,035,617
254,294
(370,771)
기본주당이익(손실) (단위:원)
(26,841)
11,463
(13,131)
※ 상기 제 55 기 재무제표는 주주총회 승인전 재무제표이며, 향후 정기주주총회에 서 재무제표 승인 관련 안건이 부결되거나 수정이 발생할 경우 정정보고서를 통해 그 내용 및 사유 등을 반영할 예정입니다.