보라티알 / 2025.03.19 사업보고서
1. 요약재무정보
1) 요약 연결 재무제표
보라티알/사업보고서/2025.03.19
요약연결재무정보는 한국채택국제회계기준(K-IFRS) 작성기준에 따라 작성되었습니 다. 당기보고서에 비교 표시된 제9기 및 제8기 연결재무제표도 외부감사인의 감사를 받은 재무정보이며, 제10기는 주주총회 승인 전 재무제표입니다.
(단위: 원)
과목
제 10 기
(2024년 12월말)
제 9기
(2023년 12월말)
제8기
(2022년 12월말)
I. 유동자산
117,038,563,492
64,709,329,353
60,513,166,455
1. 현금및현금성자산
58,845,455,733
20,286,896,284
11,421,083,623
2. 매출채권 및 기타수취채권
12,141,573,977
8,702,749,278
7,615,671,164
3. 당기손익-공정가치측정금융자산
-
2,245,271,646
2,035,980,422
4. 기타금융자산
12,667,452,055
10,233,503,572
14,320,000,000
5. 재고자산
33,092,060,152
21,965,812,430
20,041,281,877
6. 기타유동자산
292,021,575
1,275,096,143
5,079,149,369
II. 비유동자산
52,134,757,928
39,435,978,164
42,985,941,151
1. 기타장기수취채권
1,276,990,628
19,874,693,855
20,075,981,908
2. 당기손익-공정가치측정금융자산
-
-
-
3. 기타포괄손익-공정가치측정금융자산
25,622,309,061
-
-
4. 기타비유동금융자산
2,259,757,740
2,181,022,370
4,832,444,997
5. 유형자산
20,557,346,348
14,401,250,018
14,945,208,664
6. 무형자산
1,776,017,713
1,853,720,529
1,850,260,807
7. 이연법인세자산
642,336,438
1,125,291,392
1,282,044,775
자산총계
169,173,321,420
104,145,307,517
103,499,107,606
I. 유동부채
70,985,982,265
19,896,763,567
26,426,410,653
II. 비유동부채
5,034,455,447
347,946,312
663,074,306
부채총계
76,020,437,712
20,244,709,879
27,089,484,959
I. 지배기업소유주지분
93,152,883,708
83,900,597,638
76,409,622,647
1. 자본금
3,375,366,500
3,375,366,500
3,375,366,500
2. 자본잉여금
28,391,201,501
28,391,201,501
28,391,201,501
3. 기타자본구성요소
(1,003,758,158)
(1,003,758,158)
(1,003,758,158)
4. 기타포괄손익누계액
1,396,525,658
-
-
5. 이익잉여금
60,993,548,207
53,137,787,795
45,646,812,804
II. 비지배지분
-
자본총계
93,152,883,708
83,900,597,638
76,409,622,647
부채와 자본총계
169,173,321,420
104,145,307,517
103,499,107,606
기간
제 10 기
(2024.01.01~2024.12.31)
제 9기
(2023.01.01~2023.12.31)
제8기
(2022.01.01~2022.12.31)
I. 매출액
91,394,354,884
76,914,485,270
69,472,275,173
II. 영업이익
12,803,289,403
13,072,198,389
10,605,291,100
III. 당기순이익
9,493,061,912
9,455,736,791
17,315,898,144
Ⅳ.당기순이익의 귀속
9,493,061,912
9,455,736,791
17,315,898,144
지배기업지분
9,493,061,912
9,455,736,791
17,315,898,144
비지배지분
-
-
-
Ⅴ. 당기총포괄이익
10,889,587,570
9,455,736,791
17,315,898,144
Ⅵ. 당기총포괄이익의 귀속
10,889,587,570
9,455,736,791
17,315,898,144
지배기업지분
10,889,587,570
9,455,736,791
17,315,898,144
비지배지분
-
-
-
Ⅴ. 지배기업지분에 대한 주당이익
-
-
-
기본주당이익
1,449
1,444
2,644
희석주당이익
1,441
1,431
2,619
연결에 포함된 회사수
2
2
2
2) 요약 별도 재무제표
요약별도재무정보는 한국채택국제회계기준(K-IFRS) 작성기준에 따라 작성되었습니 다. 당기보고서에 비교 표시된 제9기 및 제8기 별도재무제표도 외부감사인의 감사를 받은 재무정보 이며, 제10기는 주주총회 승인 전 재무제표입니다.
(단위: 원)
과목
제 10 기
(2024년 12월말)
제 9기
(2023년 12월말)
제 8기
(2022년 12월말)
I. 유동자산
109,044,053,563
57,530,173,172
54,811,991,877
1. 현금및현금성자산
58,595,137,259
19,567,453,966
9,736,537,128
2. 매출채권 및 기타수취채권
5,952,039,587
3,694,132,100
3,940,007,738
3. 당기손익-공정가치측정금융자산
-
2,245,271,646
2,035,980,422
4. 기타금융자산
11,337,452,055
8,983,503,572
14,220,000,000
5. 재고자산
33,030,881,478
21,781,292,088
19,844,007,254
6. 기타유동자산
128,543,184
1,258,519,800
5,035,459,335
II. 비유동자산
51,593,831,731
38,814,269,471
42,511,732,471
1. 기타장기수취채권
1,220,274,002
19,817,477,972
20,018,634,133
2. 당기손익-공정가치측정금융자산
-
-
-
3. 기타포괄손익-공정가치측정금융자산
25,622,309,061
-
-
4. 기타비유동금융자산
2,259,757,740
2,181,022,370
4,832,444,997
5. 유형자산
20,162,171,394
13,957,383,194
14,594,140,309
6. 무형자산
1,579,294,553
1,610,147,740
1,659,070,645
7. 종속기업투자주식
174,984,000
174,984,000
174,984,000
8. 이연법인세자산
575,040,981
1,073,254,195
1,232,458,387
자산총계
160,637,885,294
96,344,442,643
97,323,724,348
I. 유동부채
69,795,176,125
18,697,263,227
25,092,500,126
II. 비유동부채
4,803,249,364
80,171,935
488,638,439
부채총계
74,598,425,489
18,777,435,162
25,581,138,565
I. 자본금
3,375,366,500
3,375,366,500
3,375,366,500
II. 자본잉여금
28,391,201,501
28,391,201,501
28,391,201,501
III. 기타자본구성요소
(1,003,758,158)
(1,003,758,158)
(1,003,758,158)
Ⅳ. 기타포괄손익누계액
1,396,525,658
-
-
Ⅴ. 이익잉여금
53,880,124,304
46,804,197,638
40,979,775,940
자본총계
86,039,459,805
77,567,007,481
71,742,585,783
부채와 자본총계
160,637,885,294
96,344,442,643
97,323,724,348
종속·관계·공동기업
투자주식의 평가방법
원가법
원가법
원가법
기간
제 10 기
(2024.01.01~2024.12.31)
제 9기
(2023.01.01~2023.12.31)
제 8기
(2022.01.01~2022.12.31)
I. 매출액
79,377,997,292
66,477,053,042
60,493,367,450
II. 영업이익
11,671,762,184
10,722,404,957
8,368,448,207
III. 당기순이익
8,713,228,166
7,789,183,498
15,548,994,956
Ⅳ. 당기총포괄이익
10,109,753,824
7,789,183,498
15,548,994,956
Ⅳ. 주당이익
-
-
-
기본주당이익
1,330
1,189
2,374
희석주당이익
1,322
1,178
2,352