HD현대 / 2025.03.19 사업보고서
1. 요약재무정보
가. 요약연결재무정보
(단위 : 원)
구 분
제 8 기말
제 7 기말
제 6 기말
(2024년 12월말)
(2023년 12월말)
(2022년 12월말)
[유동자산]
35,592,849,734,000
32,083,110,520,000
30,130,809,645,000
ㆍ현금 및 현금성자산
5,667,059,887,000
4,400,502,623,000
3,994,767,866,000
[비유동자산]
38,273,820,485,000
35,899,710,368,000
35,440,051,431,000
자산총계
73,866,670,219,000
67,982,820,888,000
65,570,861,076,000
[유동부채]
32,333,112,202,000
28,532,163,119,000
26,274,593,765,000
[비유동부채]
15,148,455,872,000
16,218,820,669,000
16,032,603,272,000
부채총계
47,481,568,074,000
44,750,983,788,000
42,307,197,037,000
[자본금]
81,433,085,000
81,433,085,000
81,433,085,000
[이익잉여금]
3,021,079,419,000
2,439,211,859,000
2,654,698,596,000
[비지배지분]
17,709,779,707,000
15,904,266,761,000
15,778,417,884,000
자본총계
26,385,102,145,000
23,231,837,100,000
23,263,664,039,000
관계·공동기업
투자주식의 평가방법
지분법
지분법
지분법
(2024년 1월 1일 ~ 2024년 12월 31일)
(2023년 1월 1일 ~ 2023년 12월 31일)
(2022년 1월 1일 ~ 2022년 12월 31일)
매출액
67,765,626,088,000
61,331,302,785,000
60,849,668,073,000
영업이익
2,983,162,778,000
2,031,563,587,000
3,387,008,264,000
당기순이익
1,930,179,481,000
785,832,206,000
2,234,955,013,000
총포괄이익
1,744,149,382,000
565,522,319,000
2,342,700,864,000
주당순이익(손실)(원)
7,203
3,743
19,933
연결에 포함된 회사수
94
86
84