삼영엠텍 / 2025.03.21 사업보고서
1. 요약재무정보
가. 요약연결재무정보
(단위 : 원)
구분
제28기
(2024년)
제27기
(2023년)
제26기
(2022년)
1.유동자산
70,562,192,575
67,455,225,942
61,900,876,884
현금및현금성자산
4,712,283,044
4,307,409,800
8,768,123,079
매출채권및기타채권
16,618,925,915
14,296,888,878
12,463,080,943
재고자산
32,729,837,787
27,007,793,206
23,378,406,478
2.비유동자산
45,323,360,736
44,126,108,543
39,400,742,090
유형자산
26,242,916,995
26,143,025,690
25,419,859,123
무형자산
1,104,670,689
512,194,951
549,951,891
자산총계
115,885,553,311
111,581,334,485
101,301,618,974
1.유동부채
41,132,791,159
42,256,955,559
36,855,524,149
매입채무및기타채무
10,931,027,628
8,962,076,163
7,781,376,733
단기차입금
19,859,477,804
27,150,906,404
23,790,971,072
2.비유동부채
531,124,904
960,224,110
1,017,660,327
부채총계
41,663,916,063
43,217,179,669
37,873,184,476
1.자본금
7,513,150,500
7,513,150,500
7,513,150,500
2.자본잉여금
18,508,338,853
18,508,338,853
18,508,338,853
5.이익잉여금(결손금)
45,729,629,979
41,182,287,823
36,366,895,635
비지배지분
1,439,807,889
1,240,347,342
1,066,346,145
자본총계
74,221,637,248
68,364,154,816
63,428,434,498
매출액
118,020,767,105
95,749,467,252
90,676,947,922
영업이익
10,296,876,318
5,993,640,463
(3,181,086,714)
당기순이익
6,041,985,878
6,211,629,419
(8,723,170,466)
총포괄손익
7,070,482,432
5,542,220,318
(8,755,934,017)
기본주당손익
493
497
(679)
희석주당손익
493
497
(679)
연결에 포함된 회사수
3
3
3
다. 제무재표 이용상의 유의점
당사는 국제회계기준을 채택하여 제정한 한국채택국제회계기준을 최초 도입하였습니다. 동 회계 처리 기준은 2011년 1월 1일 이후 최초로 개시하는 회계연도부터 적용됩니다.
라. 연결재무제표에 대한 주석사항
동 연결재무제표 작성기준 및 유의사항은 "3. 연결재무제표 주석"에 기재 되어 있습니다.
마. 요약재무정보
(단위 : 원)
구분
제28기
(2024년)
제27기
(2023년)
제26기
(2022년)
1.유동자산
49,762,020,786
50,383,059,225
44,818,747,576
현금및현금성자산
4,296,787,511
3,690,897,391
5,223,446,707
매출채권및기타채권
7,928,130,001
8,184,823,574
7,500,627,136
재고자산
21,691,844,425
17,218,243,215
15,377,220,425
2.비유동자산
52,306,593,710
51,663,813,282
49,979,883,216
유형자산
24,698,017,898
25,011,629,933
24,608,420,953
무형자산
1,104,670,689
512,194,951
549,951,891
자산총계
102,068,614,496
102,046,872,507
94,798,630,792
1.유동부채
32,120,671,264
35,626,429,437
31,727,706,729
매입채무및기타채무
9,583,683,019
8,126,948,010
6,843,812,808
단기차입금
12,500,000,000
21,500,000,000
20,000,000,000
2.비유동부채
393,334,735
873,978,353
850,617,277
부채총계
32,514,005,999
36,500,407,790
32,578,324,006
1.자본금
7,513,150,500
7,513,150,500
7,513,150,500
2.자본잉여금
18,151,645,999
18,151,645,999
18,151,645,999
5.이익잉여금(결손금)
44,962,619,563
40,954,475,783
37,628,317,852
자본총계
69,554,608,497
65,546,464,717
62,220,306,786
종속.관계.공동기업 투자주식의 평가방법
원가법
원가법
원가법
구분
(2024.01.01~ 2024.12.31)
(2023.01.01~ 2023.12.31)
(2022.01.01~ 2022.12.31)
매출액
97,386,781,402
77,102,695,011
75,184,623,321
영업이익
8,751,733,274
3,731,252,589
(4,219,438,781)
당기순이익
5,437,803,872
4,541,895,432
(11,431,186,320)
총포괄손익
5,221,143,780
3,932,657,931
(11,346,719,491)
기본주당손익
448
374
(942)
희석주당손익
448
374
(942)
바. 재무제표 이용상의 유의점
- 동 재무제표 작성기준 및 유의사항은 "5. 재무제표 주석"에 기재되어 있습니다.