HD현대미포 / 2025.07.11 [정정] 사업보고서
1. 요약재무정보
가. 요약연결재무정보
(단위 : 원)
구분
제 51 기
제 50 기
제 49 기
(2024년 12월말)
(2023년 12월말)
(2022년 12월말)
[유동자산]
2,786,547,000,000
2,799,392,000,000
2,724,476,000,000
자산총계
5,108,867,000,000
4,909,071,000,000
4,748,246,000,000
[유동부채]
2,705,578,000,000
2,735,400,000,000
2,499,087,000,000
[비유동부채]
296,858,000,000
158,458,000,000
73,895,000,000
부채총계
3,002,436,000,000
2,893,858,000,000
2,572,982,000,000
[자본금]
199,711,000,000
199,711,000,000
199,711,000,000
[연결이익잉여금]
1,498,571,000,000
1,428,434,000,000
1,599,779,000,000
[비지배지분]
58,263,000,000
45,093,000,000
40,450,000,000
자본총계
2,106,431,000,000
2,015,213,000,000
2,175,264,000,000
(2024.01.01~ 2024.12.31)
(2023.01.01~ 2023.12.31)
(2022.01.01~ 2022.12.31)
매출액
4,630,049,000,000
4,039,066,000,000
3,716,861,000,000
영업이익(손실)
88,528,000,000
(152,916,000,000)
(109,066,000,000)
연결당기순이익(손실)
113,248,000,000
(138,953,000,000)
(43,767,000,000)
주당순이익(손실) (원)
2,646
(3,584)
(1,118)
연결에 포함된 종속기업 수
2
2
2
【( )는 부(-)의 수치임】
(*) 상기 연결재무제표는 한국채택국제회계기준 작성기준에 따라 작성되었습니다
나. 요약재무정보
(단위 : 원)
구분
제 51 기
제 50 기
제 49 기
(2024년 12월말)
(2023년 12월말)
(2022년 12월말)
자산총계
5,067,754,000,000
4,932,725,000,000
4,780,699,000,000
[유동부채]
2,759,396,000,000
2,826,953,000,000
2,592,826,000,000
부채총계
3,050,839,000,000
2,978,465,000,000
2,659,553,000,000
[자본금]
199,711,000,000
199,711,000,000
199,711,000,000
[이익잉여금]
1,451,399,000,000
1,388,359,000,000
1,561,094,000,000
자본총계
2,016,915,000,000
1,954,260,000,000
2,121,146,000,000
(2024.01.01~ 2024.12.31)
(2023.01.01~ 2023.12.31)
(2022.01.01~ 2022.12.31)
매출액
4,572,567,000,000
4,001,292,000,000
3,695,798,000,000
영업이익(손실)
60,137,000,000
(166,215,000,000)
(118,392,000,000)
당기순이익(손실)
94,766,000,000
(145,185,000,000)
(41,531,000,000)
기본주당순이익(손실) (원)
2,376
(3,640)
(1,041)
【 ( )는 부(-)의 수치임】
(*) 상기 재무제표는 한국채택국제회계기준 작성기준에 따라 작성되었습니다