솔본 / 2025.07.02 [정정] 사업보고서
1. 요약재무정보
가. 요약연결재무정보
(단위 : 원)
구 분
제31기
(2024년 12월 말)
제30기
(2023년 12월 말)
제29기
(2022년 12월 말)
[유동자산]
190,281,000,000
145,370,000,000
117,753,000,000
현금및현금성자산
15,491,000,000
15,056,000,000
33,219,000,000
[비유동자산]
161,074,000,000
130,466,000,000
102,919,000,000
자산 총계
351,354,000,000
275,836,000,000
220,672,000,000
[유동부채]
40,304,000,000
34,065,000,000
29,605,000,000
[비유동부채]
16,422,000,000
10,789,000,000
8,642,000,000
부채 총계
56,726,000,000
44,855,000,000
38,247,000,000
[지배기업 소유주지분]
206,503,000,000
164,737,000,000
123,838,000,000
자본금
13,673,000,000
13,673,000,000
13,673,000,000
이익잉여금
75,165,000,000
38,434,000,000
552,000,000
[비지배지분]
88,125,000,000
66,245,000,000
58,586,000,000
자본 총계
294,628,000,000
230,981,000,000
182,424,000,000
구 분
2024.01.01~ 2024.12.31
2023.01.01~ 2023.12.31
2022.01.01~ 2022.12.31
매출액
121,901,000,000
119,840,000,000
93,816,000,000
영업이익(손실)
27,341,000,000
32,615,000,000
(26,846,000,000)
당기순이익(손실)
60,495,000,000
48,895,000,000
(41,917,000,000)
총포괄손익
64,681,000,000
48,267,000,000
(37,645,000,000)
주당이익(손실) (*)
기본주당이익(손실)
1,656
1,714
(1,864)
연결에 포함된 회사수
16개
17개
17개
※ 한국채택국제회계기준 작성기준에 따라 작성되었습니다.
(*)주당이익은 원 단위 입니다.