한화시스템 / 2025.03.14 사업보고서
1. 요약재무정보
가. 요약 연결 재무정보
(단위 : 원)
연결기준
제 25기
제 24기
제 23기
2024년 12월말
2023년 12월말
2022년 12월말
유동자산
2,286,147,000,000
1,890,140,000,000
2,326,840,000,000
비유동자산
3,437,863,000,000
2,593,071,000,000
1,618,788,000,000
자산총계
5,724,010,000,000
4,483,211,000,000
3,945,628,000,000
유동부채
2,677,051,000,000
1,951,415,000,000
1,618,536,000,000
비유동부채
630,542,000,000
377,670,000,000
308,140,000,000
부채총계
3,307,593,000,000
2,329,085,000,000
1,926,676,000,000
자본금
944,597,000,000
944,597,000,000
944,597,000,000
이익잉여금
589,292,000,000
212,472,000,000
116,925,000,000
지배기업 주주지분
2,490,055,000,000
2,139,818,000,000
2,000,339,000,000
비지배지분
(73,638,000,000)
14,308,000,000
18,613,000,000
자본총계
2,416,417,000,000
2,154,126,000,000
2,018,952,000,000
관계 공동기업 투자주식의 평가방법
지분법
지분법
지분법
2024.01.01~2024.12.31
2023.01.01~2023.12.31
2022.01.01~2022.12.31
매출액
2,803,686,000,000
2,452,495,000,000
2,187,383,000,000
영업이익
219,345,000,000
122,575,000,000
62,304,000,000
당기순이익(손실)
445,379,000,000
343,083,000,000
(80,760,000,000)
지배회사지분순이익(손실)
454,300,000,000
349,221,000,000
(76,556,000,000)
주당순이익(손실)
2,422
1,864
(409)
희석주당순이익(손실)
2,420
1,864
(409)
연결에 포함된 회사수
11개
11개
11개