펩트론 / 2025.03.20 사업보고서
1. 요약재무정보
(단위 : 원)
사업연도
제28기
제27기
제26기
구분
(2024년)
(2023년)
(2022년)
회계처리기준
K-IFRS
K-IFRS
K-IFRS
[유동자산]
126,479,000,000
7,965,000,000
23,283,000,000
[비유동자산]
42,414,000,000
44,531,000,000
44,991,000,000
자산총계
168,893,000,000
52,496,000,000
68,274,000,000
[유동부채]
5,097,000,000
6,885,000,000
10,772,000,000
[비유동부채]
12,087,000,000
9,484,000,000
4,393,000,000
부채총계
17,184,000,000
16,369,000,000
15,165,000,000
[자본금]
11,649,000,000
10,313,000,000
10,313,000,000
[이익잉여금]
(13,537,000,000)
4,895,000,000
20,206,000,000
자본총계
151,709,000,000
36,127,000,000
53,109,000,000
종속ㆍ관계ㆍ공동기업투자주식 의 평가방법
해당사항 없음
해당사항 없음
해당사항 없음
매출액
3,152,000,000
3,342,000,000
5,814,000,000
영업이익(손실)
(16,528,000,000)
(15,884,000,000)
(15,227,000,000)
당기순이익(손실)
(22,034,000,000)
(15,922,000,000)
(15,063,000,000)
기본및희석주당이익(손실)(원)
(1,061)
(774)
(730)