이크레더블 / 2025.03.18 사업보고서
1. 요약재무정보
가. 요약 연결재무제표(K-IFRS)
(단위: 원)
구 분
제25기
(2024년 12월말)
제24기
(2023년 12월말)
제23기
(2022년 12월말)
[유동자산]
51,557,908,632
46,832,844,609
49,862,296,181
- 현금및현금성자산
47,504,418,814
44,343,298,355
46,563,211,531
자산 총계
59,418,357,247
54,181,489,352
56,566,032,774
[유동부채]
10,276,253,356
8,540,282,949
10,085,006,728
[비유동부채]
151,052,826
170,025,495
232,657,534
부채 총계
10,427,306,182
8,710,308,444
10,317,664,262
[자본금]
6,146,800,000
6,146,800,000
6,146,800,000
[연결이익잉여금]
38,200,363,355
34,680,493,198
35,457,680,802
자본 총계
48,991,051,065
45,471,180,908
46,248,368,512
구분
2024.01.01
~2024.12.31
2023.01.01
~2023.12.31
2022.01.01
~2022.12.31
매출액
45,086,257,229
41,099,194,540
47,130,065,587
영업이익
14,961,144,853
12,605,818,935
19,286,893,039
연결총당기순이익
12,913,878,157
11,748,156,396
15,659,525,445
연결주당순이익
1,072
975
1,300