신일전자 / 2025.03.20 사업보고서
1. 요약재무정보
(단위 : 원)
구분
제 66 기
제 65 기
제 64 기
2024.12월말
2023.12월말
2022.12월말
자산총계
126,326,163,000
126,134,087,000
152,880,655,000
부채총계
45,686,025,000
43,889,321,000
70,989,812,000
자본총계
80,640,138,000
82,244,766,000
81,890,843,000
자본과부채총계
126,326,163,000
126,134,087,000
152,880,655,000
구분
2024.01.01~2024.12.31
2023.01.01~2023.12.31
2022.01.01~2022.12.31
매출액
178,314,874,000
184,299,576,000
202,728,990,000
영업이익
4,032,944,000
2,010,103,000
2,828,953,000
당기순이익(손실)
1,434,795,000
1,056,841,000
1,041,713,000
총포괄손익
1,434,795,000
1,056,841,000
1,041,713,000
기본주당이익
20
15
15
희석주당이익
20
15
15