효성 ITX / 2025.03.18 사업보고서
1. 요약재무정보
가. 요약 연결재무정보
(단위 : 원)
구분
제28기
(2024년 12월말)
제27기
(2023년 12월말)
제26기
(2022년 12월말)
[유동자산]
91,483,073,831,000
87,343,649,144,000
92,177,295,184,000
ㆍ현금및현금성자산
6,211,288,654,000
4,084,636,304,000
18,332,905,753,000
[비유동자산]
74,842,039,703,000
88,941,164,592,000
84,641,441,243,000
자산총계
166,325,113,534,000
176,284,813,736,000
176,818,736,427,000
[유동부채]
77,532,976,561,000
88,062,268,771,000
95,274,397,111,000
[비유동부채]
18,191,972,196,000
18,008,544,510,000
15,795,782,429,000
부채총계
95,724,948,757,000
106,070,813,281,000
111,070,179,540,000
[자본금]
6,214,000,000,000
6,214,000,000,000
6,214,000,000,000
[이익잉여금(결손금)]
52,966,207,253,000
52,622,266,622,000
48,156,235,872,000
자본총계
70,600,164,777,000
70,214,000,455,000
65,748,556,887,000
구분
(2024.01.01~ 2024.12.31)
(2023.01.01~ 2023.12.31)
(2022.01.01~ 2022.12.31)
매출액
506,354,423,294,000
503,774,955,158,000
511,266,620,347,000
영업이익
18,749,635,222,000
19,190,293,316,000
22,323,153,949,000
법인세차감전순이익
16,405,094,182,000
18,240,601,894,000
19,589,651,370,000
연결당기순이익
11,767,673,978,000
14,579,375,004,000
14,921,412,242,000
지배회사지분순이익
11,767,673,978,000
14,579,375,004,000
14,921,412,242,000
지배기업 소유지분에 대한 주당손익(원)
ㆍ보통주기본주당이익
989
1,226
1,254
ㆍ우선주기본주당이익
983
1,209
1,237
연결에 포함된 회사수
2
2
2
※ 연결에 포함된 회사수는 효성ITX(주)가 포함된 숫자입니다.