서흥 / 2025.03.20 사업보고서
1. 요약재무정보
가. 요약연결재무정보
(단위 : 원)
구분
제52기
제51기
제50기
(2024년 12월말)
(2023년 12월말)
(2022년 12월말)
[유동자산]
449,583,000,000
431,160,000,000
399,896,000,000
ㆍ현금및현금성자산
37,931,000,000
38,708,000,000
37,018,000,000
[비유동자산]
568,116,000,000
562,577,000,000
526,522,000,000
자산총계
1,017,699,000,000
993,737,000,000
926,418,000,000
[유동부채]
384,154,000,000
441,422,000,000
281,268,000,000
[비유동부채]
125,771,000,000
75,246,000,000
175,426,000,000
부채총계
509,925,000,000
516,668,000,000
456,694,000,000
[자본금]
6,085,000,000
6,085,000,000
6,085,000,000
[이익잉여금]
415,127,000,000
396,828,000,000
392,600,000,000
[비지배주주지분]
53,095,000,000
51,398,000,000
48,383,000,000
자본총계
507,774,000,000
477,069,000,000
469,724,000,000
(2024.01.01 ~ 2024.12.31)
(2023.01.01 ~ 2023.12.31)
(2022.01.01 ~ 2022.12.31)
매출액
653,264,000,000
594,567,000,000
634,966,000,000
영업이익
33,843,000,000
42,995,000,000
61,977,000,000
당기순이익
21,553,000,000
8,885,000,000
40,597,000,000
기본주당이익(단위:원)
1,644
550
3,056
희석주당이익(단위:원)
1,644
550
3,056