STX엔진 / 2025.03.21 사업보고서
1. 요약재무정보
가. 요약연결재무정보
(단위 : 원)
과목
제21기
(2024년)
제20기
(2023년)
제19기
(2022년)
Ⅰ. 유동자산
555,214,000,000
490,899,000,000
468,460,000,000
현금및현금성자산
131,441,000,000
86,616,000,000
88,277,000,000
Ⅱ. 비유동자산
413,597,000,000
408,235,000,000
384,928,000,000
자산총계
968,810,000,000
899,134,000,000
853,388,000,000
Ⅰ. 유동부채
628,414,000,000
577,722,000,000
539,906,000,000
Ⅱ. 비유동부채
63,827,000,000
61,778,000,000
53,237,000,000
부채총계
692,241,000,000
639,500,000,000
593,143,000,000
Ⅰ. 지배기업주주지분
276,570,000,000
259,634,000,000
260,245,000,000
자본금
69,141,000,000
69,141,000,000
69,141,000,000
이익잉여금
(405,336,000,000)
(419,806,000,000)
(419,952,000,000)
Ⅱ. 비지배지분
0
0
0
자본총계
276,570,000,000
259,634,000,000
260,245,000,000
종속,관계,공동기업 투자주식의 평가방법
원가법
원가법
원가법
2024.01.01~2024.12.31
2023.01.01~2023.12.31
2022.01.01~2022.12.31
Ⅰ.매출액
724,610,000,000
630,377,000,000
544,021,000,000
Ⅱ.영업이익
42,237,000,000
18,868,000,000
(8,816,000,000)
Ⅳ.계속영업당기순이익
27,216,000,000
5,685,000,000
(26,683,000,000)
Ⅵ.당기순이익
27,216,000,000
5,685,000,000
(26,683,000,000)
Ⅶ.당기순이익의 귀속
지배회사지분순이익
27,216,000,000
5,685,000,000
(26,683,000,000)
Ⅷ. 지배기업 소유주 지분에 대한 주당이익
기본주당순이익(원)
622
167
(999)
주1) 상기 연결재무제표는 한국채택국제회계기준에 따라 작성하였습니다.
주2) 연결재무제표 작성기준, 주요 회계정책은 주석을 참조하시기 바랍니다.