## 한솔홀딩스 / 2025.07.02 [정정] 사업보고서

### 1. 요약재무정보
#### 1. 연결요약재무제표
한솔홀딩스주식회사 및 그 종속기업 (단위: 원)
사업연도
제60기
제59기
제58기

[유동자산]
351,031,000,000
205,289,000,000
201,195,000,000
- 현금및현금성자산
47,080,000,000
49,003,000,000
90,067,000,000
[비유동자산]
582,128,000,000
514,816,000,000
522,101,000,000
자산총계
933,159,000,000
720,105,000,000
723,296,000,000

[유동부채]
219,177,000,000
113,964,000,000
110,793,000,000
[비유동부채]
40,625,000,000
11,914,000,000
15,170,000,000
부채총계
259,802,000,000
125,878,000,000
125,963,000,000

[자본금]
42,009,000,000
42,009,000,000
42,009,000,000
[이익잉여금]
455,320,000,000
460,623,000,000
461,010,000,000
[비지배지분]
104,508,000,000
26,277,000,000
29,292,000,000
자본총계
673,357,000,000
594,227,000,000
597,333,000,000

사업연도
제60기
제59기
제58기
매출액
791,640,000,000
443,135,000,000
467,211,000,000
영업이익
7,479,000,000
3,999,000,000
19,098,000,000
당기순이익
1,584,000,000
5,033,000,000
48,952,000,000
지배회사지분당기순이익
2,023,000,000
7,429,000,000
48,053,000,000
기본주당손익 (단위 : 원)
49
177
1,144
희석주당손익 (단위 : 원)
49
177
1,144

※ 상기 재무정보의 비교년도는 공시된 연결재무제표의 내용과 다를 수 있습니다.