아난티 / 2025.03.18 사업보고서
1. 요약재무정보
가. 요약연결재무정보
(단위 : 원)
구분
제38기
제37기
제36기
2024년 12월말
2023년 12월말
2022년 12월말
[유동자산]
192,731,000,000
169,626,000,000
525,676,000,000
ㆍ현금및현금성자산
96,077,000,000
78,388,000,000
177,804,000,000
자산총계
1,622,402,000,000
1,544,906,000,000
1,734,787,000,000
[유동부채]
458,863,000,000
414,080,000,000
749,253,000,000
[비유동부채]
452,178,000,000
426,988,000,000
474,899,000,000
부채총계
911,041,000,000
841,068,000,000
1,224,152,000,000
[지배기업소유주지분]
696,838,000,000
639,302,000,000
506,952,000,000
[이익잉여금]
107,854,000,000
151,335,000,000
59,199,000,000
[외부주주지분]
14,523,000,000
64,536,000,000
3,683,000,000
자본총계
711,361,000,000
703,838,000,000
510,635,000,000
구분
2024.01.01 ~ 2024.12.31
2023.01.01 ~ 2023.12.31
2022.01.01 ~ 2022.12.31
매출액
285,159,000,000
897,297,000,000
325,346,000,000
영업이익(손실)
800,000,000
267,048,000,000
115,223,000,000
당기순이익(손실)
(32,369,000,000)
210,408,000,000
33,987,000,000
지배기업 소유주지분
(30,472,000,000)
100,098,000,000
31,036,000,000
비지배지분
(1,897,000,000)
110,310,000,000
2,951,000,000
연결기준 기본주당순이익(단위 : 원)
(342)
1,127
360
연결기준 희석주당순이익(단위 : 원)
(342)
1,085
199
연결에 포함된 회사수
6
6
7