서호전기 / 2025.03.12 사업보고서
1. 요약재무정보
1)요약연결재무정보
- 당사는 2011회계연도부터 한국채택국제회계기준(K-IFRS)을 도입하였으며, 하기 재무정보는 한국채택 국제회계기준(K-IFRS)에 따라 작성된 연결재무정보입니다.
(단위 : 원)
구분
제 37 기
제 36 기
제 35 기
[유동자산]
45,547,003,000
56,374,418,000
55,029,167,000
자산총계
101,975,373,000
103,880,710,000
101,804,641,000
[유동부채]
11,292,482,000
8,030,650,000
10,761,917,000
[비유동부채]
1,353,923,000
1,789,335,000
904,441,000
부채총계
12,646,405,000
9,819,986,000
11,666,358,000
[자본금]
2,575,000,000
2,575,000,000
2,575,000,000
[이익잉여금]
92,620,029,000
88,551,227,000
83,441,350,000
[비지배지분]
1,136,751,000
1,088,954,000
1,273,814,000
자본총계
89,328,968,000
94,060,724,000
90,138,282,000
매출액
46,467,232,000
66,169,002,000
60,170,515,000
영업이익
1,645,583,000
12,980,216,000
12,465,918,000
당기순이익
11,474,264,000
15,456,210,000
11,303,466,000
총포괄손익
11,655,479,000
15,032,395,000
11,344,088,000
기본주당순이익(원)
2,357
3,112
2,214
연결에 포함된 회사수
2개
2개
2개