질경이 / 2025.03.20 사업보고서
1. 요약재무정보
1. 요약연결 재무정보
(단위: 원)
구분
제12기말
제11기말
제10기말
회계처리기준
K-IFRS
K-IFRS
K-IFRS
[유동자산]
2,834,700,460
2,088,856,569
2,460,135,474
당좌자산
1,560,196,722
966,828,777
574,741,658
재고자산
1,274,503,738
1,122,027,792
1,885,393,816
[처분예정자산집단]
-
-
-
[비유동자산]
5,405,182,819
5,676,199,278
3,420,794,263
투자자산
-
-
-
유형자산
4,536,003,049
4,819,417,146
2,557,570,989
무형자산
359,067,875
210,765,959
337,140,345
기타비유동자산
510,111,895
646,016,173
526,082,929
자산총계
8,239,883,279
7,765,055,847
5,880,929,737
[유동부채]
4,433,976,977
4,803,282,565
6,115240,885
[비유동부채]
820,743,075
799,792,844
192,654,698
[처분예정부채집단]
-
-
-
부채총계
5,254,720,052
5,603,075,409
6,307,895,583
지배기업의소유지분
2,985,163,227
2,161,980,438
(426,965,846)
자본금
1,476,489,800
1,476,489,800
1,396,631,600
기타불입자본
28,711,164,156
28,670,026,922
27,756,589,920
기타포괄손익누계액
1,921,314,286
1,935,465,662
-
이익잉여금(결손금)
(29,123,805,015)
(29,920,001,946)
(29,580,187,366)
비지배지분
-
-
-
자본총계
2,985,163,227
2,161,980,438
(426,965,846)
2024년 1월 ~ 12월
2023년 1월 ~ 12월
2022년 1월 ~ 12월
매출액
10,007,470,692
7,358,084,979
9,091,448,170
영업이익(손실)
1,058,121,057
(134,318,423)
(971,045,103)
당기순이익(손실)
759,645,927
(339,814,580)
(1,102,090,301)
총포괄손실
782,045,555
1,602,098,426
(1,098,081,977)
비지배지분
-
-
--
주당순이익(손실)
54
(21)
(79)
종속회사 수
54
1
1
2. 요약별도 재무정보
(단위:원)
구분
제12기말
제11기말
제10기말
회계처리기준
K-IFRS
K-IFRS
K-IFRS
[유동자산]
2,831,939,316
2,086,376,652
2,433,742,032
당좌자산
1,560,146,761
966,784,844
574,715,661
재고자산
1,271,792,555
1,119,591,808
1,859,026,371
[비유동자산]
5,405,182,819
5,676,047,372
3,412,323,485
투자자산
-
-
-
유형자산
4,536,003,049
4,819,417,146
2,557,570,989
무형자산
359,067,875
210,765,959
337,140,345
기타비유동자산
510,111,895
645,864,267
517,612,151
매각예정비유동자산
-
-
-
자산총계
8,237,122,135
7,762,424,024
5,846,065,517
[유동부채]
4,158,375,259
4,557,478,578
5,859,222,538
[비유동부채]
820,743,075
799,792,844
192,654,698
부채총계
4,979,118,334
5,357,271,422
6,051,877,236
자본금
1,476,489,800
1,476,489,800
1,396,631,600
기타불입자본
28,401,330,405
28,360,193,171
27,453,203,514
기타포괄손익누계액
1,941,513,620
1,941,513,620
-
이익잉여금(결손금)
(28,561,330,024)
(29,373,043,989)
(29,055,646,833)
자본총계
3,258,003,801
2,405,152,602
(205,811,719)
"종속, 관계, 공동기업 투자주식의 평가방법"
원가법
원가법
원가법
2024년 1월 ~ 12월
2023년 1월 ~ 12월
2022년 1월 ~ 12월
매출액
10,007,470,692
7,358,084,979
9,071,945,458
영업이익(손실)
1,060,974,629
(110,474,155)
(936,911,581)
당기순이익(손실)
811,713,965
(317,397,156)
(1,095,595,228)
주당순이익(손실)
55
(22)
(78)