티와이홀딩스 / 2025.03.20 사업보고서
1. 요약재무정보
가. 연결요약재무정보
(단위 : 원)
과 목
제 5기
제 4기
제 3기
유동자산
387,919,954,000
575,538,776,000
350,108,899,000
현금및현금성자산
154,112,044,000
156,831,691,000
89,436,772,000
비유동자산
1,413,499,232,000
1,741,397,353,000
1,932,854,165,000
[자산총계]
1,801,419,186,000
2,316,936,129,000
2,282,963,064,000
유동부채
330,852,741,000
734,759,785,000
579,981,783,000
비유동부채
466,310,729,000
608,345,780,000
156,617,019,000
[부채총계]
797,163,470,000
1,343,105,565,000
736,598,802,000
자본금
25,836,141,000
25,836,141,000
26,092,303,000
이익잉여금(결손금)
(11,631,297,000)
110,170,025,000
718,150,086,000
비지배지분
66,532,943,000
60,223,871,000
44,549,911,000
[자본총계]
1,004,255,716,000
973,830,564,000
1,546,364,262,000
기 간
(2024.01.01~2024.12.31)
(2023.01.01~2023.12.31)
(2022.01.01~2022.12.31)
매출액
79,373,439,000
325,391,952,000
332,624,105,000
영업이익
(80,909,105,000)
(354,083,133,000)
16,760,555,000
계속영업이익
(147,567,361,000)
(594,966,793,000)
90,274,862,000
연결당기순이익(손실)
(118,062,200,000)
(591,828,761,000)
94,898,709,000
기본주당순이익(손실,원)
(3,535)
(16,591)
2,579