나이스정보통신 / 2025.03.17 사업보고서
1. 요약재무정보
가. 요약연결재무정보
나이스정보통신주식회사와 그 종속기업
(단위 : 원)
구분
제37기
(2024년 12월말)
제36기
(2023년 12월말)
제35기
(2022년 12월말)
[유동자산]
906,232,282,342
1,007,453,729,720
835,948,046,191
ㆍ현금및현금성자산
240,589,465,673
286,844,058,820
222,268,385,677
자산총계
1,122,561,063,334
1,211,153,716,348
1,031,289,378,921
[유동부채]
725,838,839,571
832,073,824,708
675,989,879,538
부채총계
736,704,810,545
844,879,609,112
684,103,815,937
[자본금]
5,000,000,000
5,000,000,000
5,000,000,000
[이익잉여금]
363,835,845,568
331,709,906,947
309,204,650,232
[비지배지분]
33,087,067,353
36,383,059,857
35,003,134,714
자본총계
385,856,252,789
366,274,107,236
347,185,562,984
기간
(2024.1.1~
2024.12.31)
(2023.1.1~
2023.12.31)
(2022.1.1~
2022.12.31)
매출액
975,137,479,129
891,628,591,940
804,861,396,536
영업이익
39,874,639,225
36,733,568,866
48,081,669,001
당기순이익
37,651,588,775
29,750,845,323
40,207,614,740
총포괄이익
32,707,871,575
32,316,434,196
43,049,619,074
보통주 기본주당순이익
4,349
3,311
4,358