한국자산신탁 / 2025.03.18 사업보고서
1. 요약재무정보
가. 요약연결재무정보
(단위 : 원)
구분
제24기
제23기
제22기
2024년 12월말
2023년 12월말
2022년 12월말
자 산 총 계
1,725,879,725,519
1,480,050,024,356
1,363,794,175,394
부 채 총 계
680,125,388,347
445,001,934,727
431,361,487,905
Ⅰ. 지배기업소유주지분
1,045,754,337,172
1,035,048,089,629
932,432,687,489
1. 자본금
61,988,876,000
61,988,876,000
61,988,876,000
5. 이익잉여금
866,812,912,403
856,309,724,407
753,588,242,363
자 본 총 계
1,045,754,337,172
1,035,048,089,629
932,432,687,489
2024년 1월 ~ 12월
2023년 1월 ~ 12월
2022년 1월 ~ 12월
영업수익
226,447,627,661
259,071,620,425
232,964,573,062
영업이익
51,764,548,804
116,706,241,689
146,870,303,642
연결당기순이익
37,423,940,096
129,642,234,144
108,242,016,692
지배주주지분 당기순이익
37,423,940,096
129,642,234,144
108,242,016,692
기본주당순이익
306
1,059
885
희석주당순이익
306
1,059
885