한일시멘트 / 2025.03.17 사업보고서
1. 요약재무정보
가. 요약연결재무정보
(단위 : 원)
구분
제7기
제6기
제5기
[유동자산]
868,324,000,000
856,338,000,000
630,383,000,000
현금및현금성자산
227,182,000,000
195,623,000,000
124,660,000,000
[비유동자산]
2,120,011,000,000
2,011,588,000,000
1,830,454,000,000
자산총계
2,988,335,000,000
2,867,926,000,000
2,460,837,000,000
[유동부채]
582,312,000,000
535,737,000,000
485,429,000,000
[비유동부채]
567,203,000,000
612,970,000,000
400,391,000,000
부채총계
1,149,515,000,000
1,148,707,000,000
885,820,000,000
[자본금]
34,631,000,000
34,631,000,000
34,631,000,000
[이익잉여금]
907,642,000,000
782,130,000,000
657,519,000,000
비지배지분
119,359,000,000
132,174,000,000
126,740,000,000
자본총계
1,838,820,000,000
1,719,219,000,000
1,575,017,000,000
구분
2024.01.01~2024.12.31
2023.01.01~2023.12.31
2022.01.01~2022.12.31
매출액
1,741,671,000,000
1,799,501,000,000
1,487,575,000,000
영업이익
271,390,000,000
246,516,000,000
117,984,000,000
당기순이익
199,016,000,000
177,712,000,000
87,618,000,000
지배기업 지분에 대한 주당순이익
2,657
2,457
1,138