엔비티 / 2025.03.21 사업보고서
1. 요약재무정보
가. 요약 연결 재무정보
(단위: 원)
사업연도
2024년
2023년
2022년
구분
(제13기)
(제12기)
(제11기)
회계처리 기준
K-IFRS
K-IFRS
K-IFRS
유동자산
25,043,429,298,000
26,501,177,155,000
32,204,759,431,000
현금및현금성자산
6,735,087,182,000
10,401,438,499,000
16,313,157,141,000
매출채권및기타수취채권
12,956,493,136,000
9,914,508,859,000
9,711,308,321,000
재고자산
558,100,000
35,781,875,000
30,840,276,000
비유동자산
44,203,201,072,000
48,666,994,573,000
51,137,121,851,000
유형자산
3,601,591,924,000
4,969,995,967,000
6,203,591,108,000
무형자산
370,150,460,000
1,058,756,384,000
663,041,456,000
자산총계
69,246,630,370,000
75,168,171,728,000
83,341,881,282,000
유동부채
20,815,551,103,000
39,579,955,965,000
18,782,216,806,000
비유동부채
23,095,128,407,000
3,659,918,387,000
27,365,860,590,000
부채총계
43,910,679,510,000
43,239,874,352,000
46,148,077,396,000
자본금
1,697,542,600,000
1,697,542,600,000
1,697,542,600,000
이익잉여금(결손금)
1,829,560,356,000
8,436,183,099,000
4,410,894,198,000
자본총계
25,335,950,860,000
31,928,297,376,000
37,193,803,886,000
부채와자본총계
69,246,630,370,000
75,168,171,728,000
83,341,881,282,000
2024년 1월~12월
2023년 1월~12월
2022년 1월~12월
영업수익
105,117,690,536,000
106,657,978,596,000
108,210,873,733,000
영업이익(손실)
(3,341,111,242,000)
(1,934,200,154,000)
2,938,612,631,000
당기순이익(손실)
(6,606,622,743,000)
(2,974,711,099,000)
(469,248,834,000)
총포괄이익(손실)
(6,592,346,516,000)
(2,993,721,100,000)
(443,118,720,000)
기본주당순이익(손실)(단위 : 원)
(410)
(182)
(28)
연결에 포함된 회사수
5개
5개
6개

나. 요약 별도 재무정보
(단위: 원)
사업연도
2024년
2023년
2022년
구분
(제13기)
(제12기)
(제11기)
회계처리 기준
K-IFRS
K-IFRS
K-IFRS
유동자산
22,519,803,970,000
23,219,781,223,000
29,055,394,343,000
현금및현금성자산
6,488,463,800,000
9,274,281,893,000
14,623,084,499,000
매출채권및기타수취채권
8,249,217,085,000
8,353,403,982,000
8,884,302,665,000
재고자산
558,100,000
2,377,500,000
11,770,036,000
비유동자산
46,267,456,458,000
50,262,370,005,000
52,682,658,261,000
유형자산
3,624,441,046,000
4,816,258,944,000
5,958,504,734,000
무형자산
369,893,528,000
1,058,407,436,000
662,600,492,000
자산총계
68,787,260,428,000
73,482,151,228,000
81,738,052,604,000
유동부채
20,019,049,447,000
37,759,544,300,000
17,323,998,740,000
비유동부채
23,068,585,739,000
3,472,105,784,000
26,978,765,419,000
부채총계
43,087,635,186,000
41,231,650,084,000
44,302,764,159,000
자본금
1,697,542,600,000
1,697,542,600,000
1,697,542,600,000
이익잉여금(결손금)
2,193,234,738,000
8,758,386,867,000
4,652,378,757,000
자본총계
25,699,625,242,000
32,250,501,144,000
37,435,288,445,000
부채와자본총계
68,787,260,428,000
73,482,151,228,000
81,738,052,604,000
2024년 1월~12월
2023년 1월~12월
2022년 1월~12월
영업수익
101,860,359,347,000
103,031,367,320,000
102,519,764,474,000
영업이익(손실)
(3,453,850,804,000)
(2,283,198,926,000)
2,502,463,274,000
당기순이익(손실)
(6,565,152,129,000)
(2,893,991,890,000)
(338,188,823,000)
총포괄이익(손실)
(6,550,875,902,000)
(2,913,001,891,000)
(312,058,709,000)
기본주당순이익(손실)(단위 : 원)
(407)
(177)
(20)