현대바이오 / 2025.08.25 [정정] 사업보고서
1. 요약재무정보
가. 연결 요약재무정보
[단위 : 백만원]
구분
제25기
제24기
제23기
[유동자산]
6,810
15,163
24,012
ㆍ현금및현금성자산
3,657
1,812
2,732
ㆍ단기금융상품
0
10,000
16,000
ㆍ매출채권 및 기타금융자산
1,642
466
1,671
ㆍ재고자산
1,076
2,588
2,946
ㆍ기타유동자산
404
210
593
ㆍ당기법인세자산
32
87
69
[비유동자산]
60,895
37,629
43,315
ㆍ기타금융자산
1,229
1,917
1,341
ㆍ관계기업 및 종속기업 투자주식
21,125
0
0
ㆍ당기손익공정가치측정금융자산
1,607
1,593
1,469
ㆍ유형자산
3,583
2,904
6,376
ㆍ무형자산
33,170
31,170
33,175
ㆍ순확정급여자산
181
45
318
ㆍ기타비유동자산
0
0
19
ㆍ매각예정자산
0
0
618
자산총계
67,705
52,792
67,327
[유동부채]
27,487
6,947
8,384
[비유동부채]
780
574
707
부채총계
28,266
7,521
9,091
[자본금]
19,911
19,905
19,841
[주식발행초과금]
3,072
2,910
109,558
[결손금]
-19,573
-12,554
-105,846
[기타자본구성요소]
36,028
35,011
34,682
지배기업의 소유지분
39,438
45,271
58,235
비지배지분
0
0
0
자본총계
39,438
45,271
58,235
매출액
15,050
9,481
7,852
영업이익
791
-9,785
-26,354
법인세비용차감전순이익(손실)
-6,930
-14,498
-16,613
당기순이익(손실)
-6,930
-14,499
-15,807
지배기업의 소유주
-6,930
-14,499
-15,807
비지배지분
0
0
0
기본주당순이익(원)
-174원
-365원
-402원
연결에 포함된 회사수
5
5
5
나. 별도 요약재무정보
[단위 : 백만원]
구분
제25기
제24기
제23기
[유동자산]
6,471
14,143
23,869
ㆍ현금및현금성자산
3,320
794
2,600
ㆍ단기금융상품
0
10,000
16,000
ㆍ매출채권 및 기타금융자산
1,642
466
1,671
ㆍ재고자산
1,076
2,588
2,937
ㆍ기타유동자산
402
209
592
ㆍ당기법인세자산
32
87
69
[비유동자산]
67,000
38,585
42,686
ㆍ기타금융자산
1,229
1,913
1,338
ㆍ관계기업 및 종속기업 투자주식
27,255
998
45
ㆍ당기손익공정가치측정금융자산
1,607
1,593
1,469
ㆍ유형자산
3,557
2,865
6,323
ㆍ무형자산
33,170
31,170
33,175
ㆍ순확정급여자산
181
45
318
ㆍ기타비유동자산
0
0
19
자산총계
73,471
52,728
66,555
[유동부채]
27,499
6,637
8,105
[비유동부채]
780
574
99
부채총계
28,279
7,211
8,203
[자본금]
19,911
19,905
19,841
[주식발행초과금]
3,072
2,910
109,558
[결손금]
-15,519
-14,331
-107,976
[기타자본구성요소]
37,728
37,033
36,928
자본총계
45,192
45,517
58,351
종속·관계·공동기업 투자주식의 평가방법
원가법
원가법
원가법
매출액
15,050
9,481
7,789
영업이익
2,251
-9,303
-26,036
법인세비용차감전순이익
-1,100
-14,146
-11,858
당기순이익
-1,100
-14,146
-11,858
기본주당순이익(원)
-28원
-356원
-301원