효성 / 2025.03.13 사업보고서
1. 요약재무정보
가. 요약 연결 재무정보
(단위 : 원)
구분
제70기
(2024년 12월말)
제69기
(2023년 12월말)
제68기
(2022년 12월말)
[유동자산]
1,021,710,482,736
1,766,631,178,074
2,060,065,764,290
현금 및 현금성자산
108,875,286,608
147,661,908,119
143,609,621,970
자산 총계
4,340,864,429,768
5,088,858,301,845
5,267,284,720,508
[유동부채]
1,351,828,011,529
1,708,893,344,984
1,811,856,720,954
[비유동부채]
484,597,723,252
603,732,896,278
558,123,375,790
부채 총계
1,836,425,734,781
2,312,626,241,262
2,369,980,096,744
[자본금]
86,725,490,000
105,355,125,000
105,355,125,000
[이익잉여금]
6,669,271,596,604
6,319,076,517,041
6,414,344,637,566
[비지배지분]
348,755,323,239
311,569,860,213
342,255,849,400
자본 총계
2,504,438,694,987
2,776,232,060,583
2,897,304,623,764
구분
2024년 1~12월
2023년 1~12월
2022년 1~12월
매출액 및 지분법손익
2,272,756,398,560
1,847,206,700,030
1,771,672,812,719
영업이익(손실)
221,133,379,310
57,657,827,604
(12,231,053,723)
총당기순이익(손실)
484,258,153,404
(438,141,363)
24,807,189,262
지배기업지분 당기순이익(손실)
453,157,569,978
68,232,761
15,647,815,532
기본주당순이익(손실)
24,712
3
786