한솔로지스틱스 / 2025.03.11 사업보고서
1. 요약재무정보
가. 연결 요약재무정보
하기 연결재무제표는 한국채택국제회계기준(K-IFRS)에 따라 작성되었습니다.
(단위: 원)
구분
제52기 연간
제51기 연간
제50기 연간
(2024년 12월말)
(2023년 12월말)
(2022년 12월말)
[유동자산]
171,827,000,000
166,824,000,000
178,162,000,000
ㆍ현금및현금성자산
20,390,000,000
30,815,000,000
30,758,000,000
자산총계
267,995,000,000
245,120,000,000
274,496,000,000
[유동부채]
108,350,000,000
111,493,000,000
156,801,000,000
[비유동부채]
29,525,000,000
15,210,000,000
15,189,000,000
부채총계
137,875,000,000
126,703,000,000
171,990,000,000
[자본금]
14,680,000,000
14,478,000,000
14,341,000,000
[이익잉여금]
159,223,000,000
153,853,000,000
138,953,000,000
[비지배지분]
220,000,000
365,000,000
162,000,000
자본총계
130,120,000,000
118,417,000,000
102,506,000,000
(2024.01.01~ 2024.12.31)
(2023.01.01~ 2023.12.31)
(2022.01.01~ 2022.12.31)
구분
제52기 연간
제51기 연간
제50기 연간
(2024년 12월말)
(2023년 12월말)
(2022년 12월말)
매출액
687,031,000,000
726,537,000,000
1,015,372,000,000
영업이익
16,778,000,000
26,257,000,000
36,350,000,000
당기순이익(손실)
8,672,000,000
18,533,000,000
24,241,000,000
주당이익
ㆍ기본주당순이익
310
672
882