롯데관광개발 / 2025.03.20 사업보고서
1. 요약재무정보
가. 요약연결재무정보
(단위 : 원)
구분
제54기
제53기
제52기
[유동자산]
114,361,000,000
80,887,000,000
61,154,000,000
ㆍ현금 및 현금성자산
44,328,000,000
33,640,000,000
28,601,000,000
[비유동자산]
2,052,256,000,000
1,683,224,000,000
1,741,623,000,000
ㆍ유형자산
1,690,340,000,000
1,289,380,000,000
1,342,192,000,000
ㆍ사용권자산
287,406,000,000
305,503,000,000
316,646,000,000
자산총계
2,166,617,000,000
1,764,111,000,000
1,802,777,000,000
[유동부채]
609,689,000,000
1,208,747,000,000
1,027,341,000,000
[비유동부채]
1,243,868,000,000
489,805,000,000
543,748,000,000
부채총계
1,853,557,000,000
1,698,551,000,000
1,571,088,000,000
[지배기업소유주지분]
316,682,000,000
69,184,000,000
235,202,000,000
ㆍ자본금
38,098,000,000
37,887,000,000
36,483,000,000
ㆍ이익잉여금
(1,091,088,000,000)
(972,971,000,000)
(767,677,000,000)
[비지배주주지분]
(3,622,000,000)
(3,624,000,000)
(3,514,000,000)
자본총계
313,060,000,000
65,560,000,000
231,688,000,000
부채와자본총계
2,166,617,000,000
1,764,111,000,000
1,802,777,000,000
관계 ·공동기업
투자주식의 평가방법
지분법
지분법
지분법
구분
2024.01.01 ~2024.12.31
2023.01.01 ~2023.12.31
2022.01.01 ~2022.12.31
영업수익
471,468,000,000
313,548,000,000
183,671,000,000
영업이익
39,007,000,000
(60,606,000,000)
(118,720,000,000)
당기순이익
(116,573,000,000)
(202,331,000,000)
(224,708,000,000)
총포괄이익
243,348,000,000
(210,726,000,000)
126,241,000,000
주당이익
(1,531) 원
(2,721) 원
(3,136) 원
연결에 포함된 회사수
4
4
4
※ 한국채택국제회계기준(K-IFRS)으로 작성된 연결재무제표입니다
- 연결회사의 변동내역
사업연도
당기 연결대상회사
전기대비 연결에 추가된 회사
전기대비 연결에 제외된 회사
제 54 기
(2024년)
(주)엘티엔터테인먼트
해당사항 없음
해당사항 없음
마이데일리(주)
엘티크루즈홀리데이(주)
용산역세권개발(주)