극동유화 / 2025.03.20 사업보고서
1. 요약재무정보
가. 요약연결재무정보
(단위 : 원)
구분
제45기
제44기
제43기
(2024년12월말)
(2023년12월말)
(2022년12월말)
자산총계
478,555,000,000
430,015,000,000
353,076,000,000
부채총계
246,369,000,000
216,137,000,000
147,759,000,000
자본금
17,435,000,000
17,435,000,000
17,435,000,000
이익잉여금
188,929,000,000
186,940,000,000
179,654,000,000
비지배지분
25,951,000,000
11,178,000,000
9,753,000,000
자본총계
232,186,000,000
213,878,000,000
205,317,000,000
(2024.01.01~ 2024.12.31)
(2023.01.01~ 2023.12.31)
(2022.01.01~ 2022.12.31)
Ⅰ.매출액
1,062,834,000,000
1,157,999,000,000
1,242,476,000,000
Ⅱ.영업이익
22,879,000,000
27,842,000,000
30,591,000,000
Ⅲ.당기순이익
9,642,000,000
15,094,000,000
20,430,000,000
IV.기본주당순이익(원)
267
439
593