25. 11. 13. 오전 12:35
고려아연 / 2025.03.31 [정정] 사업보고서
고려아연/사업보고서/2025.03.31
1. 요약재무정보
가. 연결 요약재무정보
(단위 : 백만원)
구분
제51기
(2024년 12월말)
제50기
(2023년 12월말)
제49기
(2022년 12월말)
[유동자산]
7,567,074
5,571,657
6,071,091
ㆍ현금및현금성자산
893,806
676,775
780,982
ㆍ매출채권
886,701
603,197
656,018
ㆍ재고자산
3,780,440
2,637,705
2,825,445
ㆍ단기투자자산
1,564,707
1,176,391
1,401,790
ㆍ기타유동자산
441,420
477,589
406,856
[비유동자산]
7,225,248
6,474,414
6,026,827
ㆍ유형자산
4,818,713
3,869,034
3,694,369
ㆍ무형자산
983,775
882,551
851,335
ㆍ장기투자자산
710,999
1,014,976
751,368
ㆍ관계기업투자및공동기업투자
334,634
491,367
426,388
ㆍ기타비유동자산
377,127
216,486
303,369
자산총계
14,792,322
12,046,071
12,097,918
[유동부채]
6,366,334
1,902,819
2,319,117
[비유동부채]
830,560
501,249
547,070
부채총계
7,196,894
2,404,068
2,866,186
[자본금]
104,543
104,543
99,316
[자본잉여금]
1,618,964
1,621,678
1,085,853
[이익잉여금]
7,600,981
7,843,382
7,953,409
[기타자본항목]
-1,990,838
-179,375
-95,864
[비지배지분]
261,778
251,775
189,019
자본총계
7,595,428
9,642,003
9,231,732
(2024.1.1.~2024.12.31.)
(2023.1.1.~2023.12.31.)
(2022.1.1.~2022.12.31.)
매출액
12,052,918
9,704,521
11,219,359
영업이익
723,472
659,935
919,171
당기순이익
194,782
533,379
798,264
지배주주순이익
190,930
527,261
780,610
비지배주주순이익
3,852
6,117
17,654
기본주당이익(단위 : 원)
9,488
26,139
42,967
연결에 포함된 회사수
79개
74개
71개
25. 11. 13. 오전 12:35 고려아연/사업보고서/2025.03.31 주) 제51기는 주주총회 승인 전 연결재무제표로, 향후 정기주주총회에서 부결되거나 수정 이 발생한 경우 정정보고서를 통해 그 내용 및 사유 등을 반영할 예정입니다.
나. 별도 요약재무정보
구분
제51기
(2024년 12월말)
제50기
(2023년 12월말)
제49기
(2022년 12월말)
[유동자산]
5,960,440
4,223,804
4,685,835
ㆍ현금및현금성자산
462,326
316,077
433,200
ㆍ매출채권
777,771
376,875
481,307
ㆍ재고자산
2,976,834
2,121,171
2,247,047
ㆍ단기투자자산
1,554,303
1,159,861
1,332,772
ㆍ기타유동자산
189,205
249,819
191,508
[비유동자산]
6,287,968
5,953,892
5,405,401
ㆍ유형자산
2,175,615
2,143,272
2,073,604
ㆍ무형자산
48,622
45,714
38,776
ㆍ장기투자자산
593,382
908,888
608,345
ㆍ관계기업투자및공동기업투자
214,588
294,992
196,063
ㆍ종속기업투자
2,966,177
2,454,880
2,390,366
ㆍ기타비유동자산
289,584
106,145
98,247
자산총계
12,248,408
10,177,696
10,091,235
[유동부채]
5,475,068
1,354,938
1,675,609
[비유동부채]
87,189
32,231
15,169
부채총계
5,562,257
1,387,169
1,690,778
[자본금]
104,543
104,543
99,316
[자본잉여금]
1,577,407
1,580,121
1,058,187
[이익잉여금]
7,345,659
7,347,731
7,397,618
[기타자본항목]
-2,341,457
-241,869
-154,663
자본총계
6,686,151
8,790,527
8,400,458
종속ㆍ관계ㆍ공동기업 투자주식의 평가방법
원가법
원가법
원가법
(2024.1.1.~2024.12.31.)
(2023.1.1.~2023.12.31.)
(2022.1.1.~2022.12.31.)
매출액
8,089,017
7,291,069
8,081,378
영업이익
813,894
707,392
931,364
당기순이익
429,249
585,595
656,194
기본주당이익(단위 : 원)
21,331
29,031
36,119
주) 제51기는 주주총회 승인 전 별도재무제표로, 향후 정기주주총회에서 부결되거나 수정 이 발생한 경우 정정보고서를 통해 그 내용 및 사유 등을 반영할 예정입니다.