이노와이어리스 / 2025.03.19 사업보고서
1. 요약재무정보
가. 요약 연결재무정보
(단위: 원)
구분
제25기
제24기
제23기
2024년 12월말
2023년 12월말
2022년 12월말
유동자산
150,024,000,000
160,541,000,000
132,320,000,000
현금및현금성자산
69,072,000,000
89,021,000,000
60,259,000,000
자산총계
235,382,000,000
218,904,000,000
185,473,000,000
유동부채
55,605,000,000
50,018,000,000
50,677,000,000
부채총계
61,930,000,000
52,960,000,000
54,566,000,000
자본금
3,802,000,000
3,802,000,000
3,369,000,000
이익잉여금
109,681,000,000
109,990,000,000
101,507,000,000
비지배지분
4,125,000,000
-
-
자본총계
173,452,000,000
165,944,000,000
130,907,000,000
('24.01 ~ '24.12)
('23.01 ~ '23.12)
('22.01 ~ '22.12)
매출액
189,720,000,000
137,371,000,000
132,854,000,000
영업이익
2,438,000,000
10,282,000,000
14,340,000,000
당기순이익
2,908,000,000
10,841,000,000
13,451,000,000
주당순익(단위 : 원)
기본주당순이익
333
1,430
1,996
희석주당순이익
333
1,430
1,996