KG모빌리티 / 2025.03.18 사업보고서
1. 요약재무정보
(1) 요약연결재무정보
(단위 : 원)
구분
제63기
제62기
제61기
[유동자산]
1,171,965,000,000
1,139,591,000,000
627,159,000,000
ㆍ현금및현금성자산
92,581,000,000
58,033,000,000
104,962,000,000
자산총계
3,104,452,000,000
2,636,057,000,000
2,001,907,000,000
[유동부채]
1,017,427,000,000
885,733,000,000
401,957,000,000
[비유동부채]
666,483,000,000
667,625,000,000
507,047,000,000
부채총계
1,683,910,000,000
1,553,358,000,000
909,004,000,000
[자본금]
982,021,000,000
934,780,000,000
934,780,000,000
[이익잉여금(결손금)]
-1,140,345,000,000
-1,145,361,000,000
-1,117,038,000,000
[비지배지분]
-
-
-
자본총계
1,420,543,000,000
1,082,699,000,000
1,092,903,000,000
구분
2024년 01월 01일 ~ 2024년 12월 31일
2023년 01월 01일 ~ 2023년 12월 31일
2022년 01월 01일 ~ 2022년 12월 31일
매출액
3,905,069,000,000
3,736,369,000,000
3,423,341,000,000
영업이익(손실)
1,433,000,000
12,548,000,000
-111,950,000,000
당기순이익(손실)
33,844,000,000
8,924,000,000
-60,134,000,000
[지배기업 소유주지분]
33,844,000,000
8,924,000,000
-60,134,000,000
[비지배지분]
-
-
-
- 기본주당순손실(원)
175
48
-1,068