이마트 / 2025.03.18 사업보고서
1. 요약재무정보
가. 요약연결재무정보
(단위 : 백만원)
구분
제14기
제13기
제12기
(2024년 12월 말)
(2023년 12월 말)
(2022년 12월 말)
[유동자산]
10,429,147
6,387,790
5,848,735
현금및현금성자산
1,775,057
1,771,233
1,269,147
매출채권 및 기타수취채권
1,587,302
1,807,613
1,664,519
재고자산
2,054,362
1,845,753
2,031,857
기타유동자산
5,012,426
963,191
883,212
[비유동자산]
23,501,492
27,056,076
27,352,987
관계기업 및 공동기업 투자
837,243
727,000
648,515
유형자산
9,730,939
10,042,427
10,344,550
무형자산
4,095,715
7,761,349
7,760,176
기타비유동자산
8,837,595
8,525,300
8,599,746
자산 총계
33,930,639
33,443,866
33,201,722
[유동부채]
10,804,133
10,373,854
9,941,710
[비유동부채]
9,942,430
9,235,781
9,776,650
부채 총계
20,746,563
19,609,635
19,718,360
지배기업의 소유지분
10,390,573
11,453,433
11,207,533
자본금
139,379
139,379
139,379
주식발행초과금
4,193,534
4,193,534
4,193,534
이익잉여금
4,638,428
5,358,574
5,691,337
기타자본항목
1,419,232
1,761,946
1,183,283
비지배주주지분
2,793,503
2,380,798
2,275,829
자본 총계
13,184,076
13,834,231
13,483,362
부채와 자본 총계
33,930,639
33,443,866
33,201,722
(2024.01.01 ~ 2024.12.31)
(2023.01.01 ~ 2023.12.31)
(2022.01.01 ~ 2022.12.31)
[매출액]
29,020,897
29,472,248
29,332,414
[영업이익]
47,098
-46,935
135,652
[당기순이익]
-573,430
-187,466
1,007,726
지배기업소유주지분
-590,019
-89,093
1,029,282
비지배주주지분
16,589
-98,373
-21,556
[지배기업 지분에 대한 주당순이익]
기본주당순이익
-22,240원
-3,864원
37,528원
희석주당순이익
-22,240원
-3,864원
37,528원
연결에 포함된 회사수
당사포함 61개
당사포함 51개
당사포함 51개
※ 한국채택국제회계기준(K-IFRS)에 따라 작성되었습니다.
나. 요약별도재무정보
구분
제14기
제13기
제12기
(2024년 12월 말)
(2023년 12월 말)
(2022년 12월 말)
[유동자산]
1,949,235
2,366,470
2,106,824
현금및현금성자산
42,012
170,342
13,869
매출채권 및 기타수취채권
417,278
522,987
534,490
재고자산
1,200,762
1,084,591
1,170,222
기타유동자산
289,183
588,550
388,243
[비유동자산]
17,706,417
17,760,566
18,022,963
종속기업, 관계기업 및 공동기업 투자
7,325,474
7,997,249
7,911,941
유형자산
6,709,238
6,734,963
7,038,422
무형자산
301,619
165,331
64,400
기타비유동자산
3,370,086
2,863,023
3,008,200
자산 총계
19,655,652
20,127,036
20,129,787
[유동부채]
5,167,155
4,515,689
5,027,878
[비유동부채]
5,341,669
5,149,845
4,680,851
부채 총계
10,508,824
9,665,534
9,708,729
자본금
139,379
139,379
139,379
주식발행초과금
4,193,534
4,193,534
4,193,534
이익잉여금
4,164,016
5,232,557
5,168,031
기타자본항목
649,899
896,032
920,114
자본 총계
9,146,828
10,461,502
10,421,058
부채와 자본 총계
19,655,652
20,127,036
20,129,787
종속 관계 공동기업
투자주식의 평가방법
원가법
원가법
원가법
(2024.01.01 ~ 2024.12.31)
(2023.01.01 ~ 2023.12.31)
(2022.01.01 ~ 2022.12.31)
[매출액]
15,569,632
15,141,873
15,486,824
[영업이익]
121,831
187,951
258,856
[당기순이익]
-948,853
258,790
1,050,710
기본주당순이익
-35,635원
9,122원
38,320원
희석주당순이익
-35,635원
9,122원
38,320원
※ 한국채택국제회계기준(K-IFRS)에 따라 작성되었습니다.