한국수출포장공업 / 2025.03.12 사업보고서
1. 요약재무정보
1. 요약 연결재무정보(K-IFRS적용)
(단위 : 원)
구분
제68기
제67기
제66기
(2024년12월말)
(2023년12월말)
(2022년12월말)
Ⅰ. 유동자산
148,489,000,000
155,569,000,000
143,085,000,000
Ⅱ. 비유동자산
202,714,000,000
201,435,000,000
202,436,000,000
자산총계
351,203,000,000
357,004,000,000
345,521,000,000
Ⅰ. 유동부채
41,181,000,000
42,690,000,000
46,154,000,000
Ⅱ. 비유동부채
16,859,000,000
18,592,000,000
18,450,000,000
부채총계
58,040,000,000
61,282,000,000
64,604,000,000
Ⅰ. 자본금
20,000,000,000
20,000,000,000
20,000,000,000
Ⅲ. 이익잉여금
263,229,000,000
262,877,000,000
246,864,000,000
자본총계
293,163,000,000
295,722,000,000
280,917,000,000
자본과부채총계
351,203,000,000
357,004,000,000
345,521,000,000
(2024.01.01 ~ 2024.12.31)
(2023.01.01 ~ 2023.12.31)
(2022.01.01 ~ 2022.12.31)
매출액
301,761,000,000
312,304,000,000
341,420,000,000
영업이익(손실)
(586,000,000)
22,881,000,000
25,703,000,000
연결총당기순이익(손실)
3,395,000,000
19,042,000,000
20,317,000,000
총포괄손익
3,421,000,000
19,001,000,000
20,238,000,000
주당순이익(원)
91
498
531
연결에 포함된 회사수
1개
1개
1개
2. 요약 재무정보(K-IFRS적용)
(단위 : 원)
구분
제68기
제67기
제66기
(2024년12월말)
(2023년12월말)
(2022년12월말)
자산총계
345,028,000,000
350,993,000,000
339,571,000,000
부채총계
57,413,000,000
60,662,000,000
63,824,000,000
자본총계
287,615,000,000
290,331,000,000
275,747,000,000
자본과부채총계
345,028,000,000
350,993,000,000
339,571,000,000
(2024.01.01 ~ 2024.12.31)
(2023.01.01 ~ 2023.12.31)
(2022.01.01 ~ 2022.12.31)
매출액
297,919,000,000
307,896,000,000
336,658,000,000
영업이익(손실)
(766,000,000)
22,665,000,000
25,257,000,000
당기순이익(손실)
3,225,000,000
18,854,000,000
20,002,000,000
총포괄손익
3,264,000,000
18,780,000,000
19,916,000,000
주당순이익(원)
86
494
523