제일기획 / 2025.03.11 사업보고서
1. 요약재무정보
가. 요약연결재무정보
(단위 : 원)
구분
제52기
(2024년 12월말)
제51기
(2023년 12월말)
제50기
(2022년 12월말)
[유동자산]
2,723,978,000,000
2,372,420,000,000
2,193,979,000,000
[비유동자산]
582,572,000,000
517,085,000,000
557,466,000,000
자산총계
3,306,550,000,000
2,889,505,000,000
2,751,445,000,000
[유동부채]
1,564,857,000,000
1,375,034,000,000
1,335,642,000,000
[비유동부채]
267,660,000,000
216,707,000,000
194,373,000,000
부채총계
1,832,517,000,000
1,591,741,000,000
1,530,015,000,000
[자본금]
23,008,000,000
23,008,000,000
23,008,000,000
[이익잉여금]
1,587,141,000,000
1,503,141,000,000
1,440,648,000,000
[비지배지분]
16,037,000,000
11,206,000,000
9,388,000,000
자본총계
1,474,033,000,000
1,297,764,000,000
1,221,430,000,000
(2024.01.01 ~ 2024.12.31)
(2023.01.01 ~ 2023.12.31)
(2022.01.01 ~ 2022.12.31)
영업수익
4,344,257,000,000
4,138,275,000,000
4,253,367,000,000
영업이익
320,721,000,000
307,523,000,000
311,413,000,000
연결 당기순이익
208,343,000,000
190,122,000,000
195,834,000,000
기본주당순이익
2,049
1,849
1,913
연결에 포함된 회사수
91개
90개
96개
※ 상기 요약연결재무정보는 한국채택국제회계기준으로 작성 되었습니다.