인화정공 / 2025.03.17 사업보고서
1. 요약재무정보
1) 요약 연결 재무정보
(단위:원)
구분
제26기(2024년말)
제25기(2023년말)
제24기(2022년말)
자산총계
430,256,705,838
319,190,610,926
340,721,710,467
부채총계
170,331,948,275
150,505,493,360
170,371,104,528
자본총계
259,924,757,563
168,685,117,566
170,350,605,939
매출액
92,784,009,378
103,951,073,738
107,304,356,811
영업이익
10,261,098,402
4,885,929,293
8,425,026,072
당기순이익
40,023,170,310
2,495,128,905
(10,771,026,339)
주당순이익(원)
4,187
270
(1,156)

2) 요약 재무정보
(단위:원)
구분
제26기(2024년말)
제25기(2023년말)
제24기(2022년말)
자산총계
432,867,472,579
324,616,084,999
302,506,955,462
부채총계
148,266,359,900
128,677,053,936
110,961,325,780
자본총계
284,601,112,679
195,939,031,063
191,545,629,682
매출액
80,173,980,936
71,883,562,953
74,140,078,861
영업이익
11,330,328,804
5,192,014,785
5,555,630,160
당기순이익
37,337,835,771
7,788,111,957
12,394,016,029
주당순이익(원)
3,906
841
1,330