넥슨게임즈 / 2025.03.20 사업보고서
1. 요약재무정보
가. 요약 연결재무정보
(단위 : 원)
과 목
제10기
제9기
제8기
(2024년 12월말)
(2023년 12월말)
(2022년 12월말)
자 산 총 계
487,204,948,999
366,887,049,837
325,549,405,707
부 채 총 계
174,498,507,346
104,042,716,903
88,500,616,331
자 본 총 계
312,706,441,653
262,844,332,934
237,048,789,376
(2024.01.01~ 2024.12.31)
(2023.01.01~ 2023.12.31)
(2022.01.01~ 2022.12.31)
영업수익
256,071,097,561
193,272,169,533
132,374,925,965
영업이익(손실)
38,733,545,039
12,013,961,586
5,155,194,997
법인세비용차감전순이익(손실)
43,765,240,294
15,737,377,012
6,149,773,032
연결당기순이익(손실)
31,444,036,124
11,294,417,814
6,048,041,788
지배기업의 소유주지분
31,442,404,782
11,294,219,950
6,047,732,872
비지배지분
1,631,342
197,864
308,916
당기총포괄이익(손실)
31,444,036,124
11,294,417,814
6,048,041,788
지배기업의 소유주지분
31,442,404,782
11,294,219,950
6,047,732,872
비지배지분
1,631,342
197,864
308,916
기본주당기순이익(손실)
492
177
110
희석주당기순이익(손실)
482
174
110