티웨이항공 / 2025.03.21 사업보고서
1. 요약재무정보
가. 요약연결재무정보
(단위 : 원)
구분
2024년
2023년
2022년
제22기
제21기
제20기
회계처리기준
K-IFRS
K-IFRS
K-IFRS
감사인(감사의견)
삼일(적정)
삼일(적정)
대성삼경(적정)
[유동자산]
440,713,000,000
454,129,000,000
240,568,000,000
[비유동자산]
1,121,737,000,000
829,744,000,000
801,928,000,000
자산총계
1,562,450,000,000
1,283,873,000,000
1,042,496,000,000
[유동부채]
584,872,000,000
465,369,000,000
411,247,000,000
[비유동부채]
895,296,000,000
661,362,000,000
571,846,000,000
부채총계
1,480,168,000,000
1,126,731,000,000
983,093,000,000
[자본금]
107,689,000,000
105,163,000,000
96,089,000,000
[이익잉여금(결손금)]
(69,318,000,000)
(296,190,000,000)
(384,591,000,000)
자본총계
82,282,000,000
157,142,000,000
59,403,000,000
매출액
1,536,780,000,000
1,348,759,000,000
525,821,000,000
영업이익(손실)
(12,271,000,000)
139,412,000,000
(103,930,000,000)
당기순이익(손실)
(65,878,000,000)
99,132,000,000
(118,672,000,000)
총포괄손익
(74,860,000,000)
85,863,000,000
(108,343,000,000)
기본주당순이익(주당순손실)
(309)
506
(828)
주1) 연결재무제표의 연결에 포함된 회사의 내역은 다음과 같습니다.
사업연도
연결에
포함된 회사명
전기대비 연결에 추가된 회사명
전기대비 연결에서 제외된 회사명
2024년도(제22기)
㈜티웨이에어서비스
-
-