롯데지주 / 2025.06.20 [정정] 사업보고서
1. 요약재무정보
가. 연결재무상태표
(단위:원)
구분
제58기
제57기
제56기
(2024년 12월 말)
(2023년 12월 말)
(2022년 12월 말)
자산총계
22,660,277,693,897
23,160,430,746,458
22,175,416,666,050
부채총계
13,460,513,348,442
13,487,589,138,957
12,409,157,931,313
[자본금]
21,142,968,000
21,142,968,000
21,142,968,000
[이익잉여금]
3,787,124,026,370
4,976,441,921,291
5,215,185,137,551
[비지배지분]
2,954,730,880,344
2,823,744,262,867
2,651,079,586,104
자본총계
9,199,764,345,455
9,672,841,607,501
9,766,258,734,737
나. 연결포괄손익계산서
(단위:원)
구분
제58기
제57기
제56기
(2024.01.01~2024.12.31)
(2023.01.01~2023.12.31)
(2022.01.01~2022.12.31)
매출
15,756,975,627,179
15,159,775,895,639
14,111,852,309,175
영업이익
340,468,760,521
493,689,284,141
489,830,602,915
당기순이익(손실)
(946,077,909,988)
163,660,188,554
336,571,001,704
총포괄이익(손실)
(663,926,398,048)
12,078,877,927
362,812,301,757
보통주 기본주당이익
(14,389)
(215)
2,387
우선주 기본주당이익
(14,339)
(165)
2,437
보통주 희석주당이익
(14,389)
(215)
2,387
우선주 희석주당이익
(14,339)
(165)
2,437