에이치엘사이언스 / 2025.03.18 사업보고서
1. 요약재무정보
가. 요약 연결재무제표
(단위 : 원)
구분
제25기
제24기
제23기
(2024년 12월말)
(2023년 12월말)
(2022년 12월말)
[유동자산]
33,187,045,609,000
38,864,799,075,000
37,235,502,846,000
ㆍ현금및현금성자산
16,231,450,692,000
2,316,059,281,000
3,619,027,257,000
자산총계
97,778,172,911,000
105,969,071,128,000
108,817,578,579,000
[유동부채]
1,989,518,795,000
3,243,664,005,000
3,842,334,107,000
[비유동부채]
1,162,000,000,000
132,000,000,000
673,403,482,000
부채총계
3,151,518,795,000
3,375,664,005,000
4,515,737,589,000
[자본금]
2,696,057,500,000
2,696,057,500,000
2,696,057,500,000
[이익잉여금]
71,423,679,415,000
79,300,754,842,000
80,677,416,590,000
[비지배지분]
82,362,297,000
172,039,877,000
86,722,093,000
자본총계
94,626,654,116,000
102,593,407,123,000
104,301,840,990,000
구분
(2024.1월~12월말)
(2023.1월~12월말)
(2022.1월~12월말)
매출액
17,664,168,768,000
25,587,457,016,000
52,758,204,961,000
영업이익(손실)
(9,859,262,203,000)
(4,692,442,893,000)
(603,657,954,000)
당기순이익(손실)
(7,966,187,665,000)
(1,391,182,447,000)
1,530,197,115,000
총포괄이익(손실)
(7,966,187,665,000)
(1,391,182,447,000)
1,530,197,115,000
구분
제25기
제24기
제23기
(2024년 12월말)
(2023년 12월말)
(2022년 12월말)
기본주당순이익(손실)
(1,547)
(270)
304
총포괄이익(손실)
(7,966,187,665,000)
(1,391,182,447,000)
1,530,197,115,000