소룩스 / 2025.03.18 사업보고서
1. 요약재무정보
(단위 : 원)
구분
2024년
(제29기)
2023년
(제28기)
2022년
(제27기)
1. 유동자산
24,528,882,834
47,846,798,516
29,648,327,383
(1) 당좌자산
22,447,142,733
45,686,734,303
26,887,852,294
(2) 재고자산
2,081,740,101
2,160,064,213
2,760,475,089
2. 비유동자산
92,772,642,041
112,320,555,713
38,762,398,054
(1) 투자자산
60,193,971,704
69,030,041,911
11,727,143,140
(2) 유형자산
29,352,396,540
29,989,052,687
17,398,725,340
(3) 무형자산
1,163,231,882
1,123,208,081
1,197,308,487
(4) 기타비유동자산
2,063,041,915
12,178,253,034
8,439,221,087
자산총계
117,301,524,875
160,167,354,229
68,410,725,437
1. 유동부채
25,629,173,405
83,117,843,285
23,852,496,188
2. 비유동부채
13,337,605,125
14,628,184,425
1,218,901,071
부채총계
38,966,778,530
97,746,027,710
25,071,397,259
1. 자본금
23,852,692,500
14,649,075,000
825,684,300
2. 자본잉여금
65,758,255,070
19,703,639,203
19,349,302,380
3. 자본조정
2,057,878,633
530,025,153
334,332,225
4. 기타포괄손익누계액
11,851,264,026
11,749,610,555
(69,013,396)
5. 이익잉여금
(25,185,343,884)
15,788,976,608
22,899,022,669
자본총계
78,334,746,345
62,421,326,519
43,339,328,178
종속.관계.공동기업 투자주식의 평가 방법
지분법
지분법
지분법
구분
2024.01.01~ 2024.12.31
2023.01.01~ 2023.12.31
2022.01.01~ 2022.12.31
매출액
50,689,386,299
59,827,801,602
55,896,292,167
영업이익(손실)
(6,618,788,188)
515,597,483
(4,321,420,711)
당기순이익(손실)
(40,974,320,492)
(6,697,203,911)
(4,331,337,827)
기본주당이익(손실)
(1,098)
(247)
(175)
희석주당이익(손실)
(1,098)
(247)
(175)