로보로보 / 2025.03.14 사업보고서
1. 요약재무정보
가. 요약연결재무정보
(단위 : 원)
제10기
제9기
제8기
(2024년 12월말)
(2023년 12월말)
(2022년 12월말)
[유동자산]
16,958,700,000,000
17,005,451,000,000
15,722,890,000,000
현금및현금성자산
1,690,506,000,000
1,185,711,000,000
2,094,178,000,000
[비유동자산]
16,442,357,000,000
16,284,787,000,000
15,941,974,000,000
자산총계
33,401,057,000,000
33,290,239,000,000
31,664,864,000,000
[유동부채]
2,244,305,000,000
2,117,794,000,000
2,056,236,000,000
[비유동부채]
107,120,000,000
148,607,000,000
67,264,000,000
부채총계
2,351,425,000,000
2,266,401,000,000
2,123,500,000,000
[자본금]
2,034,845,000,000
2,034,845,000,000
2,034,845,000,000
[이익잉여금]
8,834,899,000,000
9,225,067,000,000
7,837,215,000,000
[기타포괄손익누계액]
(342,258,000,000)
(615,343,000,000)
(615,343,000,000)
[소수주주지분]
63,272,000,000
63,181,000,000
30,306,000,000
자본총계
31,049,633,000,000
31,023,837,000,000
29,541,364,000,000
관계기업 투자주식의 평가방법
지분법
지분법
지분법
(2024.1.1~
2024.12.31)
(2023.1.1~
2023.12.31)
(2022.1.1~
2022.12.31)
매출액
13,494,458,000,000
14,261,192,000,000
11,863,068,000,000
영업이익(영업손실)
(1,535,516,000,000)
220,774,000,000
(181,934,000,000)
당기순이익(당기순손실)
(106,796,000,000)
1,420,727,000,000
(350,278,000,000)
지배회사지분순이익(손실)
(106,888,000,000)
1,387,851,000,000
(351,875,000,000)
기본주당순이익(손실)(단위:원)
(5)
69
(17)
희석주당순이익(손실)(단위:원)
(5)
69
(17)
연결에 포함된 회사수
4
4
4
[( )는 음(-)의 수치임]
(*) 상기 연결재무제표는 주주총회 승인전 연결재무제표 입니다. 향후 정기주주총회에서 연결재무 제표 승인 관련 안건이 부결되거나 수정이 발생한 경우 정정보고서를 통해 그 내용 및 사유 등을 반영할 예정입니다.
나. 요약재무정보
(단위 : 원)
제10기
제9기
제8기
(2024년 12월말)
(2023년 12월말)
(2022년 12월말)
[유동자산]
16,129,031,000,000
16,407,691,000,000
14,766,994,000,000
현금및현금성자산
1,259,660,000,000
830,920,000,000
1,212,068,000,000
[비유동자산]
16,724,112,000,000
16,340,031,000,000
16,570,190,000,000
자산총계
32,853,143,000,000
32,747,722,000,000
31,337,185,000,000
[유동부채]
1,781,737,000,000
1,678,376,000,000
1,762,315,000,000
[비유동부채]
85,046,000,000
108,689,000,000
63,811,000,000
부채총계
1,866,782,000,000
1,787,065,000,000
1,826,126,000,000
[자본금]
2,034,845,000,000
2,034,845,000,000
2,034,845,000,000
[이익잉여금]
8,583,364,000,000
8,973,532,000,000
7,585,680,000,000
[기타포괄손익누계액]
(342,258,000,000)
(615,343,000,000)
(615,343,000,000)
자본총계
30,986,360,000,000
30,960,656,000,000
29,511,058,000,000
종속,관계,공동기업 투자주식의 평가 방법
지분법
지분법
지분법
(2024.1.1~
2024.12.31)
(2023.1.1~
2023.12.31)
(2022.1.1~
2022.12.31)
매출액
8,937,753,000,000
10,387,422,000,000
7,852,364,000,000
영업이익(영업손실)
(1,195,920,000,000)
378,531,000,000
77,714,000,000
당기순이익(당기순손실)
(106,888,000,000)
1,387,851,000,000
(324,031,000,000)
기본주당순이익(손실)(단위:원)
(5)
69
(16)
희석주당순이익(손실)(단위:원)
(5)
69
(16)
[( )는 음(-)의 수치임]
(*) 상기 재무제표는 주주총회 승인전 재무제표 입니다. 향후 정기주주총회에서 재무제표 승인 관 련 안건이 부결되거나 수정이 발생한 경우 정정보고서를 통해 그 내용 및 사유 등을 반영할 예정입 니다.