네오크레마 / 2025.03.18 사업보고서
1. 요약재무정보
가. 요약 연결재무제표
(단위 : 원)
과목
2024년
(제18기)
2023년
(제17기)
2022년
(제16기)
회계처리기준
K-IFRS
K-IFRS
K-IFRS
[유동자산]
75,543,202,099
41,041,965,095
37,812,802,184
·당좌자산
57,447,564,939
32,873,256,817
30,409,410,636
·재고자산
16,643,151,954
7,253,890,972
6,088,186,796
·당기법인세 자산
109,303,590
161,737,875
-
·기타유동자산
1,343,181,616
753,079,431
1,314,947,472
[매각예정비유동자산]
-
6,580,724,016
-
[비유동자산]
102,794,802,304
23,513,594,511
39,505,719,231
·투자자산
16,015,140,944
9,520,657,882
18,727,179,667
·유형자산
50,479,364,788
12,589,689,308
20,194,648,233
·무형자산
30,766,681,519
939,857,022
358,810,898
·사용권자산
4,912,317,576
165,849,613
-
·기타비유동자산
621,297,477
297,540,686
225,080,433
자산총계
178,338,004,403
71,136,283,622
77,318,521,415
[유동부채]
19,477,920,275
30,672,898,617
27,868,336,784
[비유동부채]
15,838,716,455
1,601,912,316
1,762,311,021
부채총계
35,316,636,730
32,274,810,933
29,630,647,805
[지배지분]
70,789,533,610
38,861,472,689
47,687,873,610
·자본금
6,326,894,500
4,028,297,500
4,018,297,500
·자본잉여금
68,178,616,276
31,545,183,650
31,477,163,575
·기타자본
(8,018,187,979)
(908,297,783)
(863,617,708)
·기타포괄손익누계액
(5,673,978,561)
(5,191,046,840)
(1,289,181,069)
·이익잉여금
9,976,189,374
9,387,336,162
14,345,211,312
[비지배지분]
72,231,834,063
-
-
자본총계
143,021,367,673
38,861,472,689
47,687,873,610
종속·관계·공동기업 투자주식의 평가방법
원가법
원가법
원가법
(2024.01.01~ 2024.12.31)
(2023.01.01~ 2023.12.31)
(2022.01.01~ 2022.12.31)
매출액
40,313,599,873
24,866,771,855
26,702,893,112
영업이익
(690,734,776)
278,868,999
1,420,451,374
법인세비용차감전계속사업이익
702,751,034
(5,293,918,579)
(1,371,345,577)
당기순이익
930,237,096
(4,957,875,150)
(1,837,548,495)
주당순이익(원)
55
(623)
(230)
나. 요약 별도재무제표
(단위 : 원)
과목
2024년
(제18기)
2023년
(제17기)
2022년
(제16기)
회계처리기준
K-IFRS
K-IFRS
K-IFRS
[유동자산]
24,374,028,672
40,295,343,894
37,483,570,991
·당좌자산
17,187,884,578
32,169,447,863
30,080,436,723
·재고자산
6,665,960,246
7,253,890,972
6,088,186,796
·당기법인세 자산
79,900,230
159,949,115
-
·기타유동자산
440,283,618
712,055,944
1,314,947,472
[매각예정비유동자산]
-
6,580,724,016
-
[비유동자산]
67,815,188,021
23,973,291,151
41,248,838,798
·투자자산
50,257,167,202
9,983,011,533
20,695,379,667
·유형자산
11,821,472,321
12,587,236,461
20,194,648,233
·무형자산
974,773,079
939,652,858
358,810,898
·사용권자산
4,140,477,942
165,849,613
-
·기타비유동자산
621,297,477
297,540,686
-
자산총계
92,189,216,693
70,849,359,061
78,732,409,789
[유동부채]
8,890,307,039
30,408,772,582
27,868,336,784
[비유동부채]
7,734,320,575
1,564,947,774
1,867,182,588
부채총계
16,624,627,614
31,973,720,356
29,735,519,372
·자본금
6,326,894,500
4,028,297,500
4,018,297,500
·자본잉여금
68,178,616,276
31,545,183,650
31,477,163,575
·기타자본
(994,562,290)
(994,562,290)
(949,882,215)
·기타포괄손익누계액
(216,498,360)
(229,840,375)
(47,933,069)
·이익잉여금
2,270,138,953
4,526,560,220
14,499,244,626
자본총계
75,564,589,079
38,875,638,705
48,996,890,417
종속·관계·공동기업 투자주식의 평가방법
원가법
원가법
원가법
(2024.01.01~ 2024.12.31)
(2023.01.01~ 2023.12.31)
(2022.01.01~ 2022.12.31)
매출액
23,821,692,053
24,851,842,286
23,996,909,614
영업이익
(776,547,579)
635,189,955
1,550,053,431
법인세비용차감전계속사업이익
(2,245,615,080)
(10,308,727,835)
(1,485,064,133)
당기순이익
(2,256,421,267)
(9,972,684,406)
(1,946,389,901)
주당순이익(원)
(211)
(1,253)
(245)