예스24 / 2025.03.18 사업보고서
1. 요약재무정보
가. 요약연결재무정보
(단위 : 원)
계정과목
제 26 기
제 25 기
제 24 기
[유동자산]
106,903,000,000
108,282,000,000
98,214,000,000
- 현금및현금성자산
7,712,000,000
7,541,000,000
5,322,000,000
[비유동자산]
327,765,000,000
341,040,000,000
289,427,000,000
자산총계
434,668,000,000
449,322,000,000
387,641,000,000
[유동부채]
202,749,000,000
196,719,000,000
183,106,000,000
[비유동부채]
50,990,000,000
32,643,000,000
20,903,000,000
부채총계
253,739,000,000
229,362,000,000
204,009,000,000
[자본금]
12,500,000,000
12,500,000,000
12,500,000,000
[이익잉여금]
52,765,000,000
58,352,000,000
67,260,000,000
[비지배지분]
(178,000,000)
43,000,000
212,000,000
자본총계
180,929,000,000
219,960,000,000
183,632,000,000
부채와 자본총계
434,668,000,000
449,322,000,000
387,641,000,000
기간
2024년 1월~ 12월
2023년 1월~12월
2022년 1월~12월
매출액
671,143,000,000
657,116,000,000
663,497,000,000
영업이익
16,278,000,000
7,216,000,000
16,670,000,000
당기순이익
1,128,000,000
(4,207,000,000)
880,000,000
총포괄손실
(34,037,000,000)
41,324,000,000
(145,335,000,000)
주당순이익(원)
58
(145)
57