현대제철 / 2025.03.17 사업보고서
1. 요약재무정보
가. 연결재무정보
(단위 : 원)
구분
제60기
제59기
제58기
(2024년 12월 말)
(2023년 12월 말)
(2022년 12월 말)
[유동자산]
11,459,925,000,000
11,953,569,000,000
13,191,046,000,000
ㆍ현금 및 현금성자산
1,295,645,000,000
1,385,747,000,000
1,698,641,000,000
[비유동자산]
23,283,864,000,000
23,265,273,000,000
23,609,910,000,000
자산총계
34,743,788,000,000
35,218,842,000,000
36,800,956,000,000
[유동부채]
7,699,051,000,000
7,984,157,000,000
8,119,176,000,000
[비유동부채]
7,711,171,000,000
7,738,685,000,000
9,553,236,000,000
부채총계
15,410,223,000,000
15,722,842,000,000
17,672,413,000,000
[자본금]
667,229,000,000
667,229,000,000
667,229,000,000
[연결이익잉여금]
13,400,002,000,000
13,639,306,000,000
13,373,650,000,000
[비지배지분]
415,268,000,000
395,852,000,000
414,809,000,000
자본총계
19,333,565,000,000
19,496,000,000,000
19,128,543,000,000
기간
(2024.01.01 ~2024.12.31)
(2023.01.01 ~2023.12.31)
(2022.01.01 ~2022.12.31)
매출액
23,226,141,000,000
25,914,760,000,000
27,340,601,000,000
영업이익
159,492,000,000
798,325,000,000
1,616,457,000,000
연결당기순이익
8,814,000,000
442,983,000,000
1,038,193,000,000
지배회사지분순이익(손실)
(11,621,000,000)
461,194,000,000
1,017,589,000,000
연결주당순이익(손실)(원)
(88)
3,506
7,736
연결에 포함된 회사수
26개
27개
25개