에이피알 / 2025.03.21 사업보고서
1. 요약재무정보
가. 요약연결재무정보
(단위 : 원)
구분
제11기
제10기
제09기
2024년 12월말
2023년 12월말
2022년 12월말
[유동자산]
286,027,445,388
219,307,995,672
137,024,020,095
ㆍ현금및현금성자산
90,366,354,391
125,334,572,532
57,253,261,626
ㆍ매출채권및기타채권
47,947,406,079
23,005,221,709
21,070,155,714
ㆍ재고자산
109,745,676,962
56,520,972,365
50,460,161,074
ㆍ기타
37,968,007,956
14,447,229,066
8,240,441,681
[비유동자산]
279,116,117,799
68,001,492,571
46,106,919,538
ㆍ기타비유동금융자산
33,606,731,961
11,851,640,591
6,686,564,078
ㆍ유형자산
51,364,428,813
14,188,421,514
8,776,936,033
ㆍ사용권자산
114,155,807,993
16,097,158,675
16,046,761,157
ㆍ무형자산
5,632,651,682
4,102,330,070
2,105,886,103
ㆍ기타
74,356,497,350
21,761,941,721
12,490,772,167
자산총계
565,143,563,187
287,309,488,243
183,130,939,633
[유동부채]
145,136,758,580
82,296,421,377
76,266,539,341
[비유동부채]
96,482,730,617
8,064,198,088
7,598,088,754
부채총계
241,619,489,197
90,360,619,465
83,864,628,095
[지배기업소유주지분]
323,524,073,990
196,948,868,778
99,266,311,538
[자본금]
3,812,589,000
3,637,689,000
3,592,604,000
[기타불입자본]
76,846,523,149
61,090,126,022
52,142,603,182
[기타자본]
12,700,744,497
7,905,337,847
670,133,075
[기타포괄손익누계액]
1,072,011,419
611,288,220
522,402,509
[이익잉여금]
229,092,205,925
123,704,427,689
42,338,568,772
[비지배지분]
-
-
-
자본총계
323,524,073,990
196,948,868,778
99,266,311,538
2024년 1월 1일 ~ 2024년 12월 31일
2023년 1월 1일 ~ 2023년 12월 31일
2022년 1월 1일 ~ 2022년 12월 31일
매출액
722,753,862,301
523,809,364,559
397,698,119,336
영업이익
122,705,544,449
104,193,724,865
39,228,479,397
법인세비용차감전순이익
133,300,687,869
105,823,349,827
39,204,580,281
당기순이익
107,590,435,967
81,546,050,952
28,962,993,115
지배기업소유주지분
107,590,435,967
81,546,050,952
28,962,993,115
비지배지분
-
-
-
보통주 기본주당순이익
2,875
2,249
816
보통주 희석주당순이익
2,819
2,219
814
연결에 포함된 회사 수
13
13
11
(주1) 연결에 포함된 회사 수는 각 기말 현재 기준 연결대상 기업 수 입니다.
나. 요약별도재무정보
(단위 : 원)
구분
제11기
제10기
제09기
2024년 12월말
2023년 12월말
2022년 12월말
[유동자산]
269,988,594,707
205,901,944,773
129,147,344,520
ㆍ현금및현금성자산
38,755,145,095
115,615,960,074
48,453,333,325
ㆍ매출채권및기타채권
85,051,725,849
21,798,032,288
23,101,592,020
ㆍ재고자산
100,932,986,583
55,323,639,010
50,460,161,074
ㆍ기타
45,248,737,180
13,164,313,401
7,132,258,101
[비유동자산]
258,810,080,766
69,496,212,046
51,242,470,680
ㆍ종속기업투자
34,987,428,966
11,112,598,667
7,827,291,622
ㆍ기타비유동금융자산
32,608,211,110
11,188,606,341
6,258,553,218
ㆍ유형자산
16,595,554,747
8,387,701,849
8,402,955,708
ㆍ사용권자산
96,455,542,951
13,134,322,656
14,503,419,983
ㆍ무형자산
5,746,657,820
4,161,090,674
1,989,391,302
ㆍ기타
72,416,685,172
21,511,891,859
12,260,858,847
자산총계
528,798,675,473
275,398,156,819
180,389,815,200
[유동부채]
122,070,196,766
69,780,643,604
72,450,197,497
[비유동부채]
82,177,585,831
7,257,162,995
7,602,487,885
부채총계
204,247,782,597
77,037,806,599
80,052,685,382
[자본금]
3,812,589,000
3,637,689,000
3,592,604,000
[기타불입자본]
76,585,903,467
60,829,506,340
51,881,983,500
[기타자본]
12,700,744,497
7,905,337,847
670,133,075
[기타포괄손익누계액]
1,393,241,262
841,279,582
838,323,914
[이익잉여금]
230,058,414,650
125,146,537,451
43,354,085,329
자본총계
324,550,892,876
198,360,350,220
100,337,129,818
종속ㆍ관계ㆍ공동기업 투자주식의 평가방법
지분법
공정가치법
지분법
공정가치법
지분법
공정가치법
2024년 1월 1일 ~ 2024년 12월 31일
2023년 1월 1일 ~ 2023년 12월 31일
2022년 1월 1일 ~ 2022년 12월 31일
매출액
723,000,956,467
524,059,049,705
398,593,142,555
영업이익
118,397,992,536
104,946,370,008
43,612,419,759
법인세비용차감전순이익
133,296,858,310
105,749,260,135
37,483,906,623
당기순이익
107,095,062,027
81,918,896,094
27,450,916,296
보통주기본주당순이익
2,862
2,259
774
보통주희석주당순이익
2,806
2,229
772