쎄트렉아이 / 2025.03.17 사업보고서
1. 요약재무정보
가. 요약연결재무정보
(단위 : 원)
구분
제26기
제25기
제24기
2024년 12월말
2023년 12월말
2022년 12월말
자산총계
446,984,592,737
313,827,961,191
258,780,306,615
부채총계
222,962,870,782
95,572,165,701
137,614,754,857
자본금
5,475,639,000
5,475,639,000
4,542,803,500
이익잉여금
91,747,568,503
85,480,009,568
42,324,705,809
비지배지분
(11,746,893,493)
399,843,876
267,060,180
자본총계
224,021,721,955
218,255,795,490
121,165,551,758
2024년 1월~12월
2023년 1월~12월
2022년 1월~12월
매출액
171,279,451,654
125,433,494,958
91,357,563,655
영업이익
(3,072,159,411)
(4,353,750,903)
(7,728,225,536)
당기순이익
6,249,303,506
41,465,966,732
(2,809,411,045)
총포괄손익
6,249,303,506
41,982,096,763
(2,809,411,045)
기본주당이익
722
4,784
(252)
희석주당이익
722
3,287
(693)