HD현대마린엔진 / 2025.03.17 사업보고서
1. 요약재무정보
가. 요약연결재무정보
(단위 : 원)
사업연도
제24기
제23기
제22기
구분
(2024년 12월 말)
(2023년 12월 말)
(2022년 12월 말)
[유동자산]
230,886,000,000
196,470,000,000
165,007,000,000
[비유동자산]
201,077,000,000
257,544,000,000
251,197,000,000
자산총계
494,963,000,000
454,014,000,000
416,291,000,000
[유동부채]
180,909,000,000
206,643,000,000
184,790,000,000
[비유동부채]
4,680,000,000
21,995,000,000
39,365,000,000
부채총계
185,589,000,000
228,638,000,000
224,155,000,000
[자본금]
84,804,000,000
71,382,000,000
70,953,000,000
[이익잉여금]
130,299,000,000
55,395,000,000
24,173,000,000
자본총계
309,374,000,000
225,376,000,000
192,136,000,000
2024.01.01~ 2024.12.31
2023.01.01~ 2023.12.31
2022.01.01~ 2022.12.31
매출액
315,794,000,000
244,368,000,000
177,461,000,000
영업이익(영업손실)
33,194,000,000
18,379,000,000
11,121,000,000
당기순이익(당기순손실)
75,775,000,000
31,642,000,000
14,144,000,000
기본주당순이익(순손실)(단위 :원)
2,459
1,108
499
희석주당순이익(순손실)(단위 :원)
2,459
1,108
499