벽산 / 2025.03.21 사업보고서
1. 요약재무정보
가. 요약연결재무정보
(단위 : 원)
구분
제54기
제53기
제52기
2024.12.31
2023.12.31
2022.12.31
[유동자산]
268,044,000,000
247,207,000,000
249,903,000,000
ㆍ현금및현금성자산
22,515,000,000
32,253,000,000
89,346,000,000
ㆍ매출채권및기타유동채권
104,497,000,000
122,459,000,000
101,876,000,000
ㆍ기타유동금융자산
93,459,000,000
37,123,000,000
7,045,000,000
ㆍ기타유동자산
3,427,000,000
3,190,000,000
2,611,000,000
ㆍ재고자산
44,146,000,000
41,820,000,000
38,664,000,000
ㆍ매각예정비유동자산
-
10,361,000,000
10,361,000,000
[비유동자산]
372,240,000,000
373,220,000,000
351,917,000,000
ㆍ비유동금융자산
17,195,000,000
15,967,000,000
14,935,000,000
ㆍ장기매출채권및기타비유동채권
2,732,000,000
2,084,000,000
2,451,000,000
ㆍ유형자산
281,689,000,000
291,923,000,000
277,812,000,000
ㆍ사용권자산
3,352,000,000
8,238,000,000
3,012,000,000
ㆍ영업권
2,421,000,000
2,421,000,000
2,421,000,000
ㆍ영업권 이외의 무형자산
3,427,000,000
3,693,000,000
3,774,000,000
ㆍ투자부동산
57,367,000,000
46,371,000,000
45,115,000,000
ㆍ기타비유동자산
1,000,000,000
-
-
자산총계
640,284,000,000
620,427,000,000
601,820,000,000
[유동부채]
179,658,000,000
180,636,000,000
206,259,000,000
[비유동부채]
112,937,000,000
108,535,000,000
93,273,000,000
부채총계
292,596,000,000
289,171,000,000
299,532,000,000
[자본금]
34,280,000,000
34,280,000,000
34,280,000,000
[이익잉여금]
223,771,000,000
216,052,000,000
186,944,000,000
[비지배지분]
68,225,000,000
64,130,000,000
61,235,000,000
자본총계
347,688,000,000
331,256,000,000
302,288,000,000
2024.01.01~2024.12.31
2023.01.01~2023.12.31
2022.01.01~2022.12.31
수익(매출액)
643,093,000,000
620,720,000,000
519,886,000,000
영업이익(손실)
25,723,000,000
44,749,000,000
18,828,000,000
법인세비용차감전순이익(손실)
25,672,000,000
44,273,000,000
15,540,000,000
당기순이익(손실)
20,561,000,000
36,432,000,000
11,699,000,000
[지배기업지분]
16,235,000,000
33,290,000,000
9,935,000,000
[비지배지분]
4,326,000,000
3,142,000,000
1,764,000,000
총포괄손익
17,742,000,000
33,594,000,000
14,008,000,000
기본주당순이익(손실)
290
591
175
연결회사수
9
7
7