대교 / 2025.08.19 [정정] 사업보고서
1. 요약재무정보
가. 요약 연결 재무정보
(단위: 원)
과목
제38기
제37기
제36기
2024년 12월말
2023년 12월말
2022년 12월말
[유동자산]
140,668,654,797
126,528,020,752
125,924,567,674
ㆍ현금및현금성자산
60,805,635,018
43,371,033,740
29,681,413,152
자산총계
605,264,594,892
604,526,705,400
666,723,788,672
[유동부채]
214,689,849,481
211,336,839,429
176,442,427,157
[비유동부채]
77,326,403,557
84,664,749,821
85,891,221,639
부채총계
292,016,253,038
296,001,589,250
262,333,648,796
[지배기업의 소유주지분]
310,184,827,845
305,976,522,612
398,467,509,678
ㆍ자본금
52,064,920,000
52,064,920,000
52,064,920,000
ㆍ이익잉여금
306,398,472,428
288,455,802,078
375,275,317,511
[비지배지분]
3,063,514,009
2,548,593,538
5,922,630,198
자본총계
313,248,341,854
308,525,116,150
404,390,139,876
대상기간
2024년 1월 1일부터 2024년 12월 31일까지
2023년 1월 1일부터 2023년 12월 31일까지
2022년 1월 1일부터 2022년 12월 31일까지
매출액
663,501,743,801
656,216,984,016
679,042,781,110
영업손익
-1,562,689,521
-27,827,895,913
-50,761,986,645
당기순손익
4,036,525,923
-96,293,719,398
-136,174,498,275
지배회사지분순손익
649,020,242
-93,843,251,577
-134,080,246,605
기본주당순손익(원)
-56
-1,406
-1,991