제주항공 / 2025.03.18 사업보고서
1. 요약재무정보
가. 요약연결재무정보
(단위 : 원)
구분
제 20 기
제 19 기
제 18 기
2024년 12월말
2023년 12월말
2022년 12월말
[유동자산]
473,142,000,000
507,538,000,000
563,876,000,000
·현금및현금성자산
189,847,000,000
211,816,000,000
200,298,000,000
자산총계
1,998,507,000,000
1,980,894,000,000
1,644,675,000,000
[유동부채]
1,122,043,000,000
1,121,502,000,000
854,616,000,000
[비유동부채]
552,390,000,000
548,189,000,000
502,408,000,000
부채총계
1,674,433,000,000
1,669,691,000,000
1,357,024,000,000
[자본금]
80,641,000,000
80,641,000,000
76,994,000,000
[이익잉여금(결손금)]
89,152,000,000
Δ399,542,000,000
Δ502,122,000,000
[비지배지분]
0
0
0
자본총계
324,074,000,000
311,203,000,000
287,651,000,000
2024년 1월~12월
2023년 1월~12월
2022년 1월~12월
매출액
1,935,792,000,000
1,724,009,000,000
702,503,000,000
영업이익(손실)
79,912,000,000
169,792,000,000
Δ177,502,000,000
연결당기순이익(손실)
21,740,000,000
134,329,000,000
Δ179,674,000,000
기본주당순이익(손실)(단위:원)
247
1,650
Δ3,587

※ 한국채택국제회계기준 작성기준에 따라 작성되었습니다. [Δ는 부(-)의 수치임]