웨이비스 / 2025.03.18 사업보고서
1. 요약재무정보
(단위 : 원)
구분
제8기
제7기
제6기
2024년 12월말
2023년 12월말
2022년 12월말
자산총계
67,023,863,233,000
54,027,077,807,000
47,112,824,681,000
부채총계
33,399,603,523,000
37,190,225,125,000
57,415,347,441,000
자본총계
33,624,259,710,000
16,836,852,682,000
(10,302,522,760,000)
기간
2024.01.01~ 2024.12.31
2023.01.01~ 2023.12.31
2022.01.01~ 2022.12.31
매출액
29,395,539,959,000
16,889,541,506,000
4,737,674,379,000
영업이익(손실)
(4,858,390,502,000)
(9,520,135,941,000)
(14,192,121,383,000)
당기순이익(손실)
(5,534,774,677,000)
(15,019,485,761,000)
(15,992,227,912,000)
주당순이익(손실)
(495)
(1,716)
(1,946)