대호에이엘 / 2025.07.11 [정정] 사업보고서
1. 요약재무정보
요약재무정보
(단위 : 원)
구분
제23기
제22기
제21기
[유동자산]
84,921,704,990
82,785,333,809
89,445,393,799
ㆍ현금및현금성자산
29,524,438,982
33,500,466,687
35,940,823,853
ㆍ매출채권 및 기타채권
16,711,468,580
18,494,000,068
21,005,326,421
ㆍ기타금융자산
-
-
277,779,258
ㆍ재고자산
38,175,218,459
29,962,278,596
28,847,376,281
ㆍ당기법인세자산
123,605,550
152,912,834
-
ㆍ기타유동자산
386,973,419
675,675,624
742,997,986
ㆍ매각예정자산
-
-
2,631,090,000
[비유동자산]
65,242,504,043
63,092,346,012
64,097,303,077
ㆍ기타채권
1,512,363,917
1,274,096,340
1,728,831,299
ㆍ기타금융자산
10,949,328,713
10,791,224,047
10,859,401,149
ㆍ유형자산
51,265,712,368
45,450,996,493
43,939,686,724
ㆍ무형자산
1,467,315,522
1,290,845,939
2,948,581,284
ㆍ투자부동산
-
4,089,918,277
4,177,804,840
ㆍ이연법인세자산
-
-
-
ㆍ기타비유동자산
-
38,859,708
77,719,416
ㆍ사용권자산
47,783,523
156,405,208
365,278,365
자산총계
150,164,209,033
145,877,679,821
153,542,696,876
[유동부채]
47,475,026,492
43,967,957,322
73,769,193,265
[비유동부채]
8,006,671,398
7,182,379,718
6,892,784,281
부채총계
55,481,697,890
51,150,337,040
80,661,977,546
[지배지분]
94,682,511,143
94,727,342,781
72,880,719,330
ㆍ자본금
33,892,088,500
33,772,448,000
26,001,759,500
ㆍ주식발행초과금
49,878,507,450
49,727,524,308
35,149,026,204
ㆍ자기주식
Δ101,441,444
Δ101,441,444
Δ101,441,444
ㆍ이익잉여금
370,424,692
108,837,382
Δ2,141,720,341
ㆍ기타자본
10,642,931,945
11,219,974,535
13,973,095,411
[비지배지분]
-
-
-
자본총계
94,682,511,143
94,727,342,781
72,880,719,330
[매출액]
168,532,831,254
181,568,717,221
174,036,740,741
[영업이익(Δ손실)]
5,826,923,476
8,359,024,150
9,340,386,983
[법인세차감전순손익]
1,533,726,591
3,934,251,794
6,655,899,866
[당기순이익(Δ손실)]
1,395,116,723
3,485,683,671
5,924,964,090
[기타포괄손익]
831,607,082
Δ1,700,429,398
Δ6,571,317,886
[총포괄손익]
563,509,641
1,785,254,273
Δ646,353,796
[지배기업소유지분당기순손익]
1,395,116,723
3,485,683,671
5,924,964,090
[지배기업소유지분총포괄손익]
563,509,641
1,785,254,273
Δ646,353,796
[기본주당손익]
21
52
114
[Δ는 부(-)의 수치임]
* 상기제23기, 22기, 21기 재무정보는 외부감사인으로 부터 감사 및 검토 받은 재무
정보 입니다.