AJ네트웍스 / 2021.03.23 [정정] 사업보고서
1. 요약재무정보
<요약 연결재무제표>
(단위 : 원)
구분
제 21기
제 20 기
제 19 기
유동자산
248,555,402,608
476,863,739,688
268,758,383,637
현금및현금성자산
69,806,738,399
122,986,211,759
53,509,862,897
자산총계
1,588,170,350,000
1,803,255,225,986
2,575,139,461,359
유동부채
708,897,436,727
796,837,082,029
1,609,070,172,105
비유동부채
591,265,103,167
659,076,988,337
474,261,316,507
부채총계
1,300,162,539,894
1,455,914,070,366
2,083,331,488,612
자본금
46,822,295,000
46,822,295,000
46,822,295,000
이익잉여금(결손금)
180,625,164,088
198,771,796,598
157,174,672,951
비지배지분
2,913,293,254
28,856,800,193
204,720,573,046
자본총계
288,007,810,106
347,341,155,620
491,807,972,747
종속관계공동기업투자주식의평가방법
지분법평가
지분법평가
지분법평가
연결에 포함된 회사수
36
53
46
구분
(2020.01.01~2020.12.31)
(2019.01.01~2019.12.31)
(2018.01.01~2018.12.31)
영업수익
1,017,050,375,182
1,000,259,401,598
1,045,526,121,935
영업이익(손실)
22,952,778,020
15,649,322,684
(21,236,052,082)
법인세비용차감전순이익(손실)
(2,244,441,894)
107,048,170,172
(49,408,471,511)
계속영업당기순이익(손실)
(4,854,277,887)
66,229,742,703
(55,653,678,808)
중단영업당기순이익(손실)
1,537,465,765
(24,101,148,345)
92,922,521,246
당기순이익(손실)
(3,316,812,122)
42,128,594,358
37,268,842,438
지배주주지분순손익
(3,920,665,619)
45,969,636,300
1,133,299,467
비지배주주지분순손익
603,853,497
(3,841,041,942)
36,135,542,971
계속영업주당이익(손실)
(111)
1,474
(1,229)
중단영업주당이익(손실)
25
(492)
1,253