AJ네트웍스 / 2025.03.25 [정정] 사업보고서
1. 요약재무정보
[요약 연결재무제표]
(단위 : 원)
구분
제 25(당)기 기말
제 24(당)기 기말
제 23(전)기 기말
유동자산
304,434,525,487
303,255,111,295
301,533,703,715
비유동자산
1,381,384,440,192
1,318,902,230,583
1,153,869,637,949
자산총계
1,717,770,434,389
1,622,157,341,878
1,483,368,740,285
유동부채
631,018,876,833
675,267,840,653
814,364,855,406
비유동부채
642,401,812,211
527,237,691,535
281,730,690,009
부채총계
1,274,047,255,964
1,202,505,532,188
1,119,677,498,878
자본금
46,822,295,000
46,822,295,000
46,822,295,000
이익잉여금
254,974,475,763
245,359,592,683
246,588,278,108
비지배지분
607,184,590
434,147,613
329,941,714
자본총계
443,723,178,425
419,651,809,690
363,691,241,407
종속관계공동기업투자주식의평가방법
지분법평가
지분법평가
지분법평가
연결에 포함된 회사수
28
28
27
구분
(2024.01.01~ 2024.12.31)
(2023.01.01~ 2023.12.31)
(2022.01.01~ 2022.12.31)
영업수익
1,014,156,314,426
936,525,061,005
1,193,651,665,953
영업이익
72,790,207,643
78,472,288,742
76,418,662,736
법인세비용차감전순이익(손실)
27,869,842,632
28,966,441,393
26,135,109,650
당기순이익(손실)
21,600,800,986
16,472,354,950
8,667,178,478
지배주주지분순손익
21,751,670,090
16,524,620,610
8,893,534,062
비지배주주지분순손익
(150,869,104)
(52,265,660)
(226,355,584)
지배기업지분에 대한 주당순손익
485
367
199
지배기업지분에 대한 희석순손익
485
367
199