AJ네트웍스 / 2023.03.21 사업보고서
1. 요약재무정보
[요약 연결재무제표]
(단위 : 원)
구분
제 23(당)기 기말
제 22(전)기 기말
제 21(전전)기 기말
유동자산
301,469,589,101
273,912,905,377
248,555,402,608
비유동자산
1,151,946,269,415
1,081,131,544,578
1,233,483,716,249
자산총계
1,481,445,371,745
1,355,044,449,955
1,588,170,350,000
유동부채
814,364,855,406
525,176,778,325
661,160,443,861
비유동부채
281,612,720,386
467,357,583,512
591,265,103,167
부채총계
1,119,559,529,255
992,534,361,837
1,300,162,539,894
자본금
46,822,295,000
46,822,295,000
46,822,295,000
이익잉여금
244,834,019,461
247,924,996,406
180,625,164,088
비지배지분
329,037,475
1,009,199,717
2,913,293,254
자본총계
361,885,842,490
362,510,088,118
288,007,810,106
종속관계공동기업투자주식의평가방법
지분법평가
지분법평가
지분법평가
구분
(2022.01.01~ 2022.12.31)
(2021.01.01~ 2021.12.31)
(2020.01.01~ 2020.12.31)
영업수익
1,208,367,577,386
981,947,656,833
871,956,093,147
영업이익
75,447,386,515
48,071,717,838
21,089,140,851
당기순이익
8,769,534,380
76,737,133,075
(3,316,812,122)
지배주주지분순손익
8,996,333,372
76,791,575,252
(3,920,665,619)
지배기업지분에 대한 주당순손익
201
1,707
(86)