DB손해보험 / 2025.08.14 [정정] 사업보고서
1. 요약재무정보
가. 요약연결재무정보
(단위 : 원)
구 분
제58기
제 57기
제 56기
자 산 총 계
66,506,135,000,000
60,040,429,000,000
57,635,178,000,000
부 채 총 계
57,114,913,000,000
49,736,681,000,000
45,510,911,000,000
자 본 총 계
9,391,222,000,000
10,303,748,000,000
12,124,267,000,000
관계기업투자주식의 평가방법
지분법
지분법
지분법
영업수익
21,834,992,000,000
19,761,332,000,000
18,931,973,000,000
영업이익
2,424,926,000,000
2,234,998,000,000
2,726,047,000,000
법인세비용차감전순이익
2,436,992,000,000
2,255,821,000,000
2,699,575,000,000
당기순이익
1,853,217,000,000
1,742,379,000,000
2,039,482,000,000
총포괄이익
△ 626,714,000,000
1,530,066,000,000
4,234,415,000,000
지배주주기본 및 희석주당이익
30,838
28,955
33,874
연결에 포함된 회사수
120
109
103
나. 요약재무정보
(단위 : 원)
구 분
제 58기
제 57기
제 56기
자 산 총 계
52,858,941,000,000
48,513,528,000,000
45,112,739,000,000
부 채 총 계
44,442,942,000,000
39,837,978,000,000
35,889,315,000,000
자 본 총 계
8,415,999,000,000
8,675,550,000,000
9,223,424,000,000
종속·관계·공동기업투자주식의 평가방법
원가법
원가법
원가법
영업수익
18,830,838,000,000
17,783,913,000,000
16,915,074,000,000
영업이익
2,362,663,000,000
2,016,763,000,000
2,579,354,000,000
법인세비용차감전순이익
2,365,814,000,000
2,025,286,000,000
2,577,467,000,000
당기순이익
1,772,229,000,000
1,536,746,000,000
1,946,943,000,000
총포괄손익
58,679,000,000
1,500,999,000,000
3,008,241,000,000
기본및희석주당이익
29,516
25,594
32,426