DB손해보험 / 2022.03.17 사업보고서
1. 요약재무정보
가. 요약연결재무정보
(단위 : 원)
구 분
제 55기
제 54기
제 53기
(2021년 12월말)
(2020년 12월말)
(2019년 12월말)
자 산 총 계
64,751,603,000,000
60,054,421,000,000
55,780,035,000,000
부 채 총 계
58,019,134,000,000
53,559,522,000,000
49,638,077,000,000
자본총계
6,732,469,000,000
6,494,899,000,000
6,141,959,000,000
부채 및 자본총계
64,751,603,000,000
60,054,421,000,000
55,780,035,000,000
관계기업투자주식의 평가방법
지분법
지분법
지분법
영업수익
20,880,588,000,000
20,110,608,000,000
18,676,128,000,000
영업이익
1,108,401,000,000
722,260,000,000
504,804,000,000
법인세비용차감전순이익
1,175,519,000,000
742,278,000,000
517,507,000,000
당기순이익
872,920,000,000
554,497,000,000
377,082,000,000
지배주주지분 당기순이익
869,523,000,000
552,281,000,000
373,603,000,000
총포괄이익
373,105,000,000
642,087,000,000
983,717,000,000
지배주주지분 총포괄이익
370,111,000,000
648,032,000,000
973,425,000,000
지배주주기본 및 희석주당이익(단위:원)
14,482
9,063
5,902
연결에 포함된 회사수
102
94
80

나. 요약재무정보
(단위 : 원)
구 분
제 55기
제 54기
제 53기
(2021년 12월말)
(2020년 12월말)
(2019년 12월말)
자 산 총 계
51,188,048,000,000
47,124,331,000,000
43,667,047,000,000
부 채 총 계
44,939,395,000,000
41,060,251,000,000
37,946,382,000,000
자 본 총 계
6,248,653,000,000
6,064,080,000,000
5,720,665,000,000
부채및자본총계
51,188,048,000,000
47,124,331,000,000
43,667,047,000,000
종속·관계·공동기업투자주식의 평가방법
원가법
원가법
원가법
영업수익
18,142,359,000,000
17,265,559,000,000
16,065,730,000,000
영업이익
1,060,639,000,000
677,621,000,000
505,034,000,000
법인세비용차감전순이익
1,064,618,000,000
678,486,000,000
505,057,000,000
당기순이익
776,878,000,000
502,204,000,000
372,691,000,000
총포괄이익
316,668,000,000
561,199,000,000
936,081,000,000
기본및희석주당이익(단위:원)
12,939
8,241
5,888