ES큐브 / 2025.03.21 사업보고서
1. 요약재무정보
가. 요약연결재무정보
(단위 : 원)
구분
제47기
(감사받은 재무제표)
제46기
(감사받은 재무제표)
제45기
(감사받은 재무제표)
(2024년 12월말)
(2023년 12월말)
(2022년 12월말)
[유동자산]
26,261,494,000,000
34,543,555,000,000
41,310,246,000,000
현금및현금성자산
14,683,518,000,000
15,063,624,000,000
14,834,192,000,000
재고자산
5,894,324,000,000
9,619,884,000,000
18,031,755,000,000
[비유동자산]
64,149,412,000,000
53,249,441,000,000
80,395,168,000,000
관계기업투자
51,179,820,000,000
40,248,138,000,000
69,737,848,000,000
유형자산
7,990,580,000,000
7,836,312,000,000
8,142,209,000,000
무형자산
194,009,000,000
232,798,000,000
221,147,000,000
자산총계
90,410,906,000,000
87,792,997,000,000
121,705,413,000,000
[유동부채]
2,041,697,000,000
2,837,401,000,000
8,558,924,000,000
[비유동부채]
2,467,477,000,000
2,429,622,000,000
2,747,236,000,000
부채총계
4,509,175,000,000
5,267,023,000,000
11,306,160,000,000
[자본금]
69,092,016,000,000
69,092,016,000,000
69,092,016,000,000
[이익잉여금(결손금)]
(10,846,941,000,000)
(11,685,912,000,000)
16,264,211,000,000
[비지배기업 소유지분]
-
-
-
자본총계
85,901,731,000,000
82,525,974,000,000
110,399,253,000,000
(2024.01.01~2024.12.31)
(2023.01.01~2023.12.31)
(2022.01.01~2022.12.31)
매출액
16,172,076,000,000
63,333,993,000,000
75,213,652,000,000
영업이익(손실)
(3,743,000,000,000)
10,789,653,000,000
15,343,412,000,000
당기순이익(손실)
909,489,000,000
(27,938,425,000,000)
24,682,689,000,000
총포괄손익
3,375,758,000,000
(27,873,279,000,000)
24,386,987,000,000
주당순이익(손실)
68
(2,086)
1,918
연결에 포함된 회사수
당사포함 4개
당사포함 4개
당사포함 4개
※ 상기 요약연결재무정보는 한국채택국제회계기준(K-IFRS)에 따라 작성되었습니다.
나. 요약재무정보
(단위 : 원)
구분
제47(당)기
(감사받은 재무제표)
제46(전)기
(감사받은 재무제표)
제45(전전)기 (감사받은 재무제표)
(2024년 12월말)
(2023년 12월말)
(2022년 12월말)
[유동자산]
11,441,150,000,000
14,419,674,000,000
12,615,394,000,000
현금및현금성자산
6,794,489,000,000
6,604,716,000,000
5,000,497,000,000
[비유동자산]
81,842,474,000,000
77,472,526,000,000
64,712,150,000,000
종속기업투자
12,699,806,000,000
12,699,806,000,000
12,699,806,000,000
관계기업투자
63,560,468,000,000
58,560,473,000,000
47,897,402,000,000
유형자산
601,287,000,000
668,123,000,000
682,650,000,000
무형자산
194,009,000,000
232,798,000,000
221,147,000,000
자산총계
93,283,624,000,000
91,892,200,000,000
77,327,544,000,000
[유동부채]
2,439,639,000,000
5,194,006,000,000
5,217,262,000,000
[비유동부채]
1,032,567,000,000
896,660,000,000
1,032,661,000,000
부채총계
3,472,206,000,000
6,090,666,000,000
6,249,923,000,000
[자본금]
69,092,016,000,000
69,092,016,000,000
69,092,016,000,000
[이익잉여금(결손금)]
5,349,865,000,000
1,339,980,000,000
(13,383,933,000,000)
자본총계
89,811,418,000,000
85,801,534,000,000
71,077,621,000,000
(2024.01.01~2024.12.31)
(2023.01.01~2023.12.31)
(2022.01.01~2022.12.31)
매출액
11,595,815,000,000
42,494,509,000,000
52,850,390,000,000
영업이익
(1,761,483,000,000)
2,709,732,000,000
5,003,596,000,000
당기순이익
4,080,402,000,000
14,735,611,000,000
5,705,382,000,000
총포괄손익
4,009,884,000,000
14,723,913,000,000
5,780,000,000,000
주당순이익
305
1,100
426
※ 상기 요약재무정보는 한국채택국제회계기준(K-IFRS)에 따라 작성되었습니다.