ES큐브 / 2021.03.19 사업보고서
1. 요약재무정보
가. 요약연결재무정보
(단위 : 원)
구분
제43기
(감사받은 재무제표)
제42기
(감사받은 재무제표)
제41기
(감사받은 재무제표)
(2020년 12월말)
(2019년 12월말)
(2018년 12월말)
[유동자산]
322,209,018,000
359,030,693,000
45,061,626,000
ㆍ현금및현금성자산
11,045,332,000
111,347,468,000
26,730,206,000
ㆍ매출채권및기타채권
222,946,556,000
210,791,628,000
7,709,075,000
ㆍ재고자산
9,415,254,000
7,648,032,000
9,236,879,000
[비유동자산]
392,680,727,000
104,927,987,000
67,369,270,000
ㆍ유형자산
29,329,873,000
17,333,381,000
15,202,081,000
ㆍ무형자산
11,183,261,000
17,504,879,000
907,729,000
자산총계
714,889,745,000
463,958,680,000
112,430,896,000
[유동부채]
523,911,459,000
230,135,454,000
37,613,190,000
[비유동부채]
121,480,467,000
159,784,714,000
4,069,099,000
부채총계
645,391,926,000
389,920,168,000
41,682,289,000
[자본금]
69,092,016,000
42,815,711,000
41,621,527,000
[이익잉여금(결손금)]
(18,561,614,000)
6,015,932,000
21,719,605,000
[비지배기업 소유지분]
86,852,000
18,612,118,000
2,410,429,000
자본총계
69,497,819,000
74,038,512,000
70,748,607,000
(2020.01.01~2020.12.31)
(2019.01.01~2019.12.31)
(2018.01.01~2018.12.31)
매출액
80,672,425,000
43,708,239,000
33,763,508,000
영업이익(손실)
10,315,988,000
(2,617,071,000)
(1,211,129,000)
당기순이익(손실)
(25,292,140,000)
(13,767,748,000)
(6,121,462,000)
총포괄손익
(25,963,696,000)
(13,574,431,000)
(4,698,866,000)
주당순이익
(2,337)
(1,661)
(472)
연결에 포함된 회사수
당사포함 7개
당사포함 11개
당사포함 10개
※ 상기 연결재무정보는 한국채택국제회계기준(K-IFRS)에 따라 작성되었습니다.
※ 상기 재무제표는 정기주주총회 결과에 따라 변동될 가능성이 있습니다.
변경되거나 변동사항 발생시 정정보고서를 통해 공시할 예정입니다
※ 주당순이익은 보고기간종료일 이후 발생한 주식병합을 반영하여 재계산되었습니다.
나. 요약재무정보
(단위 : 원)
구분
제43기
(감사받은 재무제표)
제42기
(감사받은 재무제표)
제41기
(감사받은 재무제표)
(2020년 12월말)
(2019년 12월말)
(2018년 12월말)
[유동자산]
7,524,373,000
24,298,462,000
29,054,833,000
ㆍ현금및현금성자산
1,264,570,000
13,606,557,000
18,764,713,000
ㆍ매출채권및기타채권
4,757,814,000
9,153,237,000
9,467,377,000
ㆍ재고자산
640,650,000
468,610,000
560,371,000
[비유동자산]
74,471,015,000
111,767,027,000
79,426,931,000
ㆍ유형자산
553,920,000
10,576,511,000
10,880,733,000
ㆍ무형자산
28,198,000
20,771,000
546,900,000
자산총계
81,995,388,000
136,065,488,000
108,481,764,000
[유동부채]
8,346,341,000
54,789,915,000
37,696,219,000
[비유동부채]
699,433,000
27,289,243,000
4,266,914,000
부채총계
9,045,774,000
82,079,157,000
41,963,133,000
[자본금]
69,092,016,000
42,815,711,000
41,621,527,000
[이익잉여금]
(24,893,969,000)
4,184,768,000
19,157,733,000
자본총계
72,949,614,000
53,986,331,000
66,518,631,000
(2020.01.01~2020.12.31)
(2019.01.01~2019.12.31)
(2018.01.01~2018.12.31)
매출액
30,293,088,000
28,527,284,000
31,308,873,000
영업이익
1,452,732,000
587,700,000
691,469,000
당기순이익
(29,081,429,000)
(12,738,710,000)
(3,836,071,000)
총포괄손익
(29,078,737,000)
(12,977,243,000)
(2,891,510,000)
주당순이익
(2,765)
(1,571)
(463)
※ 상기 재무정보는 한국채택국제회계기준(K-IFRS)에 따라 작성되었습니다.
※ 상기 재무제표는 정기주주총회 결과에 따라 변동될 가능성이 있습니다.
변경되거나 변동사항 발생시 정정보고서를 통해 공시할 예정입니다
※ 주당순이익은 보고기간종료일 이후 발생한 주식병합을 반영하여 재계산되었습니다.