ES큐브 / 2024.03.20 사업보고서
1. 요약재무정보
가. 요약연결재무정보
(단위 : 원)
구분
제46기
(감사받은 재무제표)
제45기
(감사받은 재무제표)
제44기
(감사받은 재무제표)
(2023년 12월말)
(2022년 12월말)
(2021년 12월말)
[유동자산]
34,543,555,000,000
41,310,246,000,000
556,635,091,000,000
ㆍ현금및현금성자산
15,063,624,000,000
14,834,192,000,000
119,034,290,000,000
ㆍ매출채권및기타채권
8,912,861,000,000
7,481,389,000,000
351,723,686,000,000
ㆍ재고자산
9,619,884,000,000
18,031,755,000,000
13,382,975,000,000
[비유동자산]
53,249,441,000,000
80,395,168,000,000
526,096,965,000,000
ㆍ관계기업투자
40,248,138,000,000
69,737,848,000,000
-
ㆍ유형자산
7,836,312,000,000
8,142,209,000,000
33,186,069,000,000
ㆍ무형자산
232,798,000,000
221,147,000,000
12,739,931,000,000
자산총계
87,792,997,000,000
121,705,413,000,000
1,082,732,056,000,000
[유동부채]
2,837,401,000,000
8,558,924,000,000
957,088,370,000,000
[비유동부채]
2,429,622,000,000
2,747,236,000,000
9,788,492,000,000
부채총계
5,267,023,000,000
11,306,160,000,000
966,876,862,000,000
[자본금]
69,092,016,000,000
69,092,016,000,000
69,092,016,000,000
[이익잉여금(결손금)]
(11,685,912,000,000)
16,264,211,000,000
(9,499,449,000,000)
[비지배기업 소유지분]
-
-
30,849,280,000,000
자본총계
82,525,974,000,000
110,399,253,000,000
115,855,194,000,000
(2023.01.01~2023.12.31)
(2022.01.01~2022.12.31)
(2021.01.01~2021.12.31)
매출액
63,333,993,000,000
75,213,652,000,000
51,701,347,000,000
영업이익(손실)
10,789,653,000,000
15,343,412,000,000
6,787,419,000,000
당기순이익(손실)
(27,938,425,000,000)
24,682,689,000,000
5,375,801,000,000
총포괄손익
(27,873,279,000,000)
24,386,987,000,000
6,476,144,000,000
주당순이익
(2,086)원
1,918원
670원
연결에 포함된 회사수
당사포함 4개
당사포함 4개
당사포함 5개
※ 상기 요약연결재무정보는 한국채택국제회계기준(K-IFRS)에 따라 작성되었습니다.
나. 요약재무정보
(단위: 원)
구분
제46기
제45기
제44기
(감사받은 재무제표)
(감사받은 재무제표)
(감사받은 재무제표)
(2023년 12월말)
(2022년 12월말)
(2021년 12월말)
[유동자산]
14,419,674,000,000
12,615,394,000,000
11,457,013,000,000
ㆍ현금및현금성자산
6,604,716,000,000
5,000,497,000,000
3,649,973,000,000
ㆍ매출채권및기타채권
7,248,882,000,000
6,335,219,000,000
6,990,571,000,000
[비유동자산]
77,472,526,000,000
64,712,150,000,000
64,715,795,000,000
ㆍ관계기업투자
58,560,473,000,000
47,897,402,000,000
60,597,208,000,000
ㆍ유형자산
668,123,000,000
682,650,000,000
874,517,000,000
ㆍ무형자산
232,798,000,000
221,147,000,000
296,263,000,000
자산총계
91,892,200,000,000
77,327,544,000,000
76,172,807,000,000
[유동부채]
5,194,006,000,000
5,217,262,000,000
9,871,135,000,000
[비유동부채]
896,660,000,000
1,032,661,000,000
1,004,052,000,000
부채총계
6,090,666,000,000
6,249,923,000,000
10,875,186,000,000
[자본금]
69,092,016,000,000
69,092,016,000,000
69,092,016,000,000
[이익잉여금(결손금)]
1,339,980,000,000
(13,383,933,000,000)
(19,163,933,000,000)
자본총계
85,801,534,000,000
71,077,621,000,000
65,297,621,000,000
(2023.01.01~2023.12.31)
(2022.01.01~2022.12.31)
(2021.01.01~2021.12.31)
매출액
42,494,509,000,000
52,850,390,000,000
41,105,787,000,000
영업이익
2,709,732,000,000
5,003,596,000,000
2,340,435,000,000
당기순이익(손실)
14,735,611,000,000
5,705,382,000,000
5,694,998,000,000
총포괄손익
14,723,913,000,000
5,780,000,000,000
5,730,036,000,000
주당순이익
1,100원
426원
425원
※ 상기 요약재무정보는 한국채택국제회계기준(K-IFRS)에 따라 작성되었습니다.