SNT홀딩스 / 2024.02.21 사업보고서
1. 요약재무정보
가. 요약연결재무정보
(단위 : 원)
구분
제42기
제41기
제40기
(2023년 12월말)
(2022년 12월말)
(2021년 12월말)
[유동자산]
1,649,129,000,000
1,504,308,000,000
1,327,473,000,000
ㆍ현금및현금성자산
334,197,000,000
321,694,000,000
351,143,000,000
[비유동자산]
1,052,669,000,000
1,054,119,000,000
1,044,851,000,000
자산총계
2,701,798,000,000
2,558,427,000,000
2,372,324,000,000
[유동부채]
554,655,000,000
562,176,000,000
412,516,000,000
[비유동부채]
194,320,000,000
179,955,000,000
179,678,000,000
부채총계
748,975,000,000
742,131,000,000
592,194,000,000
[자본금]
8,352,000,000
8,352,000,000
8,352,000,000
[이익잉여금]
747,467,000,000
670,420,000,000
626,662,000,000
[비지배지분]
883,840,000,000
829,579,000,000
829,985,000,000
자본총계
1,952,823,000,000
1,816,296,000,000
1,780,130,000,000
(2023.01.01 ~ 2023.12.31)
(2022.01.01 ~ 2022.12.31)
(2021.01.01 ~ 2021.12.31)
매출액
1,895,715,000,000
1,629,521,000,000
1,404,072,000,000
영업이익
178,997,000,000
144,693,000,000
125,567,000,000
연결총당기순이익
164,296,000,000
115,575,000,000
151,815,000,000
총포괄손익
170,565,000,000
93,969,000,000
195,042,000,000
기본주당이익
6,041
3,556
5,329
연결에 포함된 회사수
14개
15개
13개