국영지앤엠 / 2023.03.20 사업보고서
1. 요약재무정보
(단위 : 원)
구분
제 54기
제 53기
제 52기
(2022년 12월말)
(2021년 12월말)
(2020년 12월말)
[유동자산]
31,430,425,719,000
29,757,997,944,000
32,356,988,510,000
ㆍ현금및현금성자산
8,770,528,798,000
13,587,919,777,000
16,727,433,938,000
[비유동자산]
34,722,912,804,000
36,519,053,138,000
37,670,771,403,000
자산총계
66,153,338,523,000
66,277,051,082,000
70,027,759,913,000
[유동부채]
16,305,638,428,000
18,257,712,403,000
15,036,770,618,000
[비유동부채]
1,837,946,465,000
1,867,210,911,000
3,978,425,872,000
부채총계
18,143,584,893,000
20,124,923,314,000
19,015,196,490,000
[자본금]
17,447,621,500,000
17,447,621,500,000
17,447,621,500,000
[이익잉여금]
1,958,346,378,000
(4,799,279,484,000)
(1,238,843,829,000)
자본총계
48,009,753,630,000
46,152,127,768,000
51,012,563,423,000
부채 및 자본총계
66,153,338,523,000
66,277,051,082,000
70,027,759,913,000
(2022년1월1일~ 2022년12월31일)
(2021년1월1일~ 2021년12월31일)
(2020년1월1일~ 2020년12월31일)
매출액
63,599,420,068,000
55,030,165,959,000
64,386,055,886,000
영업이익
2,121,316,409,000
(6,739,784,124,000)
(2,061,461,676,000)
법인세비용차감전순이익(손실)
2,414,806,282,000
(6,345,022,901,000)
(1,926,838,810,000)
당기순이익
1,857,625,862,000
(4,860,435,655,000)
(1,305,458,847,000)
총포괄손익
1,857,625,862,000
(4,860,435,655,000)
(1,305,458,847,000)