국영지앤엠 / 2022.03.24 사업보고서
1. 요약재무정보
(단위 : 원)
구분
제 53기
제 52기
제 51 기
(2021년 12월말)
(2020년 12월말)
(2019년 12월말)
[유동자산]
29,757,997,944,000
32,356,988,510,000
32,068,323,664,000
ㆍ현금및현금성자산
13,587,919,777,000
16,727,433,938,000
9,462,856,868,000
ㆍ매출채권및기타채권
6,127,812,164,000
9,387,096,628,000
11,600,951,608,000
ㆍ재고자산
3,155,233,055,000
1,726,373,198,000
2,586,636,199,000
[비유동자산]
36,519,053,138,000
37,670,771,403,000
36,588,977,980,000
ㆍ유형자산
28,116,184,985,000
31,106,211,695,000
31,059,485,903,000
ㆍ무형자산
450,128,452,000
485,412,363,000
487,485,319,000
자산총계
66,277,051,082,000
70,027,759,913,000
68,657,301,644,000
[유동부채]
18,257,712,403,000
15,036,770,618,000
12,276,269,998,000
[비유동부채]
1,867,210,911,000
3,978,425,872,000
3,554,580,731,000
부채총계
20,124,923,314,000
19,015,196,490,000
15,830,850,729,000
[자본금]
17,447,621,500,000
17,447,621,500,000
17,447,621,500,000
[이익잉여금]
(4,799,279,484,000)
(1,238,843,829,000)
1,130,043,663,000
자본총계
46,152,127,768,000
51,012,563,423,000
52,826,450,915,000
부채 및 자본총계
66,277,051,082,000
70,027,759,913,000
68,657,301,644,000
(2021년1월1일~ 2021년12월31일)
(2020년1월1일~ 2020년12월31일)
(2019년1월1일~ 2019년12월31일)
매출액
55,030,165,959,000
64,386,055,886,000
73,013,467,513,000
영업이익
(6,739,784,124,000)
(2,061,461,676,000)
991,044,554,000
당기순이익
(4,860,435,655,000)
(1,305,458,847,000)
1,089,819,443,000
총포괄손익
(4,860,435,655,000)
(1,305,458,847,000)
1,089,819,443,000