국영지앤엠 / 2021.04.01 [정정] 사업보고서
1. 요약재무정보
(단위 : 원)
구분
제 52기
제 51 기
제 50 기
(2020년 12월말)
(2019년 12월말)
(2018년 12월말)
[유동자산]
32,356,988,510
32,068,323,664
25,138,634,975
ㆍ현금및현금성자산
16,727,433,938
9,462,856,868
9,595,252,538
[비유동자산]
37,670,771,403
36,588,977,980
35,196,503,272
자산총계
70,027,759,913
68,657,301,644
60,335,138,247
[유동부채]
15,036,770,618
12,276,269,998
8,586,830,611
[비유동부채]
3,978,425,872
3,554,580,731
-
부채총계
19,015,196,490
15,830,850,729
8,586,830,611
[자본금]
17,447,621,500
17,447,621,500
17,447,621,500
[이익잉여금]
(1,238,843,829)
1,130,043,663
(248,099,616)
자본총계
51,012,563,423
52,826,450,915
51,748,307,636
부채 및 자본총계
70,027,759,913
68,657,301,644
60,335,138,247
(2,020년1월1일~ 2,020년12월31일)
(2,019년1월1일~ 2,019년12월31일)
(2,018년1월1일~ 2,018년12월31일)
매출액
64,386,055,886
73,013,467,513
56,301,480,287
영업이익
(2,061,461,676)
991,044,554
(920,018,206)
당기순이익
(1,305,458,847)
1,089,819,443
(354,808,043)
총포괄손익
(1,305,458,847)
1,089,819,443
(354,808,043)