금강공업 / 2021.03.18 사업보고서
1. 요약재무정보
가. 요약연결재무정보
(단위 : 원)
과 목
제 42 기
제 41 기
제 40 기
자산
유동자산
306,846,196,860
349,484,222,637
362,729,171,446
현금및현금성자산
84,566,222,338
77,225,023,644
76,909,868,911
매출채권 및 기타채권
108,952,999,590
142,456,113,541
177,161,745,378
재고자산
101,319,834,677
120,180,087,035
96,673,620,357
비유동자산
472,314,012,490
445,395,306,552
489,954,365,512
유형자산
383,865,840,358
375,256,921,277
390,817,645,510
무형자산
8,434,030,692
9,301,909,600
9,431,582,029
자산총계
779,160,209,350
834,006,206,201
852,848,676,558
부채
유동부채
352,304,432,355
444,240,534,343
422,318,183,074
비유동부채
73,590,346,069
43,824,063,822
76,295,178,801
부채총계
425,894,778,424
488,064,598,165
498,613,361,875
자본
이익잉여금
228,085,563,333
227,571,656,386
239,629,169,077
비지배지분
77,963,436,648
74,203,101,365
69,423,884,903
자본총계
353,265,430,926
345,941,608,036
354,235,314,683
연결에 포함된 회사수
16개
15개
15개
과 목
제 42 기
제 41 기
제 40 기
매출액
501,933,307,880
549,727,641,624
567,908,393,876
영업이익
(1,457,088,714)
2,619,754,066
25,317,565,391
연결당기순이익
2,298,102,140
(4,951,773,770)
14,872,444,863
지배기업지분순이익
(1,506,129,162)
(8,984,143,079)
14,435,430,597
주당순이익
기본주당이익
(67)
(406)
653
희석주당이익
(67)
(406)
603
나. 요약재무정보
(단위 : 원)
과 목
제 42 기
제 41 기
제 40 기
자산
유동자산
181,244,774,161
238,027,200,549
236,990,310,583
현금및현금성자산
52,311,925,666
47,223,731,606
49,378,840,931
매출채권 및 기타채권
69,947,954,271
117,713,644,646
127,262,151,958
재고자산
58,309,892,630
68,142,960,421
54,790,239,865
비유동자산
333,868,720,384
315,303,893,758
381,613,191,744
유형자산
237,286,867,936
238,705,372,483
272,047,028,556
무형자산
6,613,410,338
7,259,268,338
7,268,759,280
자산총계
515,113,494,545
592,457,771,319
618,603,502,327
부채
유동부채
215,866,167,253
312,741,016,381
297,983,053,933
비유동부채
50,550,209,162
22,589,782,677
55,372,028,273
부채총계
266,416,376,415
335,330,799,058
353,355,082,206
자본
이익잉여금
184,081,029,354
200,143,104,375
209,852,188,251
자본총계
248,697,118,130
257,126,972,261
265,248,420,121
과 목
제 42 기
제 41 기
제 40 기
매출액
251,476,085,132
321,519,066,161
392,478,465,401
영업이익
(20,262,962,259)
(2,766,099,113)
13,743,612,753
당기순이익
(18,070,885,470)
(6,797,020,634)
10,841,802,238
주당순이익
기본주당이익
(774)
(303)
484
희석주당이익
(774)
(303)
455