금호타이어 / 2022.03.30 [정정] 사업보고서
1. 요약재무정보
1. 요약연결재무정보
(단위 : 원)
구분
제19기
제18기
제17기
2021년 12월말
2020년 12월말
2019년 12월말
유동자산
1,553,029,000,000
1,154,989,000,000
1,073,729,000,000
비유동자산
2,775,311,000,000
2,675,804,000,000
2,842,741,000,000
자산 총계
4,342,206,000,000
3,846,202,000,000
3,929,464,000,000
유동부채
1,500,526,000,000
950,431,000,000
937,674,000,000
비유동부채
1,560,112,000,000
1,728,177,000,000
1,699,155,000,000
부채 총계
3,060,638,000,000
2,678,607,000,000
2,636,829,000,000
자본금
1,436,301,000,000
1,436,301,000,000
1,436,301,000,000
이익잉여금
(563,269,000,000)
(482,171,000,000)
(373,714,000,000)
비지배지분
108,562,000,000
-
-
자본 총계
1,281,568,000,000
1,167,595,000,000
1,292,634,000,000
(2021.01.01 ~2021.12.31)
(2020.01.01 ~2020.12.31)
(2019.01.01 ~2019.12.31)
매출액
2,601,223,000,000
2,170,677,000,000
2,369,199,000,000
영업이익
(41,518,000,000)
(4,471,000,000)
57,396,000,000
당기순이익(손실)
(71,851,000,000)
(82,939,000,000)
(43,403,000,000)
총포괄이익(손실)
7,237,000,000
(118,645,000,000)
(4,455,000,000)
기본 및 희석 주당순이익(원)
(248)
(289)
(151)