나노엔텍 / 2024.03.20 사업보고서
1. 요약재무정보
가. 연결 재무정보
(단위 : 원)
과 목
제37기
제36기
제35기
[유동자산]
39,603,000,000
40,571,000,000
38,281,000,000
[비유동자산]
18,975,000,000
22,706,000,000
24,174,000,000
자산총계
58,578,000,000
63,277,000,000
62,455,000,000
[유동부채]
4,242,000,000
4,848,000,000
7,380,000,000
[비유동부채]
743,000,000
780,000,000
2,734,000,000
부채총계
4,985,000,000
5,628,000,000
10,114,000,000
[자본금]
13,404,000,000
13,404,000,000
13,400,000,000
[이익잉여금]
19,273,000,000
23,327,000,000
17,910,000,000
[비지배지분]
-
-
-
자본총계
53,593,000,000
57,649,000,000
52,341,000,000
[2023.01.01 ~ 2023.12.31]
[2022.01.01 ~ 2022.12.31]
[2021.01.01 ~ 2021.12.31]
매출액
26,837,000,000
35,201,000,000
35,784,000,000
영업이익
(2,229,000,000)
4,381,000,000
5,236,000,000
당기순이익
(3,678,000,000)
4,665,000,000
7,321,000,000
지배기업 소유주지분 순이익
(3,678,000,000)
4,665,000,000
7,321,000,000
기본주당순이익(원)
(137)
174
273
연결에 포함된 회사수
2
2
2