나노엔텍 / 2021.03.17 사업보고서
1. 요약재무정보
가. 연결 재무정보
(단위 : 원)
과 목
제 34기
제33기
제32기
[유동자산]
33,170,000,000
27,247,000,000
23,339,000,000
자산총계
52,815,000,000
46,639,000,000
42,162,000,000
[유동부채]
4,550,000,000
3,221,000,000
5,217,000,000
[비유동부채]
2,778,000,000
2,392,000,000
1,794,000,000
부채총계
7,328,000,000
5,613,000,000
7,011,000,000
[자본금]
13,398,000,000
13,266,000,000
13,146,000,000
[이익잉여금]
10,806,000,000
8,111,000,000
3,255,000,000
[비지배지분]
-
-
-
자본총계
45,487,000,000
41,026,000,000
35,150,000,000
[2020.01.01 ~ 2020.12.31]
[2019.01.01 ~ 2019.12.31]
[2018.01.01 ~ 2018.12.31]
매출액
29,443,000,000
26,256,000,000
25,797,000,000
영업이익
3,403,000,000
3,051,000,000
2,826,000,000
당기순이익
2,737,000,000
5,750,000,000
3,308,000,000
지배기업 소유주지분 순이익
2,737,000,000
5,750,000,000
3,308,000,000
기본주당순이익(원)
102
219
129