넥센타이어 / 2023.03.20 사업보고서
1. 요약재무정보
가. 요약연결재무정보
(단위 : 원)
구분
제 65기
제 64기
제 63기
(2022년 12월말)
(2021년 12월말)
(2020년 12월말)
[유동자산]
1,442,087,000,000
1,476,006,000,000
1,200,268,000,000
[비유동자산]
2,502,250,000,000
2,347,407,000,000
2,340,812,000,000
자산총계
3,944,337,000,000
3,823,413,000,000
3,541,080,000,000
[유동부채]
1,431,723,000,000
1,041,728,000,000
766,750,000,000
[비유동부채]
916,382,000,000
1,181,758,000,000
1,227,377,000,000
부채총계
2,348,105,000,000
2,223,486,000,000
1,994,127,000,000
[자본금]
54,084,000,000
54,084,000,000
54,084,000,000
[연결이익잉여금]
1,424,145,000,000
1,421,524,000,000
1,400,697,000,000
[소수주주지분]
7,614,000,000
4,251,000,000
3,850,000,000
자본총계
1,596,232,000,000
1,599,927,000,000
1,546,953,000,000
종속/관계/공동기업 투자주식의 평가 방법
원가법
원가법
원가법
(2022.01.01 ~2022.12.31)
(2021.01.01 ~2021.12.31)
(2020.01.01 ~2020.12.31)
매출액
2,597,424,000,000
2,079,407,000,000
1,698,128,000,000
영업손익
(54,254,000,000)
4,392,000,000
39,425,000,000
연결당기순손익
(27,506,000,000)
4,634,000,000
(16,596,000,000)
총포괄손익
4,017,000,000
63,194,000,000
(981,000,000)
보통주주당순손익(원)
(268)
45
(162)
우선주주당순손익(원)
(263)
50
(157)
연결에 포함된 회사수
18개
17개
14개