넥센타이어 / 2022.03.18 사업보고서
1. 요약재무정보
가. 요약연결재무정보
(단위 : 원)
구분
제 64기
제 63기
제 62기
(2021년 12월말)
(2020년 12월말)
(2019년 12월말)
[유동자산]
1,476,006,000,000
1,200,268,000,000
1,088,557,000,000
[비유동자산]
2,347,407,000,000
2,340,812,000,000
2,347,495,000,000
자산총계
3,823,413,000,000
3,541,080,000,000
3,436,052,000,000
[유동부채]
1,041,728,000,000
766,750,000,000
618,419,000,000
[비유동부채]
1,181,758,000,000
1,227,377,000,000
1,259,728,000,000
부채총계
2,223,486,000,000
1,994,127,000,000
1,878,147,000,000
[자본금]
54,084,000,000
54,084,000,000
54,084,000,000
[연결이익잉여금]
1,421,524,000,000
1,400,697,000,000
1,410,288,000,000
[소수주주지분]
4,251,000,000
3,850,000,000
3,642,000,000
자본총계
1,599,927,000,000
1,546,953,000,000
1,557,905,000,000
종속/관계/공동기업 투자주식의 평가 방법
원가법
원가법
원가법
(2021.01.01 ~2021.12.31)
(2020.01.01 ~2020.12.31)
(2019.01.01 ~2019.12.31)
매출액
2,079,407,000,000
1,698,128,000,000
2,022,338,000,000
영업이익
4,392,000,000
39,425,000,000
207,367,000,000
연결당기순이익
4,634,000,000
△16,596,000,000
118,452,000,000
총포괄손익
63,194,000,000
△981,000,000
140,019,000,000
지배기업 소유주지분
63,377,000,000
△1,189,000,000
139,797,000,000
보통주주당순손익(원)
45
△162
1,153