넥센타이어 / 2025.03.18 사업보고서
1. 요약재무정보
가. 요약연결재무정보
(단위 : 원)
구분
제 67기
제 66기
제 65기
(2024년 12월말)
(2023년 12월말)
(2022년 12월말)
[유동자산]
1,875,058,000,000
1,556,085,000,000
1,442,087,000,000
[비유동자산]
2,699,417,000,000
2,676,577,000,000
2,502,250,000,000
자산총계
4,574,475,000,000
4,232,662,000,000
3,944,337,000,000
[유동부채]
1,454,288,000,000
1,329,961,000,000
1,431,723,000,000
[비유동부채]
1,248,577,000,000
1,197,818,000,000
916,382,000,000
부채총계
2,702,865,000,000
2,527,779,000,000
2,348,105,000,000
[자본금]
54,084,000,000
54,084,000,000
54,084,000,000
[연결이익잉여금]
1,605,861,000,000
1,505,813,000,000
1,424,145,000,000
[소수주주지분]
9,403,000,000
8,455,000,000
7,614,000,000
자본총계
1,871,610,000,000
1,704,884,000,000
1,596,232,000,000
종속기업 투자주식의 평가 방법
원가법
원가법
원가법
(2024.01.01 ~2024.12.31)
(2023.01.01 ~2023.12.31)
(2022.01.01 ~2022.12.31)
매출액
2,847,925,000,000
2,701,720,000,000
2,597,424,000,000
영업손익
172,137,000,000
186,991,000,000
(54,254,000,000)
연결당기순손익
126,719,000,000
103,116,000,000
(27,506,000,000)
총포괄손익
178,565,000,000
118,639,000,000
4,017,000,000
보통주주당순손익(원)
1,231
1,001
△268
우선주주당순손익(원)
1,236
1,006
△263
연결에 포함된 회사수
18개
20개
18개
[Δ는 부(-)의 수치임]