농심홀딩스 / 2022.03.22 사업보고서
1. 요약재무정보
가. 요약연결재무정보
(단위 : 원)
사업연도
제19기 (당기)
제18기 (전기)
제17기 (전전기)
구분
2021년 12월말
2020년 12월말
2019년 12월말
[유동자산]
229,153,000,000
208,249,000,000
220,826,000,000
ㆍ현금및현금성자산
21,371,000,000
19,299,000,000
9,666,000,000
[비유동자산]
1,099,484,000,000
1,039,893,000,000
995,643,000,000
자산총계
1,328,637,000,000
1,248,142,000,000
1,216,469,000,000
[유동부채]
240,720,000,000
229,008,000,000
247,660,000,000
[비유동부채]
49,003,000,000
45,620,000,000
46,710,000,000
부채총계
289,723,000,000
274,628,000,000
294,370,000,000
[자본금]
23,189,000,000
23,189,000,000
23,189,000,000
[연결이익잉여금]
736,207,000,000
695,125,000,000
637,963,000,000
[비지배주주지분]
1,600,000,000
1,498,000,000
1,431,000,000
자본총계
1,038,914,000,000
973,514,000,000
922,099,000,000
(2021.1.1 -2021.12.31)
(2020.1.1 -2020.12.31)
(2019.1.1 -2019.12.31)
매출액
641,496,000,000
583,575,000,000
536,687,000,000
영업이익
55,765,000,000
74,004,000,000
41,257,000,000
당기순이익
49,163,000,000
68,454,000,000
36,622,000,000
총포괄손익
74,676,000,000
60,690,000,000
35,506,000,000
주당손익
10,581
14,746
7,887
연결에 포함된 회사수
5
4
4
[(수치)는 부(-)의 수치임]
※ 요약연결재무정보는 한국채택국제회계기준 작성기준에 따라 작성되었습니다. ※ 포괄손익계산서는 기능별분류에 의하여 작성하였으며, 성격별분류는 주석에 별도 로 기재하였습니다.