농심홀딩스 / 2025.08.14 [정정] 사업보고서
1. 요약재무정보
가. 요약연결재무정보
주식회사 농심홀딩스와 그 종속기업
(단위 : 원)
구 분
제22기
제21기
제20기
2024년 12월말
2023년 12월말
2022년 12월말
[유동자산]
360,727,000,000
333,375,000,000
249,774,000,000
ㆍ현금및현금성자산
23,650,000,000
19,773,000,000
20,622,000,000
[비유동자산]
1,250,768,000,000
1,171,684,000,000
1,139,356,000,000
자산총계
1,611,495,000,000
1,505,059,000,000
1,389,130,000,000
[유동부채]
327,144,000,000
319,919,000,000
249,036,000,000
[비유동부채]
66,825,000,000
60,860,000,000
62,827,000,000
부채총계
393,969,000,000
380,779,000,000
311,863,000,000
[자본금]
23,189,000,000
23,189,000,000
23,189,000,000
[연결이익잉여금]
874,521,000,000
816,689,000,000
772,880,000,000
[비지배주주지분]
-
1,763,000,000
1,698,000,000
자본총계
1,217,526,000,000
1,124,280,000,000
1,077,267,000,000
2024.1.1 ~ 2024.12.31
2023.1.1 ~ 2023.12.31
2022.1.1 ~ 2022.12.31
매출액
798,273,000,000
769,496,000,000
674,579,000,000
영업이익
86,639,000,000
75,310,000,000
52,813,000,000
당기순이익
74,850,000,000
67,264,000,000
34,206,000,000
총포괄손익
107,728,000,000
58,660,000,000
47,203,000,000
기본및희석주당이익
16,118원
14,478원
7,353원
[(수치)는 부(-)의 수치임]
※ 요약연결재무정보는 한국채택국제회계기준 작성기준에 따라 작성되었습니다.
※ 포괄손익계산서는 기능별분류에 의하여 작성하였으며, 성격별분류는 주석에 별도 로 기재하였습니다.