뉴보텍 / 2025.03.21 사업보고서
1. 요약재무정보
가. 요약 연결재무정보
(단위 : 원)
구분
제34기
제33기
제32기
2024.12.31 현재
2023.12.31 현재
2022.12.31 현재
[유동자산]
24,615,143,882
18,780,282,522
19,269,981,292
ㆍ현금및현금성자산
9,756,305,841
2,849,808,034
3,665,758,243
ㆍ매출채권및기타채권
2,947,358,437
4,617,008,003
4,717,402,527
ㆍ계약자산
4,249,569,068
3,738,258,632
4,865,526,486
ㆍ재고자산
5,740,461,142
5,949,339,797
5,335,876,141
[비유동자산]
26,594,551,873
28,508,950,270
33,108,402,124
ㆍ유형자산
22,890,166,658
25,091,151,776
27,733,960,633
ㆍ무형자산
330,934,724
441,763,765
955,415,900
자산총계
51,209,695,755
47,289,232,792
52,378,383,416
[유동부채]
24,962,429,524
28,836,032,325
30,906,013,299
[비유동부채]
5,296,276,873
5,306,839,170
4,529,699,818
부채총계
30,258,706,397
34,142,871,495
35,435,713,117
[지배기업 소유주지분]
20,950,989,358
13,146,361,297
16,942,670,299
ㆍ자본금
6,756,004,500
20,780,022,500
19,705,524,000
ㆍ자본잉여금
14,455,588,837
23,046,941,053
22,621,439,647
ㆍ이익잉여금
979,896,948
(29,447,097,184)
(23,950,788,276)
자본총계
20,950,989,358
13,146,361,297
16,942,670,299
관계기업 투자주식의 평가방법
지분법
지분법
지분법
2024.01.01~2024.12.31
2023.01.01~2023.12.31
2022.01.01~2022.12.31
매출액
43,364,851,572
48,892,913,831
45,983,827,244
영업이익(손실)
2,638,884,305
(703,531,470)
714,798,738
연결총당기순이익(손실)
1,295,013,172
(4,757,267,441)
(2,701,200,357)
ㆍ지배기업 소유주지분
1,295,013,172
(4,757,267,441)
(2,701,200,357)
계속기업 기본및희석주당이익
168
(284)
(278)
연결에 포함된 회사수
2
2
2
* 제33기, 제32기는 ㈜엔비텍의 사업중단에 따라 재작성하였습니다.