뉴보텍 / 2023.03.22 사업보고서
1. 요약재무정보
가. 요약 연결재무정보
(단위 : 원)
구분
제32기
제31기
제30기
2022.12.31 현재
2021.12.31 현재
2020.12.31 현재
[유동자산]
19,269,981,292
26,452,300,102
25,538,218,860
ㆍ현금및현금성자산
3,665,758,243
10,385,687,569
9,976,718,810
ㆍ매출채권
4,674,206,244
6,150,155,957
8,404,291,939
ㆍ유동계약자산
4,865,526,486
4,255,105,524
1,100,291,873
ㆍ기타유동채권
43,196,283
556,507,880
446,461,607
ㆍ기타유동자산
685,417,895
591,455,837
796,838,982
ㆍ재고자산
5,335,876,141
4,513,387,335
3,448,073,435
[비유동자산]
33,108,402,124
27,027,298,362
27,818,340,043
ㆍ유형자산
28,319,521,505
21,566,138,216
19,363,423,690
ㆍ무형자산
955,415,900
965,973,246
4,885,154,453
자산총계
52,378,383,416
53,479,598,464
53,356,558,903
[유동부채]
30,906,013,299
30,845,973,571
18,115,164,599
[비유동부채]
4,529,699,818
10,004,356,371
14,177,690,313
부채총계
35,435,713,117
40,850,329,942
32,292,854,912
[자본금]
19,705,524,000
16,716,875,000
16,716,875,000
[이익잉여금]
(23,950,788,276)
(21,662,634,394)
(13,228,198,925)
[비지배지분]
-
-
-
자본총계
16,942,670,299
12,629,268,522
21,063,703,991
관계기업 투자주식의 평가방법
지분법
지분법
지분법
2022.01.01~2022.12.31
2021.01.01~2021.12.31
2020.01.01~2020.12.31
매출액
45,983,827,244
46,970,620,099
42,551,789,035
영업이익(손실)
714,798,738
(2,501,242,237)
(3,917,140,970)
연결총당기순이익(손실)
(2,701,200,357)
(8,092,851,405)
(5,568,608,711)
ㆍ지배기업 소유주지분
(2,701,200,357)
(8,092,851,405)
(5,568,608,711)
ㆍ비지배지분
-
-
-
기본주당순손익(원)
(75)
(248)
(171)