뉴보텍 / 2022.08.16 [정정] 사업보고서
1. 요약재무정보
가. 요약 연결재무정보
(단위 : 원)
구분
제31기
제30기
제29기
2021.12.31 현재
2020.12.31 현재
2019.12.31 현재
[유동자산]
25,912,092,502,000
25,538,218,860,000
22,441,846,221,000
ㆍ현금및현금성자산
10,385,687,569,000
9,976,718,810,000
3,521,188,247,000
ㆍ재고자산
4,513,387,335,000
3,448,073,435,000
3,903,147,383,000
[비유동자산]
27,567,505,962,000
27,818,340,043,000
23,790,827,232,000
ㆍ유형자산
21,566,138,216,000
19,363,423,690,000
14,942,301,444,000
ㆍ무형자산
965,973,246,000
4,885,154,453,000
7,101,190,993,000
자산총계
53,479,597,464,000
53,356,558,903,000
46,232,673,453,000
[유동부채]
30,845,973,571,000
18,115,164,599,000
14,722,101,994,000
[비유동부채]
10,004,356,371,000
14,177,690,313,000
3,883,147,539,000
부채총계
40,850,329,942,000
32,292,854,912,000
18,605,249,533,000
[자본금]
16,716,875,000,000
16,716,875,000,000
16,716,875,000,000
[이익잉여금]
(21,662,634,394,000)
(13,228,198,925,000)
(7,420,030,436,000)
[비지배지분]
-
-
-
자본총계
12,629,268,522,000
21,063,703,991,000
27,627,423,920,000
관계기업 투자주식의 평가방법
지분법
지분법
지분법
2021.01.01~2021.12.31
2020.01.01~2020.12.31
2019.01.01~2019.12.31
매출액
46,970,620,099,000
42,551,789,035,000
41,769,159,681,000
영업이익(손실)
(2,501,242,237,000)
(3,917,140,970,000)
1,102,452,197,000
연결총당기순이익(손실)
(8,092,851,405,000)
(5,568,608,711,000)
1,803,528,537,000
ㆍ지배기업 소유주지분
(8,092,851,405,000)
(5,568,608,711,000)
1,803,528,537,000
ㆍ비지배지분
-
-
-
기본주당순손익
(248)
(171)
66
희석주당순손익
(248)
(171)
66