대한제분 / 2024.05.10 [정정] 사업보고서
1. 요약재무정보
가. 요약연결재무정보
(단위 : 원)
과목
제73기
제72기
제71기
2023년 12월말
2022년 12월말
2021년 12월말
[유동자산]
714,234,907,928
615,430,600,543
683,850,027,463
ㆍ현금및현금성자산
185,384,344,438
86,792,978,722
95,626,769,277
자산총계
1,401,353,854,060
1,318,431,898,542
1,321,597,380,773
[유동부채]
360,098,478,443
344,701,427,247
380,129,477,789
[비유동부채]
47,293,493,800
54,377,387,456
60,850,385,776
부채총계
407,391,972,243
399,078,814,703
440,979,863,565
[지배기업 소유주지분]
992,908,484,633
918,339,849,827
879,547,334,811
ㆍ자본금
8,450,000,000
8,450,000,000
8,450,000,000
ㆍ이익잉여금
949,071,748,826
875,224,202,568
834,870,102,922
[비지배지분]
1,053,397,184
1,013,234,012
1,070,182,397
자본총계
993,961,881,817
919,353,083,839
880,617,517,208
(2023.01.01~ 2023.12.31)
(2022.01.01~ 2022.12.31)
(2021.01.01~ 2021.12.31)
매출액
1,441,458,547,512
1,368,170,051,431
1,111,341,734,130
영업이익
54,859,482,247
43,274,283,090
24,960,181,509
당기순이익
81,242,498,761
41,343,753,991
87,295,095,400
기본주당이익
48,718
24,697
52,446
연결에 포함된 회사수
12
13
11