대한제분 / 2021.03.18 사업보고서
1. 요약재무정보
가. 요약연결재무정보
(단위 : 원)
과목
제70기말
제69기말
제68기말
자산
유동자산
현금및현금성자산
108,174,162,711,000
87,383,735,054,000
88,999,075,367,000
매출채권및기타채권
128,449,627,505,000
119,990,629,263,000
89,118,839,535,000
계약자산
897,559,426,000
1,105,887,044,000
959,786,645,000
재고자산
119,547,405,911,000
119,286,946,049,000
117,102,666,975,000
기타유동자산
2,106,179,533,000
3,161,871,848,000
3,449,419,953,000
기타유동금융자산
107,751,084,110,000
98,925,943,303,000
168,328,432,996,000
매각예정자산
6,961,640,900,000
1,133,618,975,000
-
유동자산 합계
473,887,660,096,000
430,988,631,536,000
467,958,221,471,000
비유동자산
관계기업투자
47,886,658,794,000
50,612,448,341,000
48,541,734,169,000
유형자산
346,121,044,488,000
321,302,125,095,000
236,065,680,799,000
투자부동산
30,926,318,709,000
42,510,758,364,000
32,411,302,213,000
무형자산
22,687,058,772,000
26,323,597,776,000
17,900,566,413,000
기타비유동금융자산
161,984,456,951,000
133,370,713,348,000
116,812,693,883,000
퇴직급여자산
1,387,609,993,000
-
-
비유동자산 합계
610,993,147,707,000
574,119,642,924,000
451,731,977,477,000
자산총계
1,084,880,807,803,000
1,005,108,274,460,000
919,690,198,948,000
부채와자본
유동부채 합계
230,655,291,630,000
178,294,172,598,000
154,315,014,922,000
비유동부채 합계
73,426,154,429,000
66,965,807,708,000
16,369,924,541,000
부채총계
304,081,446,059,000
245,259,980,306,000
170,684,939,463,000
자본
자본금
8,450,000,000,000
8,450,000,000,000
8,450,000,000,000
자본잉여금
36,082,429,715,000
35,754,935,201,000
36,160,972,724,000
기타자본
-3,861,291,550,000
-3,520,504,844,000
-4,093,899,474,000
기타포괄손익누계액
18,903,134,796,000
19,288,941,802,000
19,788,303,240,000
이익잉여금
720,636,063,682,000
699,874,921,995,000
688,699,882,995,000
지배기업소유주지분
780,210,336,643,000
759,848,294,154,000
749,005,259,485,000
비지배지분
589,025,101,000
-
-
자본총계
780,799,361,744,000
759,848,294,154,000
749,005,259,485,000
부채와 자본 총계
1,084,880,807,803,000
1,005,108,274,460,000
919,690,198,948,000
(2020.01.01~ 2020.12.31)
(2019.01.01~ 2019.12.31)
(2018.01.01~ 2018.12.31)
매출액
970,248,268,165,000
933,866,093,002,000
864,585,835,647,000
영업이익
22,966,625,919,000
23,483,614,049,000
32,798,360,071,000
법인세비용차감전이익(손실)
30,949,373,674,000
25,514,184,242,000
74,914,386,097,000
당기순이익(손실)
20,812,924,021,000
16,993,288,734,000
51,472,655,804,000
총포괄이익
23,654,807,782,000
14,788,737,562,000
42,216,160,142,000
당기순이익의 귀속
지배기업 소유주지분
20,823,898,920,000
16,993,288,734,000
51,472,655,804,000
비지배지분
-10,974,899,000
-
-
총포괄이익의 귀속
지배기업 소유주지분
23,665,782,681,000
14,788,737,562,000
42,216,160,142,000
비지배지분
-10,974,899,000
-
-
주당순이익(연결)
12,494
10,196
30,882
연결에 포함된 회사수
10
10
8
나. 요약재무정보
(단위 : 원)
과목
제70기말
제69기말
제68기말
자산
유동자산
현금및현금성자산
75,854,487,786,000
57,847,495,822,000
58,214,993,102,000
매출채권및기타채권
30,439,890,953,000
30,111,926,194,000
27,113,660,989,000
재고자산
49,127,925,983,000
51,604,135,168,000
43,671,488,091,000
기타유동자산
463,618,744,000
125,620,904,000
438,752,490,000
기타유동금융자산
68,143,780,411,000
47,851,335,418,000
91,850,861,622,000
매각예정자산
6,961,640,900,000
1,173,625,000,000
-
유동자산 합계
230,991,344,777,000
188,714,138,506,000
221,289,756,294,000
비유동자산
종속기업및관계기업투자
300,717,706,171,000
308,629,830,486,000
312,916,981,705,000
유형자산
84,098,542,822,000
89,059,602,889,000
91,353,996,971,000
투자부동산
30,707,387,307,000
35,131,237,207,000
21,453,299,909,000
무형자산
4,721,839,360,000
4,939,708,844,000
4,320,741,521,000
기타비유동금융자산
69,723,299,450,000
58,695,708,535,000
56,058,808,961,000
퇴직급여자산
647,093,200,000
-
-
비유동자산 합계
490,615,868,310,000
496,456,087,961,000
486,103,829,067,000
자산총계
721,607,213,087,000
685,170,226,467,000
707,393,585,361,000
부채와 자본
유동부채 합계
60,447,454,808,000
31,958,944,415,000
52,956,960,085,000
비유동부채 합계
10,752,392,088,000
9,059,309,613,000
8,811,835,303,000
부채총계
71,199,846,896,000
41,018,254,028,000
61,768,795,388,000
자본
자본금
8,450,000,000,000
8,450,000,000,000
8,450,000,000,000
자본잉여금
36,082,429,715,000
35,754,935,201,000
36,160,972,724,000
기타자본
-3,861,291,550,000
-3,520,504,844,000
-4,093,899,474,000
기타포괄손익누계액
18,041,859,261,000
17,200,872,784,000
17,758,372,130,000
이익잉여금
591,694,368,765,000
586,266,669,298,000
587,349,344,593,000
자본 총계
650,407,366,191,000
644,151,972,439,000
645,624,789,973,000
부채와 자본 총계
721,607,213,087,000
685,170,226,467,000
707,393,585,361,000
종속ㆍ관계ㆍ공동기업 투자주식의 평가방법
원가법
원가법
원가법
(2020.01.01~ 2020.12.31)
(2019.01.01~ 2019.12.31)
(2018.01.01~ 2018.12.31)
매출액
312,555,100,993,000
318,994,503,705,000
305,132,945,611,000
영업이익
15,498,402,143,000
7,461,157,356,000
19,773,999,199,000
법인세비용차감전이익(손실)
10,416,399,124,000
4,620,265,915,000
55,139,663,239,000
당기순이익(손실)
5,527,844,467,000
2,754,339,967,000
34,676,568,703,000
총포괄이익
9,559,133,944,000
2,472,885,359,000
25,806,637,266,000
주당순이익(원)
3,317
1,653
20,805
주) 위 재무제표는 주주총회 승인전 재무제표이며 향후 정기주주총회에서 재무제표 승인 관련 안건이 부결되거나 수정이 발생한 경우 정정보고서를 통해 그 내용 및 사 유 등을 반영할 예정입니다.