대한제분 / 2023.03.16 사업보고서
1. 요약재무정보
가. 요약연결재무정보
(단위 : 원)
과목
제72기말
제71기말
제70기말
자산
유동자산
현금및현금성자산
86,792,978,722,000
95,626,769,277,000
108,174,162,711,000
매출채권및기타채권
176,040,760,326,000
136,315,336,453,000
128,449,627,505,000
계약자산
523,403,581,000
1,115,118,625,000
897,559,426,000
재고자산
247,123,463,967,000
161,433,057,584,000
119,547,405,911,000
소비용생물자산
2,227,431,041,000
1,672,194,828,000
-
기타유동자산
3,966,155,745,000
6,711,760,687,000
2,106,179,533,000
기타유동금융자산
98,756,407,161,000
280,520,557,427,000
107,751,084,110,000
매각예정자산
-
455,232,582,000
6,961,640,900,000
유동자산 합계
615,430,600,543,000
683,850,027,463,000
473,887,660,096,000
비유동자산
관계기업투자
66,370,553,497,000
71,645,661,616,000
47,886,658,794,000
유형자산
334,171,752,360,000
334,348,491,595,000
346,121,044,488,000
투자부동산
41,883,280,219,000
41,825,987,075,000
30,926,318,709,000
무형자산
62,879,493,278,000
24,226,588,367,000
22,687,058,772,000
생산용생물자산
816,019,577,000
777,679,252,000
-
기타비유동자산
219,998,400,000
250,871,606,000
-
기타비유동금융자산
186,515,015,973,000
158,404,693,439,000
161,984,456,951,000
퇴직급여자산
10,101,521,141,000
3,975,681,998,000
1,387,609,993,000
이연법인세자산
43,663,554,000
2,291,698,362,000
-
비유동자산 합계
703,001,297,999,000
637,747,353,310,000
610,993,147,707,000
자산총계
1,318,431,898,542,000
1,321,597,380,773,000
1,084,880,807,803,000
부채와자본
유동부채 합계
344,701,427,247,000
380,129,477,789,000
230,655,291,630,000
비유동부채 합계
54,377,387,456,000
60,850,385,776,000
73,426,154,429,000
부채총계
399,078,814,703,000
440,979,863,565,000
304,081,446,059,000
자본
자본금
8,450,000,000,000
8,450,000,000,000
8,450,000,000,000
자본잉여금
35,757,038,717,000
35,754,935,201,000
36,082,429,715,000
기타자본
-3,507,784,713,000
-3,610,623,561,000
-3,861,291,550,000
기타포괄손익누계액
2,416,393,255,000
4,082,920,249,000
18,903,134,796,000
이익잉여금
875,224,202,568,000
834,870,102,922,000
720,636,063,682,000
지배기업소유주지분
918,339,849,827,000
879,547,334,811,000
780,210,336,643,000
비지배지분
1,013,234,012,000
1,070,182,397,000
589,025,101,000
자본총계
919,353,083,839,000
880,617,517,208,000
780,799,361,744,000
부채와 자본 총계
1,318,431,898,542,000
1,321,597,380,773,000
1,084,880,807,803,000
(2022.01.01~ 2022.12.31)
(2021.01.01~ 2021.12.31)
(2020.01.01~ 2020.12.31)
매출액
1,368,170,051,431,000
1,111,341,734,130,000
970,248,268,165,000
영업이익
43,274,283,090,000
24,960,181,509,000
22,966,625,919,000
법인세비용차감전순이익(손실)
55,132,475,147,000
129,608,921,353,000
30,949,373,674,000
당기순이익
41,343,753,991,000
87,295,095,400,000
20,812,924,021,000
총포괄이익
42,980,885,161,000
102,585,429,989,000
23,654,807,782,000
당기순이익의 귀속
지배기업 소유주지분
41,163,501,482,000
87,413,938,104,000
20,823,898,920,000
비지배지분
180,252,509,000
-118,842,704,000
-10,974,899,000
총포괄이익의 귀속
지배기업 소유주지분
42,800,632,652,000
102,704,272,693,000
23,665,782,681,000
비지배지분
180,252,509,000
-118,842,704,000
-10,974,899,000
기본주당손익
24,697
52,446
12,494
연결에 포함된 회사수
13
11
10

나. 요약재무정보
(단위 : 원)
과목
제72기말
제71기말
제70기말
자산
유동자산
현금및현금성자산
46,735,860,424,000
54,116,117,627,000
75,854,487,786,000
매출채권및기타채권
54,180,491,308,000
35,181,202,845,000
30,439,890,953,000
재고자산
99,186,718,125,000
61,304,248,158,000
49,127,925,983,000
기타유동자산
800,526,189,000
554,789,595,000
463,618,744,000
기타유동금융자산
73,967,549,548,000
218,360,564,776,000
68,143,780,411,000
과목
제72기말
제71기말
제70기말
매각예정자산
-
-
6,961,640,900,000
유동자산 합계
274,871,145,594,000
369,516,923,001,000
230,991,344,777,000
비유동자산
종속기업및관계기업투자
375,302,696,554,000
329,564,645,364,000
300,717,706,171,000
유형자산
76,030,446,520,000
80,627,557,094,000
84,098,542,822,000
투자부동산
33,693,766,060,000
32,524,036,115,000
30,707,387,307,000
무형자산
4,109,768,187,000
4,385,166,099,000
4,721,839,360,000
기타비유동금융자산
116,416,918,584,000
74,426,659,652,000
69,723,299,450,000
퇴직급여자산
6,527,007,030,000
582,746,845,000
647,093,200,000
이연법인세자산
4,181,791,149,000
971,737,708,000
-
비유동자산 합계
616,262,394,084,000
523,082,548,877,000
490,615,868,310,000
자산총계
891,133,539,678,000
892,599,471,878,000
721,607,213,087,000
부채와자본
유동부채 합계
125,418,222,733,000
145,051,515,291,000
60,447,454,808,000
비유동부채 합계
6,056,524,088,000
7,840,575,546,000
10,752,392,088,000
부채총계
131,474,746,821,000
152,892,090,837,000
71,199,846,896,000
자본
자본금
8,450,000,000,000
8,450,000,000,000
8,450,000,000,000
자본잉여금
35,754,935,201,000
35,754,935,201,000
36,082,429,715,000
기타자본
-3,507,784,713,000
-3,610,623,561,000
-3,861,291,550,000
기타포괄손익누계액
-166,871,787,000
2,774,901,180,000
18,041,859,261,000
이익잉여금
719,128,514,156,000
696,338,168,221,000
591,694,368,765,000
자본총계
759,658,792,857,000
739,707,381,041,000
650,407,366,191,000
부채와 자본 총계
891,133,539,678,000
892,599,471,878,000
721,607,213,087,000
종속ㆍ관계ㆍ공동기업 투자주식의 평가방법
원가법
원가법
원가법
(2022.01.01~ 2022.12.31)
(2021.01.01~ 2021.12.31)
(2020.01.01~ 2020.12.31)
매출액
462,786,648,560,000
348,651,167,052,000
312,555,100,993,000
영업이익
21,452,773,874,000
16,554,746,842,000
15,498,402,143,000
법인세비용차감전순이익(손실)
31,309,680,146,000
113,837,622,425,000
10,416,399,124,000
당기순이익(손실)
23,472,409,484,000
80,306,790,818,000
5,527,844,467,000
총포괄이익
23,961,632,968,000
92,667,289,375,000
9,559,133,944,000
기본주당손익
24,697
52,446
12,494