동양고속 / 2021.03.17 사업보고서
1. 요약재무정보
가. 요약재무정보(연결)
(1) 요약재무상태표
(단위 : 원)
구분
제16기
(2020년 12월말)
제15기
(2019년 12월말)
제14기
(2018년 12월말)
[유동자산]
9,255,955,000,000
28,277,293,000,000
35,610,820,000,000
* 현금 및 현금성자산
945,672,000,000
19,315,629,000,000
7,953,614,000,000
* 재고자산
919,639,000,000
710,861,000,000
1,283,502,000,000
[비유동자산]
158,629,945,000,000
158,549,947,000,000
160,338,031,000,000
* 유형자산
64,348,159,000,000
61,496,012,000,000
57,998,080,000,000
* 무형자산
13,156,274,000,000
11,956,274,000,000
12,084,259,000,000
자산총계
167,885,900,000,000
186,827,240,000,000
195,948,851,000,000
[유동부채]
41,724,090,000,000
32,241,147,000,000
59,487,531,000,000
[비유동부채]
19,114,373,000,000
22,384,606,000,000
23,780,065,000,000
부채총계
60,838,463,000,000
54,625,753,000,000
83,267,596,000,000
[자본금]
16,959,295,000,000
16,959,295,000,000
16,959,295,000,000
[이익잉여금]
48,785,767,000,000
72,879,660,000,000
50,624,174,000,000
[비지배주주지분]
386,474,000,000
412,733,000,000
428,576,000,000
자본총계
107,047,437,000,000
132,201,487,000,000
112,681,255,000,000
(2020.01.01 ~ 2020.12.31)
(2019.01.01 ~ 2019.12.31)
(2018.01.01 ~ 2018.12.31)
매출액
83,541,287,000,000
140,473,417,000,000
132,272,993,000,000
영업이익
(22,122,997,000,000)
9,971,146,000,000
4,547,656,000,000
연결당기순이익
(16,411,367,000,000)
32,744,318,000,000
1,364,957,000,000
주당순이익(단위: 원)
(6,230)
12,104
464
연결에 포함된 회사수
2
3
3