동양고속 / 2025.03.21 사업보고서
1. 요약재무정보
가. 요약재무정보(연결)
1) 요약재무상태표
(단위 : 원)
구분
제20기
(2024년 12월말)
제19기
(2023년 12월말)
제18기
(2022년 12월말)
[유동자산]
15,631,667,000,000
17,506,049,000,000
17,607,061,000,000
* 현금 및 현금성자산
8,186,664,000,000
9,068,885,000,000
10,568,162,000,000
[비유동자산]
142,103,052,000,000
150,887,867,000,000
147,891,313,000,000
자산총계
157,734,719,000,000
168,393,916,000,000
165,498,374,000,000
[유동부채]
81,996,765,000,000
77,785,149,000,000
77,580,062,000,000
[비유동부채]
24,596,392,000,000
21,544,721,000,000
12,675,862,000,000
부채총계
106,593,157,000,000
99,329,870,000,000
90,255,924,000,000
[지배회사지분]
50,811,241,000,000
68,717,649,000,000
74,887,815,000,000
* 자본금
16,959,295,000,000
16,959,295,000,000
16,959,295,000,000
* 연결이익잉여금(결손금)
(6,740,348,000,000)
11,166,060,000,000
17,316,226,000,000
[비지배주주지분]
330,321,000,000
346,397,000,000
354,635,000,000
자본총계
51,141,562,000,000
69,064,046,000,000
75,242,450,000,000
(2024.01.01 ~ 2024.12.31)
(2023.01.01 ~ 2023.12.31)
(2022.01.01 ~ 2022.12.31)
매출액
121,720,580,000,000
119,970,716,000,000
104,429,015,000,000
영업이익
(1,530,752,000,000)
(287,881,000,000)
(11,216,972,000,000)
연결당기순이익
(16,680,417,000,000)
(3,093,451,000,000)
(12,794,473,000,000)
*지배기업의소유주지분
(16,664,341,000,000)
(3,085,213,000,000)
(12,780,567,000,000)
*비지배지분
(16,076,000,000)
(8,238,000,000)
(13,906,000,000)
주당순이익(단위: 원)
(6,387)
(1,183)
(4,899)
연결에 포함된 회사수
2
2
2