동양고속 / 2023.03.21 사업보고서
1. 요약재무정보
가. 요약재무정보(연결)
1) 요약재무상태표
(단위 : 원)
구분
제18기
(2022년 12월말)
제17기
(2021년 12월말)
제16기
(2020년 12월말)
[유동자산]
17,607,061,000,000
17,679,587,000,000
9,255,955,000,000
* 현금 및 현금성자산
10,568,162,000,000
10,962,360,000,000
945,672,000,000
자산총계
165,498,374,000,000
168,829,554,000,000
167,885,900,000,000
[유동부채]
77,580,062,000,000
62,373,087,000,000
41,724,090,000,000
[비유동부채]
12,675,862,000,000
21,941,976,000,000
19,114,373,000,000
부채총계
90,255,924,000,000
84,315,063,000,000
60,838,463,000,000
[자본금]
16,959,295,000,000
16,959,295,000,000
16,959,295,000,000
[연결이익잉여금]
17,316,226,000,000
26,525,564,000,000
48,785,767,000,000
[비지배주주지분]
354,635,000,000
368,541,000,000
386,474,000,000
자본총계
75,242,450,000,000
84,514,491,000,000
107,047,437,000,000
(2022.01.01 ~ 2022.12.31)
(2021.01.01 ~ 2021.12.31)
(2020.01.01 ~ 2020.12.31)
매출액
104,429,015,000,000
81,175,925,000,000
83,541,287,000,000
영업이익
(11,216,972,000,000)
(22,023,394,000,000)
(22,122,997,000,000)
연결당기순이익
(12,794,473,000,000)
(23,943,627,000,000)
(16,411,367,000,000)
주당순이익(단위: 원)
(4,899)
(9,142)
(6,230)
연결에 포함된 회사수
2
2
2