딜리 / 2024.03.15 사업보고서
1. 요약재무정보
가. 요약연결재무정보
(단위 : 원)
구 분
제28기
제27기
제26기
(2023.12.31.현재)
(2022.12.31.현재)
(2021.12.31.현재)
자산총계
66,406,318,000,000
70,129,721,000,000
69,338,494,000,000
부채총계
8,732,380,000,000
11,746,841,000,000
12,263,859,000,000
자본총계
57,673,938,000,000
58,382,881,000,000
57,074,636,000,000
매 출 액
25,705,184,000,000
37,178,543,000,000
35,276,380,000,000
영업이익
(890,645,000,000)
2,279,443,000,000
2,037,811,000,000
당기순이익
688,445,000,000
2,620,853,000,000
3,046,217,000,000
총포괄손익
402,529,000,000
2,419,719,000,000
2,940,249,000,000
주당순이익(원)
25
94
110