딜리 / 2025.07.11 [정정] 사업보고서
1. 요약재무정보
가. 요약재무정보
(단위 : 원)
구 분
제29기
제28기
제27기
(2024.12.31.현재)
(2023.12.31.현재)
(2022.12.31.현재)
Ⅰ.유동자산
35,716,237,000,000
25,838,565,000,000
34,537,190,000,000
현금및현금성자산
24,494,438,000,000
3,704,712,000,000
3,613,309,000,000
매출채권 및 기타채권
5,091,730,000,000
1,399,769,000,000
1,800,470,000,000
재고자산
5,741,684,000,000
5,266,749,000,000
7,054,672,000,000
Ⅱ.비유동자산
35,917,239,000,000
40,567,753,000,000
35,592,531,000,000
유형자산
15,465,684,000,000
15,448,408,000,000
15,188,507,000,000
[자산총계]
71,633,476,000,000
66,406,318,000,000
70,129,721,000,000
Ⅰ.유동부채
7,140,209,000,000
7,523,731,000,000
9,774,859,000,000
Ⅱ.비유동부채
1,407,344,000,000
1,208,649,000,000
1,971,982,000,000
[부채총계]
8,547,553,000,000
8,732,380,000,000
11,746,841,000,000
Ⅰ.자본금
2,935,000,000,000
2,935,000,000,000
2,935,000,000,000
Ⅱ.자본잉여금
11,478,133,000,000
11,478,133,000,000
11,478,133,000,000
Ⅳ.이익잉여금
51,009,030,000,000
46,199,097,000,000
46,626,401,000,000
[자본총계]
63,085,923,000,000
57,673,938,000,000
58,382,881,000,000
[자본과부채총계]
71,633,476,000,000
66,406,318,000,000
70,129,721,000,000
종속기업 투자주식평가방법
원가법
원가법
원가법
기 간
(2024.1.1~2024.12.31)
(2023.1.1~2023.12.31)
(2022.1.1~2022.12.31)
[매출액]
38,212,515,000,000
25,705,184,000,000
37,178,543,000,000
[영업이익]
2,307,588,000,000
(890,645,000,000)
2,279,443,000,000
[당기순이익]
4,809,933,000,000
688,445,000,000
2,620,853,000,000
[주당손익]
지배기업 소유주
희석주당이익
173
25
94
[연결에 포함된 회사수]
0
1
1