랩지노믹스 / 2023.12.15 [정정] 사업보고서
1. 요약재무정보
가. 요약 연결재무정보(K-IFRS)
(단위 : 원)
구분
제21기
(2022년 12월말)
제20기
(2021년 12월말)
제19기
(2020년 12월말)
회계처리 기준
K-IFRS
K-IFRS
K-IFRS
[유동자산]
174,482,683,213
170,930,673,192
87,525,973,063
현금및현금성자산
98,510,558,348
70,528,429,090
37,834,017,618
매출채권및기타채권
35,531,394,313
68,493,241,491
31,652,436,053
재고자산
1,743,066,968
2,693,425,111
2,464,185,370
[비유동자산]
76,170,033,811
33,355,918,344
21,837,642,759
유형자산
54,885,233,718
19,698,163,395
7,986,557,056
무형자산
1,015,171,907
739,550,779
1,652,924,858
자산 총계
250,652,717,024
204,286,591,536
109,363,615,822
[유동부채]
19,895,506,360
40,683,093,339
25,016,001,201
[비유동부채]
20,246,871,834
5,182,220,065
2,707,227,204
부채 총계
40,142,378,194
45,865,313,404
27,723,228,405
[자본금]
17,055,589,500
5,725,048,500
5,725,048,500
[이익잉여금]
175,225,525,651
129,739,947,859
46,879,541,648
[비지배지분]
1,179,429,906
706,084,161
97,092,346
자본 총계
210,510,338,830
158,421,278,132
81,640,387,417
매출액
144,772,745,632
202,407,363,611
119,478,053,821
영업이익(손실)
66,205,859,914
104,518,298,192
54,906,104,155
당기순이익(손실)
47,925,960,228
83,854,993,826
42,763,533,861
총포괄손익(손실)
48,924,919,883
82,682,221,524
43,946,029,774
기본주당이익
1,429
7,470
3,896