레드캡투어 / 2022.03.17 사업보고서
1. 요약재무정보
가. 요약연결재무정보
(단위 : 원)
구분
제 26 기말
(감사받은 재무제표)
제 25 기말
(감사받은 재무제표)
제 24 기말
(감사받은 재무제표)
자산총계
489,685,000,000
453,690,000,000
416,661,000,000
부채총계
311,580,000,000
285,084,000,000
252,727,000,000
자본금
4,295,000,000
4,295,000,000
4,295,000,000
이익잉여금
118,153,000,000
112,426,000,000
105,465,000,000
자본총계
178,105,000,000
168,606,000,000
163,934,000,000
영업수익
228,933,000,000
229,489,000,000
258,762,000,000
영업이익
20,469,000,000
20,097,000,000
34,972,000,000
당기순이익
12,091,000,000
11,094,000,000
22,235,000,000
총포괄손익
12,209,000,000
12,067,000,000
21,697,000,000
기본주당이익 (단위 : 원)
1,485
1,369
2,699
희석주당이익 (단위 : 원)
1,419
1,362
2,699