롯데하이마트 / 2020.03.30 사업보고서
1. 요약재무정보
가. 요약 재무정보
(1) 요약 재무상태표
(단위: 원)
구분
제33기
(2019년 12월말)
제32기
(2018년 12월말)
제31기
(2017년 12월말)
자산총계
3,107,565,000,000
3,117,064,000,000
3,204,628,000,000
부채총계
1,185,666,000,000
1,055,205,000,000
1,178,850,000,000
[자본금]
118,039,000,000
118,039,000,000
118,039,000,000
[이익잉여금]
748,372,000,000
888,332,000,000
862,054,000,000
자본총계
1,921,899,000,000
2,061,859,000,000
2,025,778,000,000
(2) 요약 포괄손익계산서
(단위: 원)
구분
제33기
(19.1.1~19.12.31)
제32기
(18.1.1~18.12.31)
제31기
(17.1.1~17.12.31)
매출액
4,026,464,000,000
4,112,678,000,000
4,099,341,000,000
영업이익
109,857,000,000
186,481,000,000
207,463,000,000
당기순이익
-99,907,000,000
85,463,000,000
148,435,000,000
지배회사소유주지분
-99,907,000,000
85,463,000,000
148,435,000,000
기본주당이익(원)
-4,232
3,620
6,288