롯데렌탈 / 2025.03.14 사업보고서
1. 요약재무정보
가. 요약연결재무정보
(단위 : 원)
구분
제20기
(2024년 12월말)
제19기
(2023년 12월말)
제18기
(2022년 12월말)
[유동자산]
924,286,000,000
1,042,067,000,000
1,114,873,000,000
[비유동자산]
6,082,331,000,000
5,676,042,000,000
5,812,331,000,000
자산총계
7,006,617,000,000
6,718,109,000,000
6,927,204,000,000
[유동부채]
3,088,285,000,000
2,308,746,000,000
2,332,932,000,000
[비유동부채]
2,449,746,000,000
3,044,082,000,000
3,298,068,000,000
부채총계
5,538,031,000,000
5,352,828,000,000
5,631,000,000,000
[자본금]
183,170,000,000
183,170,000,000
183,170,000,000
[이익잉여금]
577,569,000,000
525,530,000,000
450,902,000,000
[비지배주주지분]
(8,591,000,000)
(3,030,000,000)
1,824,000,000
자본총계
1,468,586,000,000
1,365,281,000,000
1,296,204,000,000
부채와자본총계
7,006,617,000,000
6,718,109,000,000
6,927,204,000,000
연결에 포함된 회사 (지배회사 포함)
13개
12개
10개
구분
제20기
(2024.1.1~2024.12.31)
제19기
(2023.1.1~2023.12.31)
제18기
(2022.1.1~2022.12.31)
[영업수익]
2,792,395,000,000
2,752,292,000,000
2,738,940,000,000
[영업이익]
284,812,000,000
305,192,000,000
308,394,000,000
[법인세차감전계속영업순이익]
133,400,000,000
161,437,000,000
137,584,000,000
[연결당기순이익]
102,711,000,000
115,205,000,000
88,329,000,000
< 연결당기순이익의귀속 >
ㆍ지배회사지분순이익
106,776,000,000
119,991,000,000
94,391,000,000
ㆍ비지배회사지분순이익
(4,065,000,000)
(4,786,000,000)
(6,062,000,000)
< 지배기업 소유주 지분에 대한 주당이익 >
ㆍ기본주당순이익(원)
2,924
3,275
2,577
ㆍ희석주당순이익(원)
2,924
3,275
2,577