롯데렌탈 / 2023.04.24 [정정] 사업보고서
1. 요약재무정보
가. 요약연결재무정보
롯데렌탈 주식회사와 그 종속기업 [단위: 원]
구분
제18기
(2022년 12월말)
제17기
(2021년 12월말)
제16기
(2020년 12월말)
자산총계
6,927,204,000,000
5,989,169,000,000
5,273,482,000,000
부채총계
5,631,000,000,000
4,751,832,000,000
4,567,111,000,000
자본총계
1,296,204,000,000
1,237,337,000,000
706,371,000,000
구분
제18기
(2022.1.1~2022.12.31)
(2021.1.1~2021.12.31)
제17기
제16기
(2020.1.1~2020.12.31)
매출액
2,738,940,000,000
2,422,659,000,000
2,252,073,000,000
영업이익
308,394,000,000
245,495,000,000
159,949,000,000
연결당기순이익
88,329,000,000
113,578,000,000
41,514,000,000
지배회사지분순이익
94,391,000,000
118,750,000,000
45,959,000,000
기본주당순이익(원)
2,577
3,687
1,562