매일홀딩스 / 2023.03.23 사업보고서
1. 요약재무정보
가. 요약 연결재무정보
(단위 : 원)
구분
제 54기
제 53기
제 52기
(2022년 12월말)
(2021년 12월말)
(2020년 12월말)
[유동자산]
671,943,772,000
715,877,497,000
531,044,022,000
1.현금및현금성자산
97,067,210,000
138,359,776,000
83,455,431,000
[비유동자산]
559,583,412,000
540,856,069,000
485,786,674,000
자산총계
1,271,527,184,000
1,256,733,567,000
1,016,830,696,000
[유동부채]
361,434,347,000
265,604,545,000
305,814,410,000
[비유동부채]
240,724,444,000
324,006,369,000
122,014,833,000
부채총계
602,158,791,000
589,610,914,000
427,829,242,000
[지배기업지분]
337,943,627,000
331,526,681,000
287,042,691,000
1.자본금
6,859,152,000
6,859,152,000
6,859,152,000
2.이익잉여금
463,806,503,000
459,183,968,000
414,902,508,000
[비지배지분]
331,424,766,000
335,595,972,000
301,958,763,000
자본총계
669,368,393,000
667,122,653,000
589,001,454,000
관계기업 ㆍ 공동기업 투자주식의 평가방법
원가법
원가법
원가법
(2022.1.1~ 2022.12.31)
(2021.1.1~ 2021.12.31)
(2020.1.1~ 2020.12.31)
매출액
1,979,261,381,000
1,806,735,439,000
1,661,650,086,000
영업이익
73,433,707,000
93,830,178,000
83,361,193,000
당기순이익
16,855,000,000
96,445,400,000
41,281,659,000
지배기업지분
6,515,711,000
45,373,895,000
1,969,523,000
비지배지분
10,339,290,000
51,071,505,000
39,312,136,000
기본주당순이익(원)
520
3,575
154
희석주당순이익(원)
520
3,575
154
연결에 포함된 회사 수(개)
12
12
12
* 한국채택국제회계기준 작성기준에 따라 작성되었습니다.