메이슨캐피탈 / 2022.06.21 사업보고서
1. 요약재무정보
가. 연결요약재무정보
(단위 : 원)
구분
제33기
제32기
제31기
[현금및예치금]
16,960,000,000
11,100,000,000
5,791,000,000
[유가증권]
24,393,000,000
6,509,000,000
5,241,000,000
[대출채권]
4,371,000,000
4,017,000,000
17,683,000,000
[기타자산]
21,204,000,000
21,160,000,000
19,188,000,000
자산총계
67,514,000,000
43,720,000,000
49,028,000,000
[차입부채]
10,000,000,000
9,810,000,000
15,899,000,000
[기타부채]
1,001,000,000
1,053,000,000
2,116,000,000
부채총계
11,001,000,000
10,863,000,000
18,015,000,000
[자본금]
75,592,000,000
49,592,000,000
49,592,000,000
[이익잉여금]
(19,934,000,000)
(18,373,000,000)
(19,222,000,000)
자본총계
56,512,000,000
32,857,000,000
31,013,000,000
영업이익
(1,884,000,000)
2,036,000,000
(7,107,000,000)
당기순이익
(1,664,000,000)
2,040,000,000
(6,864,000,000)
주) 상기 요약 연결재무정보는 한국 채택국제회계기준(K-IFRS)에 따라 작성되었습 니다
[연결재무제표의 연결에 포함된 회사]
사업연도
연결에 포함된 회사명
전기대비연결
전기대비연결
추가회사명
제외회사명
제33기
MASON MICROFINANCE COMPANY
-
-