모다이노칩 / 2023.03.17 사업보고서
1. 요약재무정보
가. 요약 연결재무정보
(단위 : 원)
구분
제23기
제22기
제21기
(2022년)
(2021년)
(2020년)
[유동자산]
253,313,000,000
232,025,000,000
212,657,000,000
현금및현금성자산
54,751,000,000
45,493,000,000
26,335,000,000
매출채권
52,595,000,000
38,442,000,000
45,727,000,000
재고자산
115,342,000,000
118,971,000,000
116,416,000,000
[비유동자산]
754,340,000,000
720,665,000,000
678,249,000,000
유형자산
522,157,000,000
558,743,000,000
501,677,000,000
무형자산
9,814,000,000
10,804,000,000
11,978,000,000
자산총계
1,007,652,000,000
952,690,000,000
890,906,000,000
[유동부채]
371,935,000,000
305,363,000,000
258,516,000,000
[비유동부채]
257,388,000,000
270,164,000,000
258,415,000,000
부채총계
629,323,000,000
575,527,000,000
516,931,000,000
[지배기업 소유지분]
356,528,000,000
355,077,000,000
348,500,000,000
자본금
39,861,000,000
39,861,000,000
39,861,000,000
이익잉여금
218,971,000,000
218,113,000,000
206,437,000,000
[비지배주주지분]
21,801,000,000
22,086,000,000
25,475,000,000
자본총계
378,329,000,000
377,163,000,000
373,975,000,000
매출액
411,288,000,000
399,501,000,000
412,196,000,000
영업이익
23,151,000,000
30,152,000,000
25,895,000,000
당기순이익
(370,000,000)
11,234,000,000
11,896,000,000
당기총포괄이익
1,030,000,000
13,156,000,000
11,636,000,000
기본주당이익(원)
(1)
144
133
연결에 포함된 회사수
14
15
13