사조산업 / 2025.03.12 사업보고서
1. 요약재무정보
(1) 요약 연결재무정보
(단위 : 원)
사업연도
구분
제 54 기
제 53 기
제 52 기
2024년 말
2023년 말
2022년 말
[유동자산]
287,937,000,000
299,435,000,000
338,171,000,000
ㆍ현금및현금성자산
34,577,000,000
22,373,000,000
15,606,000,000
[비유동자산]
928,859,000,000
870,325,000,000
828,441,000,000
자산총계
1,216,796,000,000
1,169,760,000,000
1,166,612,000,000
[유동부채]
462,076,000,000
460,396,000,000
429,303,000,000
[비유동부채]
91,108,000,000
61,888,000,000
94,073,000,000
부채총계
553,184,000,000
522,284,000,000
523,376,000,000
[자본금]
25,000,000,000
25,000,000,000
25,000,000,000
[이익잉여금]
493,462,000,000
491,797,000,000
478,625,000,000
[비지배주주지분]
114,310,000,000
119,129,000,000
129,624,000,000
자본총계
663,612,000,000
647,476,000,000
643,236,000,000
(2024.01.01 ~2024.12.31)
(2023.01.01 ~2023.12.31)
(2022.01.01 ~2022.12.31)
매출액
635,201,000,000
632,240,000,000
660,986,000,000
영업이익
(9,378,000,000)
(23,912,000,000)
55,174,000,000
연결총당기순이익
15,292,000,000
9,347,000,000
80,132,000,000
주당순이익(원)
927
3,853
13,998