삼목에스폼 / 2025.03.20 사업보고서
1. 요약재무정보
가. 요약연결재무정보
(단위 : 원)
과 목
제 40 기
(2024년 12월말)
제 39 기
(2023년 12월말)
제 38 기
(2022년 12월말)
자 산
Ⅰ.유동자산
400,863,558,426
317,606,991,467
233,389,549,063
1.현금및현금성자산
56,336,797,133
34,215,169,879
76,882,593,391
자 산 총 계
781,273,653,039
740,156,523,219
653,100,271,642
부 채
Ⅰ.유동부채
112,960,138,204
141,380,202,781
180,866,902,084
Ⅱ.비유동부채
23,638,662,672
23,788,207,650
24,773,304,720
부 채 총 계
136,598,800,876
165,168,410,431
205,640,206,804
자 본
Ⅰ.지배기업소유지분
644,674,852,163
574,988,112,788
447,460,064,838
1.자본금
7,350,000,000
7,350,000,000
7,350,000,000
5.이익잉여금
577,278,541,013
507,619,840,999
391,637,262,714
Ⅱ.비지배지분
-
-
-
자 본 총 계
644,674,852,163
574,988,112,788
447,460,064,838
부채와자본총계
781,273,653,039
740,156,523,219
653,100,271,642
(단위 : 원)
과 목
제 40 기 (2024.01.01~ 2024.12.31)
제 39 기 (2023.01.01~ 2023.12.31)
제 38 기 (2022.01.01~ 2022.12.31)
매출액
401,900,935,563
439,386,985,136
337,690,604,147
영업이익(손실)
75,317,069,744
124,131,729,083
68,098,389,379
당기순이익(손실)
73,400,633,756
119,380,219,211
58,543,171,663
총포괄이익
75,696,620,081
116,975,234,405
58,391,831,158
주당순이익
5,148
8,474
4,364

나. 요약재무정보
(단위 : 원)
과 목
제 40 기
(2024년 12월말)
제 39 기
(2023년 12월말)
제 38 기
(2022년 12월말)
자 산
Ⅰ.유동자산
359,813,624,382
294,098,991,332
200,230,407,894
1.현금및현금성자산
45,992,878,524
29,207,578,599
71,739,603,935
자 산 총 계
711,109,062,177
689,330,265,379
586,836,725,944
부 채
Ⅰ.유동부채
83,545,551,613
124,752,913,020
154,540,889,713
Ⅱ.비유동부채
8,123,844,702
7,057,823,582
8,131,992,882
부 채 총 계
91,669,396,315
131,810,736,602
162,672,882,595
자 본
1.자본금
7,350,000,000
7,350,000,000
7,350,000,000
5.이익잉여금
547,725,873,820
484,514,165,830
363,192,901,247
자 본 총 계
619,439,665,862
557,519,528,777
424,163,843,349
부채와자본총계
711,109,062,177
689,330,265,379
586,836,725,944
(단위 : 원)
과 목
제 40 기 (2024.01.01~ 2024.12.31)
제 39 기 (2023.01.01~ 2023.12.31)
제 38 기 (2022.01.01~ 2022.12.31)
매출액
328,190,036,417
404,013,780,045
317,584,243,328
영업이익(손실)
65,699,839,459
126,158,288,934
60,307,029,798
당기순이익(손실)
67,383,641,732
124,858,905,509
52,719,675,441
총포괄이익
67,930,017,790
122,802,871,883
53,469,073,134
주당순이익
4,726
8,863
3,930