삼목에스폼 / 2021.03.18 사업보고서
1. 요약재무정보
가. 요약연결재무정보
(단위 : 원)
구 분
제36기
제35기
제34기
(2021년 12월말)
(2020년 12월말)
(2019년 12월말)
자산총계
395,923,976,866
396,407,856,083
373,638,961,788
부채총계
56,366,830,110
54,089,578,384
43,336,831,602
자본총계
339,557,146,756
342,318,277,699
330,302,130,186
매 출 액
116,454,495,962
144,218,796,313
188,934,727,840
영업이익(손실)
(12,650,722,717)
11,367,058,093
43,748,596,274
당기순이익(손실)
705,493,115
13,699,546,839
39,536,173,021
총포괄이익(손실)
1,501,328,869
13,250,700,931
39,595,775,742
주당순이익(손실)(원)
58
1,112
2,996