삼천리자전거 / 2024.11.07 [정정] 사업보고서
1. 요약재무정보
가. 요약 연결재무정보
(단위 : 원)
구분
제45기말
제44기말
제43기말
(2023년 12월말)
(2022년 12월말)
(2021년 12월말)
자산총계
271,350,680,444
142,666,966,956
122,865,943,771
부채총계
113,999,836,979
49,245,854,713
23,859,608,899
자본총계
157,350,843,465
93,421,112,243
99,006,334,872
2023년 1월~12월
2022년 1월~12월
2021년 1월~12월
매출액
106,783,297,522
113,103,904,244
122,921,271,283
영업이익
(6,290,389,338)
2,127,873,334
11,939,583,736
법인세비용차감전순이익
3,205,354,902
(4,592,377,307)
7,164,698,224
연결당기순이익
6,200,377,346
(5,040,427,448)
4,355,666,002
지배기업소유주지분
5,098,638,092
(5,040,427,448)
4,355,666,002
비지배지분
1,101,739,254
-
-
기본주당이익
430
(416)
360
희석주당이익
430
(416)
359