삼천리자전거 / 2025.03.13 사업보고서
1. 요약재무정보
가. 요약 연결재무정보
(단위 : 원)
구분
제46기
제45기
제44기
(2023년 12월말)
(2022년 12월말)
(2021년 12월말)
[유동자산]
146,692,763,547
140,346,459,698
56,619,288,434
현금및현금성자산
37,773,906,484
9,702,136,948
17,108,434,966
[비유동자산]
134,641,250,301
131,004,220,746
86,047,678,522
자산총계
281,334,013,848
271,350,680,444
142,666,966,956
[유동부채]
101,448,393,532
103,200,863,936
46,077,224,570
[비유동부채]
20,188,965,833
10,798,973,043
3,168,630,143
부채총계
121,637,359,365
113,999,836,979
49,245,854,713
[자본금]
6,636,788,500
6,636,788,500
6,636,788,500
[이익잉여금]
44,500,868,885
44,477,955,936
39,418,328,243
[비지배지분]
67,156,279,603
65,120,789,284
0
자본총계
159,696,654,483
157,350,843,465
93,421,112,243
2024년 1월~12월
2023년 1월~12월
2022년 1월~12월
매출액
161,167,353,566
106,783,297,522
113,103,904,244
영업이익
3,013,641,806
(6,290,389,338)
2,127,873,334
법인세비용차감전순이익
3,537,518,538
3,205,354,902
(4,592,377,307)
연결당기순이익
1,642,308,771
6,200,377,346
(5,040,427,448)
지배기업소유주지분
(99,101,316)
5,098,638,092
(5,040,427,448)
비지배지분
1,741,410,087
1,101,739,254
0
기본주당이익
(9)
430
(416)