상상인 / 2025.03.18 사업보고서
1. 요약재무정보
가. 요약 연결재무정보
( 단위 : 원)
구분
제36기
제35기
제34기
[유동자산]
2,994,115,237,000
4,110,768,188,000
3,821,477,793,000
현금및현금성자산
264,362,777,000
512,263,182,000
583,604,636,000
매출채권
1,831,857,386,000
3,009,407,089,000
2,797,809,347,000
자산총계
5,104,241,131,000
6,714,393,955,000
6,302,067,305,000
[유동부채]
2,750,767,547,000
4,180,102,228,000
2,579,274,518,000
[비유동부채]
1,783,205,857,000
1,736,410,160,000
2,873,657,471,000
부채총계
4,533,973,404,000
5,916,512,388,000
5,452,931,989,000
자본금
57,187,237,000
57,187,237,000
57,187,237,000
이익잉여금
417,724,962,000
611,446,157,000
674,357,451,000
[비지배지분]
78,172,950,000
108,496,869,000
101,329,750,000
자본총계
570,267,727,000
797,881,568,000
849,135,316,000
2024.01.01 ~2024.12.31
2023.01.01 ~2023.12.31
2022.01.01 ~2022.12.31
매출액
870,250,386,000
936,962,707,000
764,621,201,000
영업이익(손실)
-214,829,325,000
-64,717,140,000
64,850,626,000
당기순이익
-215,053,660,000
-62,168,775,000
42,250,753,000
총포괄이익
-221,143,317,000
-54,963,656,000
57,230,243,000
기본주당이익
-3,538
-1,174
866
희석주당이익
-3,538
-1,174
849
연결에 포함된 회사수
24개
27개
26개
* 당기 및 비교표시된 제35기 및 제34기 요약 연결재무제표는 외부감사인의 감사를 받은 재무제표입니다.
** 제36기의 재무정보는 주주총회 승인 전 연결재무제표입니다. 향후 정기주주총회
에서 재무제표 승인 관련 안건이 부결되거나 수정이 발생한 경우 정정보고서를 통해 그 내용 및 사유 등을 반영할 예정입니다.