샘표 / 2024.03.11 사업보고서
1. 요약재무정보
가. 요약연결재무정보
(단위 : 원)
구 분
제53기
제52기
제51기
2023년 12월말
2022년 12월말
2021년 12월말
[유동자산]
190,023,540,407
205,815,950,899
210,015,301,950
현금및현금성자산
16,020,385,916
13,656,176,160
30,519,535,371
[비유동자산]
284,560,062,455
260,103,956,161
232,722,846,762
자산총계
474,583,602,862
465,919,907,060
442,738,148,712
[유동부채]
126,599,533,070
97,359,029,055
84,585,810,454
[비유동부채]
18,170,551,971
41,296,920,018
44,742,416,254
부채총계
144,770,085,041
138,655,949,073
129,328,226,708
[자본금]
2,875,800,000
2,875,800,000
2,875,800,000
[이익잉여금]
190,504,251,208
185,109,687,148
176,094,328,037
[소수주주지분]
131,919,864,087
127,934,953,900
122,526,185,880
자본총계
329,813,517,821
327,263,957,987
313,409,922,004
2023년 1월 ~ 12월
2022년 1월 ~ 12월
2021년 1월 ~ 12월
매출액
383,926,496,950
371,827,516,670
348,963,423,665
영업이익(손실)
8,130,901,397
10,335,490,908
21,904,156,438
연결총당기순이익(손실)
10,634,772,183
16,202,363,854
22,972,218,582
지배회사지분 순이익
6,080,379,157
10,437,644,930
11,876,684,329
연결기본주당이익(손실)
5,210
4,831
5,356

나. 요약재무정보
(단위 : 원)
구 분
제53기
제52기
제51기
2023년 12월말
2022년 12월말
2021년 12월말
[유동자산]
22,567,557,957
37,599,718,413
37,355,842,045
현금및현금성자산
68,202,491
267,258,852
184,564,472
[비유동자산]
180,668,264,916
166,673,077,710
160,861,974,136
자산총계
203,235,822,873
204,272,796,123
198,217,816,181
[유동부채]
368,505,605
585,363,438
373,161,200
[비유동부채]
5,747,303,534
5,118,808,598
7,672,218,857
부채총계
6,115,809,139
5,704,172,036
8,045,380,057
[자본금]
2,875,800,000
2,875,800,000
2,875,800,000
[이익잉여금]
189,730,611,208
184,349,307,148
175,383,028,037
자본총계
197,120,013,734
198,568,624,087
190,172,436,124
2023년 1월 ~ 12월
2022년 1월 ~ 12월
2021년 1월 ~ 12월
매출액(수익)
6,342,854,673
7,960,464,186
12,914,550,576
영업이익(손실)
4,837,046,984
6,640,816,796
11,423,842,114
총당기순이익(손실)
6,067,119,157
10,388,564,930
11,818,184,329
기본주당이익(손실)
2,972
4,809
5,329