샘표 / 2023.03.10 사업보고서
1. 요약재무정보
가. 요약연결재무정보
(단위 : 원)
구 분
제52기
제51기
제50기
2022년 12월말
2021년 12월말
2020년 12월말
[유동자산]
205,815,950,899
210,015,301,950
176,250,578,584
현금및현금성자산
13,656,176,160
30,519,535,371
31,568,990,455
[비유동자산]
260,103,956,161
232,722,846,762
204,904,971,533
자산총계
465,919,907,060
442,738,148,712
381,155,550,117
[유동부채]
97,359,029,055
84,585,810,454
56,043,065,890
[비유동부채]
41,296,920,018
44,742,416,254
34,104,966,169
부채총계
138,655,949,073
129,328,226,708
90,148,032,059
[지배기업소유주지분]
199,329,004,087
190,883,736,124
179,151,974,951
자본금
2,875,800,000
2,875,800,000
2,875,800,000
[이익잉여금]
185,109,687,148
176,094,328,037
142,163,613,667
[소수주주지분]
127,934,953,900
122,526,185,880
111,855,543,107
자본총계
327,263,957,987
313,409,922,004
291,007,518,058
2022년 1월 ~ 12월
2021년 1월 ~ 12월
2020년 1월 ~ 12월
매출액
371,827,516,670
348,963,423,665
319,076,436,534
영업이익(손실)
10,335,490,908
21,904,156,438
41,110,653,286
연결총당기순이익(손실)
16,202,363,854
22,972,218,582
35,272,383,470
지배회사지분 순이익
10,437,644,930
11,876,684,329
17,878,949,808
연결기본주당이익(손실)
4,831
5,356
8,062
연결에 포함된 회사수
6개
6개
5개
나. 요약재무정보
(단위 : 원)
구 분
제52기
제51기
제50기
2022년 12월말
2021년 12월말
2020년 12월말
[유동자산]
37,599,718,413
37,355,842,045
38,148,279,241
[비유동자산]
166,673,077,710
160,861,974,136
147,327,243,314
자산총계
204,272,796,123
198,217,816,181
185,475,522,555
[유동부채]
585,363,438
373,161,200
596,791,269
[비유동부채]
5,118,808,598
7,672,218,857
6,379,556,335
부채총계
5,704,172,036
8,045,380,057
6,976,347,604
[자본금]
2,875,800,000
2,875,800,000
2,875,800,000
[이익잉여금]
184,349,307,148
175,383,028,037
141,510,813,667
자본총계
198,568,624,087
190,172,436,124
178,499,174,951
2022년 1월 ~ 12월
2021년 1월 ~ 12월
2020년 1월 ~ 12월
매출액(수익)
7,960,464,186
12,914,550,576
18,279,057,703
영업이익(손실)
6,640,816,796
11,423,842,114
16,828,821,350
총당기순이익(손실)
10,388,564,930
11,818,184,329
17,920,829,808
기본주당이익(손실)
4,809
5,329
8,081