샘표 / 2025.08.14 [정정] 사업보고서
1. 요약재무정보
가. 요약연결재무정보
(단위 : 원)
구 분
제54기
제53기
제52기
2024년 12월말
2023년 12월말
2022년 12월말
[유동자산]
206,559,971,881
190,023,540,407
205,815,950,899
현금및현금성자산
29,980,738,402
16,020,385,916
13,656,176,160
매출채권 및 기타채권
39,540,986,080
40,729,302,777
41,316,441,086
재고자산
69,085,723,272
72,089,056,241
73,749,174,206
[비유동자산]
273,220,948,129
284,560,062,455
260,103,956,161
유형자산
207,615,876,845
207,775,866,122
192,227,842,223
자산총계
479,780,920,010
474,583,602,862
465,919,907,060
[유동부채]
122,340,913,957
126,599,533,070
97,359,029,055
[비유동부채]
16,696,627,105
18,170,551,971
41,296,920,018
부채총계
139,037,541,062
144,770,085,041
138,655,949,073
[지배기업소유주지분]
204,931,002,831
197,893,653,734
199,329,004,087
자본금
2,875,800,000
2,875,800,000
2,875,800,000
이익잉여금
196,511,398,333
190,504,251,208
185,109,687,148
[소수주주지분]
135,812,376,117
131,919,864,087
127,934,953,900
자본총계
340,743,378,948
329,813,517,821
327,263,957,987
2024년 1월 ~ 12월
2023년 1월 ~ 12월
2022년 1월 ~ 12월
매출액
404,955,848,041
383,926,496,950
371,827,516,670
영업이익(손실)
5,875,234,279
8,130,901,397
10,335,490,908
당기순이익(손실)
10,732,118,074
10,634,772,183
16,202,363,854
주당순이익(손실)(원)
5,325
5,210
4,831