세기상사 / 2023.03.22 사업보고서
1. 요약재무정보
※ 아래 재무제표는 한국채택국제회계기준 작성기준에 따라 작성되었으며, 당사의 제66기, 제65기, 제64기 재무제표는 외부감사인의 감사를 받은 재무제표입니다.
(가). 요약 재무정보
(단위 : 원)
구분
제66기
제65기
제64기
2022년 12월말
2021년 12월말
2020년 12월말
[유동자산]
8,610,007,524,000
2,790,210,469,000
1,343,171,526,000
[비유동자산]
43,031,833,178,000
43,598,662,188,000
39,174,027,094,000
자산총계
51,641,840,702,000
46,388,872,657,000
40,517,198,620,000
[유동부채]
3,330,747,632,000
12,799,946,180,000
7,453,099,759,000
[비유동부채]
21,729,895,445,000
15,000,206,346,000
12,417,536,974,000
부채총계
25,060,643,077,000
27,800,152,526,000
19,870,636,733,000
[자본금]
2,646,574,000,000
2,037,960,000,000
2,037,960,000,000
[이익잉여금]
(9,385,422,398,000)
(8,152,794,492,000)
(6,094,952,736,000)
자본총계
26,581,197,625,000
18,588,720,131,000
20,646,561,887,000
매출액
33,710,303,333,000
17,880,222,962,000
2,234,196,226,000
영업이익
(789,291,696,000)
(1,552,340,389,000)
(1,202,523,191,000)
당기순이익
(1,271,122,483,000)
(1,944,921,160,000)
(1,536,832,840,000)
주당순이익(원)
(274)
(477)
(377)