씨젠 / 2021.03.18 사업보고서
1. 요약재무정보
가. 요약연결재무정보
(단위 : 원)
과목
제21기
제20기
제19기
자산총계
1,094,574,624,000
195,715,540,000
163,806,004,000
부채총계
448,168,696,000
42,889,888,000
35,449,567,000
자본총계
646,405,928,000
152,825,653,000
128,356,437,000
(2020.01.01~ 2020.12.31)
(2019.01.01~ 2019.12.31)
(2018.01.01~ 2018.12.31)
매출액
1,125,215,549,000
121,953,287,000
102,264,773,000
영업이익
676,189,736,000
22,423,158,000
10,624,760,000
당기순이익
503,147,149,000
26,709,828,000
10,711,351,000
총포괄손익
496,179,473,000
26,554,807,000
10,258,298,000
기본주당이익 (단위 : 원)
19,324
1,026
413
연결에 포함된 회사 수
9
8
6
나. 요약재무정보
(단위 : 원)
과목
제21기
제20기
제19기
자산총계
1,062,683,715,000
181,120,290,000
151,822,829,000
부채총계
398,783,580,000
29,279,871,000
25,414,054,000
자본총계
663,900,134,000
151,840,419,000
126,408,775,000
(2020.01.01~ 2020.12.31)
(2019.01.01~ 2019.12.31)
(2018.01.01~ 2018.12.31)
매출액
1,068,569,150,000
97,156,071,000
83,937,581,000
영업이익
697,609,173,000
21,983,384,000
11,411,552,000
당기순이익
519,527,156,000
25,801,354,000
4,673,872,000
총포괄손익
514,658,913,000
25,431,644,000
4,216,001,000
기본주당이익 (단위 : 원)
19,988
993
180