씨젠 / 2023.03.16 사업보고서
1. 요약재무정보
가. 요약연결재무정보
(단위 : 원)
과목
제23기
제22기
제21기
재무상태표
(2022년 12월말)
(2021년 12월말)
(2020년 12월말)
자산총계
1,390,777,557,000,000
1,489,718,581,000,000
1,094,574,624,000,000
부채총계
240,498,583,000,000
406,122,213,000,000
448,168,696,000,000
자본총계
1,150,278,975,000,000
1,083,596,368,000,000
646,405,928,000,000
손익계산서
(2022.01.01~ 2022.12.31)
(2021.01.01~ 2021.12.31)
(2020.01.01~ 2020.12.31)
매출액
853,561,091,000,000
1,370,833,012,000,000
1,125,215,549,000,000
영업이익
196,492,263,000,000
666,658,312,000,000
676,189,736,000,000
당기순이익
182,432,359,000,000
537,560,661,000,000
503,147,149,000,000
총포괄손익
188,396,935,000,000
536,461,293,000,000
496,179,473,000,000
기본주당이익(단위: 원)
3,586
10,359
9,662

나. 요약재무정보
(단위 : 원)
과목
제23기
제22기
제21기
재무상태표
(2022년 12월말)
(2021년 12월말)
(2020년 12월말)
자산총계
1,255,782,005,000,000
1,391,996,233,000,000
1,062,683,715,000,000
부채총계
197,033,009,000,000
362,836,941,000,000
398,783,580,000,000
자본총계
1,058,748,996,000,000
1,029,159,292,000,000
663,900,134,000,000
손익계산서
(2022.01.01~ 2022.12.31)
(2021.01.01~ 2021.12.31)
(2020.01.01~ 2020.12.31)
매출액
700,378,289,000,000
1,148,586,421,000,000
1,068,569,150,000,000
영업이익
162,078,564,000,000
575,752,899,000,000
697,609,173,000,000
당기순이익
146,249,176,000,000
466,885,362,000,000
519,527,156,000,000
총포괄손익
149,395,695,000,000
464,530,010,000,000
514,658,913,000,000
기본주당이익(단위: 원)
2,880
9,014
9,994