아이디피 / 2022.03.14 사업보고서
1. 요약재무정보
(1) 요약 연결재무정보
(단위: 원)
구 분
제17기
제16기
제15기
[유동자산]
39,545,908,647
33,385,641,348
21,699,822,696
ㆍ현금및현금성자산
4,605,080,574
4,581,718,722
6,866,814,516
ㆍ매출채권및기타채권
5,952,092,526
4,441,125,831
4,549,899,931
ㆍ재고자산
8,728,726,182
6,678,605,579
7,583,008,500
[비유동자산]
6,880,771,301
6,238,542,372
5,177,804,186
ㆍ유형자산
5,650,032,309
4,733,432,348
3,825,415,473
ㆍ무형자산
194,108,050
214,040,122
212,517,495
자산총계
46,426,679,948
39,624,183,720
26,877,626,882
[유동부채]
4,886,164,959
2,031,107,534
3,089,148,965
[비유동부채]
264,269,508
362,570,427
455,233,856
부채총계
5,150,434,467
2,393,677,961
3,544,382,821
[자본금]
3,318,431,500
3,318,431,500
2,659,431,500
[이익잉여금]
23,860,271,835
20,134,516,423
18,515,086,201
[비지배지분]
125,941,628
7,250,439
8,341,328
자본총계
41,276,245,481
37,230,505,759
23,333,244,061
구 분
2021.01.01~2021.12.31
2020.01.01~2020.12.31
2019.01.01~2019.12.31
매출액
26,092,880,717
18,733,864,371
25,385,124,539
영업이익
3,921,517,533
2,017,340,257
4,178,986,691
당기순이익
4,270,368,064
1,618,792,456
3,615,386,232
지배기업 소유주지분
4,256,704,452
1,619,430,222
3,610,317,765
기본주당순이익
641
279
680
희석주당순이익
641
279
680
연결에 포함된 회사수
1개
1개
1개