아이디피 / 2021.03.16 사업보고서
1. 요약재무정보
(1) 요약연결재무정보
(단위: 원)
구 분
제16기
제15기
제14기
[유동자산]
33,385,641,348
21,699,822,696
17,933,469,305
ㆍ현금및현금성자산
4,581,718,722
6,866,814,516
3,581,497,736
자산총계
39,624,183,720
26,877,626,882
22,837,124,605
[유동부채]
2,031,107,534
3,089,148,965
3,345,441,671
[비유동부채]
362,570,427
455,233,856
2,976,040,451
부채총계
2,393,677,961
3,544,382,821
6,321,482,122
[지배기업 소유주지분]
37,223,255,320
23,324,902,733
16,594,569,262
ㆍ자본금
3,318,431,500
2,659,431,500
1,627,150,000
ㆍ이익잉여금
20,134,516,423
18,515,086,201
14,904,768,436
[비지배지분]
7,250,439
8,341,328
(78,926,779)
자본총계
37,230,505,759
23,333,244,061
16,515,642,483
구 분
2020.01.01~2020.12.31
2019.01.01~2019.12.31
2018.01.01~2018.12.31
매출액
18,733,864,371
25,385,124,539
19,115,474,911
영업이익
2,017,340,257
4,178,986,691
2,525,653,780
당기순이익
1,618,792,456
3,615,386,232
2,295,475,446
지배기업 소유주지분
1,619,430,222
3,610,317,765
2,289,319,482
기본주당순이익
279
680
461
희석주당순이익
279
680
437