알톤 / 2024.03.18 사업보고서
1. 요약재무정보
가. 요약연결재무정보
(단위 : 원)
과 목
제 14기
제 13기
제 12기
2023년 12월말
2022년 12월말
2021년 12월말
[유동자산]
37,650,312,000,000
33,946,770,000,000
37,344,508,000,000
현금및현금성자산
18,432,406,000,000
12,538,359,000,000
11,075,072,000,000
자산총계
44,657,529,000,000
41,625,257,000,000
45,537,693,000,000
[유동부채]
17,308,259,000,000
14,294,032,000,000
17,438,929,000,000
[비유동부채]
879,803,000,000
242,943,000,000
450,969,000,000
부채총계
18,188,062,000,000
14,536,975,000,000
17,889,898,000,000
[지배기업의 소유주지분]
26,469,467,000,000
27,088,282,000,000
27,647,795,000,000
자본금
6,373,149,000,000
6,373,149,000,000
6,373,149,000,000
[결손금]
(7,244,318,000,000)
(6,881,427,000,000)
(6,174,476,000,000)
자본총계
26,469,467,000,000
27,088,282,000,000
27,647,795,000,000
(23.01.01~23.12.31)
(22.01.01~22.12.31)
(21.01.01~21.12.31)
매출액
42,402,825,000,000
51,317,871,000,000
49,991,547,000,000
영업이익
649,776,000,000
2,086,327,000,000
4,943,252,000,000
당기순이익(손실)
(362,891,000,000)
(706,951,000,000)
4,846,032,000,000
총포괄이익의 귀속
지배기업의 소유지분
(667,502,000,000)
(761,104,000,000)
5,106,485,000,000
기본주당이익
(29)
(56)
382
희석주당이익
(29)
(56)
382
연결에 포함된 회사수
1
1
1
(주1) 한국채택국제회계기준(K-IFRS)에 따라 작성되었습니다.
(주2) 상기 요약연결재무정보는 주주총회 승인전 재무제표로 향후 정기주주총회에서 재무제표 승인 관련하여 안건이 부결되거나 수정이 발생한 경우 정정보고서를 통해
내용 및 사유 등을 반영할 예정입니다.