알톤 / 2022.03.15 사업보고서
1. 요약재무정보
가. 요약연결재무정보
(단위 : 원)
과 목
제 12기
제 11기
제 10기
2021년 12월말
2020년 12월말
2019년 12월말
[유동자산]
37,344,508,000,000
25,491,707,000,000
28,154,311,000,000
현금및현금성자산
11,075,072,000,000
7,989,806,000,000
9,429,926,000,000
재고자산
18,946,045,000,000
10,925,940,000,000
7,093,808,000,000
[비유동자산]
8,193,184,000,000
7,411,391,000,000
5,551,918,000,000
유형자산
3,513,612,000,000
3,176,140,000,000
2,634,982,000,000
사용권자산
1,929,783,000,000
1,364,131,000,000
1,055,926,000,000
무형자산
16,468,000,000
13,363,000,000
5,000,000,000
자산총계
45,537,693,000,000
32,903,098,000,000
33,706,229,000,000
[유동부채]
17,438,929,000,000
10,963,161,000,000
17,143,897,000,000
[비유동부채]
450,969,000,000
398,118,000,000
695,949,000,000
부채총계
17,889,898,000,000
11,361,279,000,000
17,839,846,000,000
[지배기업소유주지분]
27,647,795,000,000
21,541,818,000,000
15,866,383,000,000
자본금
6,373,149,000,000
6,373,149,000,000
6,373,149,000,000
[기타포괄손익누계액]
755,204,000,000
494,750,000,000
373,554,000,000
[결손금]
(6,174,476,000,000)
(11,020,508,000,000)
(16,574,747,000,000)
자본총계
27,647,795,000,000
21,541,818,000,000
15,866,383,000,000
(21.01.01~21.12.31)
(20.01.01~20.12.31)
(19.01.01~19.12.31)
매출액
49,991,547,000,000
44,906,054,000,000
31,187,516,000,000
영업이익(손실)
4,943,252,000,000
5,251,822,000,000
(10,618,914,000,000)
당기순이익
4,846,032,000,000
5,554,239,000,000
(12,218,530,000,000)
연결총포괄이익(손실)의 귀속:
지배기업의 소유주지분
5,106,485,000,000
5,675,435,000,000
(12,223,748,000,000)
기본주당손실 (단위 : 원)
382
441
(971)
희석주당손실 (단위 : 원)
382
441
(971)
연결에 포함된 회사수
1
1
1
(주1) 한국채택국제회계기준(K-IFRS)에 따라 작성되었습니다.
(주2) 상기 요약연결재무정보는 주주총회 승인전 재무제표로 향후 정기주주총회에서 재무제표 승인 관련하여 안건이 부결되거나 수정이 발생한 경우 정정보고서를 통해
내용 및 사유 등을 반영할 예정입니다.