알톤 / 2021.03.17 사업보고서
1. 요약재무정보
가. 요약연결재무정보
(단위 : 원)
과 목
제 11기
제 10기
제 9기
2020년 12월말
2019년 12월말
2018년 12월말
[유동자산]
25,491,707,000
28,154,311,000
36,587,136,000
현금및현금성자산
7,989,806,000
9,429,926,000
5,434,756,000
재고자산
10,925,940,000
7,093,808,000
12,387,026,000
[비유동자산]
7,411,391,000
5,551,918,000
17,219,221,000
유형자산
3,176,140,000
2,634,982,000
12,672,143,000
자산총계
32,903,098,000
33,706,229,000
53,806,357,000
[유동부채]
10,963,161,000
17,143,897,000
25,631,509,000
[비유동부채]
398,118,000
695,949,000
49,515,000
부채총계
11,361,279,000
17,839,846,000
25,681,024,000
[지배기업소유주지분]
21,541,818,000
15,866,383,000
28,125,333,000
자본금
6,373,149,000
6,373,149,000
6,373,149,000
기타포괄손익누계액
494,750,000
373,554,000
378,771,000
결손금
(11,020,508,000)
(16,574,747,000)
(4,321,015,000)
자본총계
21,541,818,000
15,866,383,000
28,125,333,000
(20.01.01~20.12.31)
(19.01.01~19.12.31)
(18.01.01~18.12.31)
매출액
44,906,054,000
31,187,516,000
49,080,045,000
영업이익(손실)
5,251,822,000
(10,618,914,000)
(1,191,032,000)
당기순이익
5,554,239,000
(12,218,530,000)
(2,281,980,000)
지배기업의 소유주지분
5,554,239,000
(12,218,530,000)
(2,281,980,000)
지배기업의 소유주지분
5,675,435,000
(12,223,748,000)
(2,202,614,000)
기본주당손실 (단위 : 원)
441
(971)
(181)
희석주당손실 (단위 : 원)
441
(971)
(181)
연결에 포함된 회사수
1
1
1
(주1) 한국채택국제회계기준(K-IFRS)에 따라 작성되었습니다. (주2) 상기 요약연결재무정보는 주주총회 승인전 재무제표로 향후 정기주주총회에서 제무제표 승인 관련하여 안건이 부결되거나 수정이 발생한 경우 정정보고서를 통해
내용 및 사유 등을 반영할 예정입니다.