알톤 / 2023.03.20 사업보고서
1. 요약재무정보
가. 요약연결재무정보
(단위 : 원)
과 목
제 13기
제 12기
제 11기
2022년 12월말
2021년 12월말
2020년 12월말
[유동자산]
33,946,770,000,000
37,344,508,000,000
25,491,707,000,000
현금및현금성자산
12,538,359,000,000
11,075,072,000,000
7,989,806,000,000
매출채권
4,314,725,000,000
2,794,992,000,000
2,654,380,000,000
재고자산
13,817,707,000,000
18,946,045,000,000
10,925,940,000,000
[비유동자산]
7,678,486,000,000
8,193,184,000,000
7,411,391,000,000
유형자산
3,309,219,000,000
3,513,612,000,000
3,176,140,000,000
자산총계
41,625,257,000,000
45,537,693,000,000
32,903,098,000,000
[유동부채]
14,294,032,000,000
17,438,929,000,000
10,963,161,000,000
[비유동부채]
242,943,000,000
450,969,000,000
398,118,000,000
부채총계
14,536,975,000,000
17,889,898,000,000
11,361,279,000,000
[지배기업소유주지분]
27,088,282,000,000
27,647,795,000,000
21,541,818,000,000
자본금
6,373,149,000,000
6,373,149,000,000
6,373,149,000,000
이익잉여금
(6,881,427,000,000)
(6,174,476,000,000)
(11,020,508,000,000)
자본총계
27,088,282,000,000
27,647,795,000,000
21,541,818,000,000
(22.01.01~22.12.31)
(21.01.01~21.12.31)
(20.01.01~20.12.31)
매출액
51,317,871,000,000
49,991,547,000,000
44,906,054,000,000
영업이익(손실)
2,086,327,000,000
4,943,252,000,000
5,251,822,000,000
당기순이익
(706,951,000,000)
4,846,032,000,000
5,554,239,000,000
연결총당기순이익(손실)의 귀속:
과 목
제 13기
제 12기
제 11기
2022년 12월말
2021년 12월말
2020년 12월말
지배기업의 소유주지분
(706,951,000,000)
4,846,032,000,000
5,554,239,000,000
연결총포괄이익(손실)의 귀속:
지배기업의 소유주지분
(761,104,000,000)
5,106,485,000,000
5,675,435,000,000
주당손실
기본주당손실 (단위 : 원)
(56)
382
441
희석주당손실 (단위 : 원)
(56)
382
441
연결에 포함된 회사수
1
1
1
나. 요약별도재무정보
(주1) 한국채택국제회계기준(K-IFRS)에 따라 작성되었습니다.
(주2) 상기 요약연결재무정보는 주주총회 승인전 재무제표로 향후 정기주주총회에서
재무제표 승인 관련하여 안건이 부결되거나 수정이 발생한 경우 정정보고서를 통해
내용 및 사유 등을 반영할 예정입니다.
(단위: 원)
과 목
제 13기
제 12기
제 11기
2022년 12월말
2021년 12월말
2020년 12월말
[유동자산]
29,316,230,000,000
30,421,616,000,000
20,981,040,000,000
현금및현금성자산
11,495,054,000,000
10,560,591,000,000
6,463,157,000,000
매출채권
3,828,039,000,000
2,684,343,000,000
2,614,885,000,000
재고자산
6,923,628,000,000
8,131,177,000,000
5,417,210,000,000
[비유동자산]
5,697,119,000,000
5,967,541,000,000
3,484,056,000,000
유형자산
323,804,000,000
374,885,000,000
287,521,000,000
자산총계
35,013,349,000,000
36,389,157,000,000
24,465,095,000,000
[유동부채]
6,831,333,000,000
8,290,297,000,000
4,036,920,000,000
[비유동부채]
242,943,000,000
450,969,000,000
398,118,000,000
부채총계
7,074,276,000,000
8,741,265,000,000
4,435,038,000,000
자본금
6,373,149,000,000
6,373,149,000,000
6,373,149,000,000
이익잉여금
(5,636,636,000,000)
(5,726,226,000,000)
(12,344,569,000,000)
자본총계
27,939,074,000,000
27,647,892,000,000
20,030,058,000,000
(22.01.01~22.12.31)
(21.01.01~21.12.31)
(20.01.01~20.12.31)
매출액
48,398,434,000,000
48,198,779,000,000
43,593,720,000,000
영업이익(손실)
550,853,000,000
4,891,738,000,000
5,858,170,000,000
당기순이익(손실)의 귀속
89,590,000,000
6,618,343,000,000
5,920,367,000,000
총포괄이익(손실)의 귀속
89,590,000,000
6,618,343,000,000
5,920,367,000,000
주당이익
기본주당이익(손실) (단위 : 원)
7
522
470
희석주당이익(손실) (단위 : 원)
7
522
470