알톤 / 2025.03.17 사업보고서
1. 요약재무정보
가. 요약연결재무정보
(단위 : 원)
과 목
제 15기
제 14기
제 13기
2024년 12월말
2023년 12월말
2022년 12월말
[유동자산]
24,078,001,000,000
36,904,206,000,000
33,946,770,000,000
현금및현금성자산
12,908,214,000,000
18,432,406,000,000
12,538,359,000,000
자산총계
30,666,545,000,000
43,911,423,000,000
41,625,256,000,000
[유동부채]
10,152,603,000,000
16,755,303,000,000
14,294,032,000,000
[비유동부채]
439,584,000,000
879,803,000,000
242,943,000,000
부채총계
10,592,187,000,000
17,635,106,000,000
14,536,975,000,000
[자본금]
6,373,149,000,000
6,373,149,000,000
6,373,149,000,000
[이익잉여금(결손금)]
(13,785,603,000,000)
(7,437,469,000,000)
(6,881,428,000,000)
[비지배지분]
-
-
-
자본총계
20,074,358,000,000
26,276,316,000,000
27,088,282,000,000
(24.01.01~24.12.31)
(23.01.01~23.12.31)
(22.01.01~22.12.31)
매출액
28,185,286,000,000
42,075,044,000,000
51,317,871,000,000
영업이익
(5,488,953,000,000)
744,173,000,000
2,086,327,000,000
당기순이익(손실)
(6,348,135,000,000)
(268,494,000,000)
(706,951,000,000)
총포괄이익의 귀속
지배기업의 소유지분
(6,225,359,000,000)
(573,106,000,000)
(761,104,000,000)
주당이익
기본주당이익
(499)
(21)
(56)
희석주당이익
(499)
(21)
(56)