에이플러스에셋 / 2024.03.20 사업보고서
1. 요약재무정보
가. 요약연결재무정보
(단위 : 원)
구 분
제17기
(2023.12.31)
제16기
(2022.12.31)
제15기
(2021.12.31)
회계처리기준
K-IFRS
K-IFRS
K-IFRS
자산총계
372,854,701,000
345,302,037,000
285,589,305,000
부채총계
183,319,122,000
159,153,035,000
157,987,674,000
자본총계
189,535,579,000
186,149,002,000
127,601,631,000
영업수익
354,607,753,000
270,723,518,000
258,020,394,000
영업이익
7,648,300,000
1,355,638,000
5,736,591,000
당기순이익(손실)
11,677,349,000
65,517,049,000
15,413,007,000
ㆍ지배주주지분순이익(손실)
10,193,271,000
50,325,819,000
12,104,248,000
ㆍ비지배주주지분순이익(손실)
1,484,078,000
15,191,230,000
3,308,759,000
주당순이익(손실)
451
2,226
535
연결에 포함된 종속회사수
7
7
7