에이플러스에셋 / 2025.03.20 사업보고서
1. 요약재무정보
가. 요약연결재무정보
(단위 : 원)
구 분
제18기
제17기
제16기
(2024.12.31)
(2023.12.31)
(2022.12.31)
회계처리기준
K-IFRS
K-IFRS
K-IFRS
자산총계
479,276,186,000
372,854,701,000
345,302,037,000
부채총계
235,502,733,000
183,319,122,000
159,153,035,000
자본총계
243,773,453,000
189,535,579,000
186,149,002,000
영업수익
515,785,555,000
354,607,753,000
270,723,518,000
영업이익(영업손실)
31,550,650,000
7,648,300,000
1,355,638,000
당기순이익(손실)
10,111,439,000
11,677,349,000
65,517,049,000
지배주주지분순이익(손실)
2,480,215,000
10,193,271,000
50,325,819,000
보통주 기본주당손익
(14)
452
2,226
연결에 포함된 종속회사수
11
7
7