에코플라스틱 / 2024.03.20 사업보고서
1. 요약재무정보
※ 제40기 , 제39기, 제38기 재무제표는 한국채택국제회계 기준에 따라 작성되었으 며 주석사항 또한 한국채택국제회계에 따라 작성되었습니다.
(단위 : 원)
과 목
제40기
제39기
제38기
자 산
Ⅰ. 유동자산
427,489,705,894
375,747,538,375
306,510,686,260
현금및현금성자산
63,124,367,471
26,044,366,383
8,205,672,235
매출채권및기타채권
200,622,744,006
216,980,972,663
171,342,200,996
재고자산
107,274,548,860
93,028,888,493
85,475,334,851
기타유동자산
41,672,369,534
33,960,719,564
24,220,231,306
당기손익-공정가치측정금융자산
163,197,371
160,903,821
3,000,000
기타금융자산
14,632,478,652
5,571,687,451
5,824,009,952
Ⅱ. 비유동자산
560,868,712,363
435,182,998,748
376,976,515,289
기타금융자산
7,690,331,287
7,745,336,680
10,340,209,818
매출채권및기타채권
5,807,524,521
1,552,312,096
1,544,829,566
당기손익-공정가치측정금융자산
993,517,160
4,987,168,814
5,049,500,000
기타비유동자산
98,312,260
86,782,577
946,105,843
관계기업투자주식
453,851,729
461,230,586
282,945,234
유형자산
504,453,825,383
391,876,000,428
337,081,468,192
무형자산
19,207,524,849
15,724,178,148
9,280,137,139
사용권 자산
16,180,160,313
5,811,578,327
4,923,410,508
자산총계
988,358,418,257
810,930,537,123
683,487,201,549
부 채
Ⅰ. 유동부채
533,776,103,960
525,377,621,138
460,080,866,939
매입채무및기타채무
319,979,019,574
362,358,092,371
271,694,156,996
단기차입금
172,760,898,075
147,315,113,174
170,550,163,518
기타유동부채
10,757,822,817
9,878,396,338
12,395,591,838
리스부채
2,825,973,118
1,901,141,368
1,384,328,378
당기법인세부채
7,454,851,819
3,924,198,005
4,056,626,209
Ⅱ. 비유동부채
236,753,540,639
129,049,632,530
94,342,147,768
장기차입금
166,220,274,023
53,614,687,761
15,303,395,312
확정급여부채
37,591,094,563
34,098,926,768
41,753,721,491
장기종업원급여부채
4,699,283,025
4,928,233,073
5,805,897,569
리스부채
11,765,815,035
2,100,222,505
1,668,128,881
기타비유동부채
5,076,333,052
4,275,166,828
3,992,180,782
이연법인세부채
11,355,740,941
9,950,062,260
5,197,823,730
부채총계
770,529,644,599
654,427,253,668
554,423,014,707
자 본
Ⅰ. 지배기업소유주지분
216,676,369,723
154,991,820,135
129,064,184,742
자본금
20,584,685,000
17,084,685,000
17,084,685,000
이익잉여금
142,721,176,747
105,523,386,519
78,267,395,259
II . 비지배지분
1,152,403,935
1,511,463,320
2,100
자본총계
217,828,773,658
156,503,283,455
129,064,186,842
부채와자본총계
988,358,418,257
810,930,537,123
683,487,201,549
1. 매출액
2,160,621,914,515
1,821,519,312,265
1,517,574,986,027
2. 영업이익
72,420,507,238
38,516,830,106
15,774,824,600
3. 당기순이익
43,313,989,565
23,595,092,778
5,428,884,898
총포괄이익
38,851,645,246
28,440,311,668
9,145,454,165
지배회사소유주지분
39,210,703,731
23,121,121,496
5,572,348,380
비지배지분
(359,058,485)
5,319,190,172
3,573,105,785
6. 기본주당이익 (단위 : 원)
1,281
710
170
연결에 포함된 회사수
18
17
10

나. 요약재무정보 (제거)