엔지브이아이 / 2025.03.20 사업보고서
1. 요약재무정보
가. 요약 연결 재무상태표
(단위 : 원)
구분
2024연도(제25기)
2023연도(제24기)
2022연도(제23기)
유동자산
6,500,000,000
5,410,000,000
17,890,000,000
매출채권
5,030,000,000
4,220,000,000
4,900,000,000
재고자산
80,000,000
90,000,000
11,740,000,000
비유동자산
2,170,000,000
1,760,000,000
1,750,000,000
유형자산
30,000,000
60,000,000
60,000,000
자산총계
8,670,000,000
7,170,000,000
19,640,000,000
유동부채
23,030,000,000
12,400,000,000
5,750,000,000
비유동부채
3,250,000,000
4,920,000,000
4,180,000,000
부채총계
26,280,000,000
17,330,000,000
9,930,000,000
자본금
30,100,000,000
30,100,000,000
30,100,000,000
이익잉여금
(149,100,000,000)
(141,560,000,000)
(121,690,000,000)
자본총계
(17,600,000,000)
(10,150,000,000)
9,710,000,000

나. 요약 연결 (포괄) 손익계산서
(단위 : 원)
구분
2024연도(제25기)
2023연도(제24기)
2022연도(제23기)
매출액
6,450,000,000
6,980,000,000
8,690,000,000
매출원가
3,900,000,000
15,800,000,000
17,110,000,000
매출총이익
2,540,000,000
(8,820,000,000)
(8,410,000,000)
판매비와관리비
9,460,000,000
12,020,000,000
12,770,000,000
영업이익
(6,910,000,000)
(20,840,000,000)
(21,190,000,000)
영업외수익
70,000,000
1,280,000,000
4,370,000,000
영업외비용
690,000,000
300,000,000
630,000,000
법인세비용차감전 순이익
(7,530,000,000)
(19,870,000,000)
(17,450,000,000)
당기순이익
(7,530,000,000)
(19,870,000,000)
(17,450,000,000)