엔지브이아이 / 2023.03.21 사업보고서
1. 요약재무정보
가. 요약 재무상태표
(단위 : 원)
구분
2022연도(제23기)
2021연도(제22기)
2020연도(제21기)
자산총계
1,964,000,000,000
4,664,000,000,000
5,714,000,000,000
부채총계
993,000,000,000
1,947,000,000,000
2,010,000,000,000
자본금
3,010,000,000,000
3,010,000,000,000
3,010,000,000,000
이익잉여금
-12,169,000,000,000
-10,424,000,000,000
-9,437,000,000,000
자본총계
971,000,000,000
2,717,000,000,000
3,704,000,000,000

나. 요약(포괄) 손익계산서
(단위 : 원)
구분
2022연도(제23기)
2021연도(제22기)
2020연도(제21기)
매출액
869,000,000,000
1,130,000,000,000
3,475,000,000,000
영업이익
-2,119,000,000,000
-1,172,000,000,000
-264,000,000,000
당기순이익
-1,745,000,000,000
-987,000,000,000
-268,000,000,000