엔지브이아이 / 2022.03.22 사업보고서
1. 요약재무정보
가. 요약 연결 재무상태표
(단위 : 원)
구분
2021연도(제22기)
2020연도(제21기)
2019연도(제20기)
회계처리 기준
K-GAAP
K-GAAP
K-GAAP
감사인(감사의견)
현대회계법인 (적정)
현대회계법인 (적정)
우덕회계법인 (적정)
유동자산
3,250,000,000,000
4,256,000,000,000
4,482,000,000,000
매출채권
601,000,000,000
570,000,000,000
1,250,000,000,000
재고자산
2,360,000,000,000
2,807,000,000,000
2,433,000,000,000
비유동자산
1,414,000,000,000
1,458,000,000,000
1,500,000,000,000
유형자산
1,243,000,000,000
1,272,000,000,000
1,314,000,000,000
자산총계
4,664,000,000,000
5,714,000,000,000
5,982,000,000,000
유동부채
1,590,000,000,000
1,696,000,000,000
1,687,000,000,000
비유동부채
357,000,000,000
313,000,000,000
323,000,000,000
부채총계
1,947,000,000,000
2,010,000,000,000
2,010,000,000,000
자본금
3,010,000,000,000
3,010,000,000,000
3,010,000,000,000
이익잉여금
-10,424,000,000,000
-9,437,000,000,000
-9,169,000,000,000
자본총계
2,717,000,000,000
3,704,000,000,000
3,972,000,000,000
나. 요약 연결(포괄) 손익계산서
(단위 : 원)
구분
2021연도(제22기)
2020연도(제21기)
2019연도(제20기)
매출액
1,130,000,000,000
3,475,000,000,000
5,237,000,000,000
영업이익
-1,172,000,000,000
-264,000,000,000
144,000,000,000
당기순이익
-987,000,000,000
-268,000,000,000
80,000,000,000