엔지브이아이 / 2024.03.20 사업보고서
1. 요약재무정보
가. 요약 재무상태표
(단위 : 원)
구분
2023연도(제24기)
2022연도(제23기)
2021연도(제22기)
회계처리 기준
K-GAAP
K-GAAP
K-GAAP
감사인(감사의견)
현대회계법인 (적정)
현대회계법인 (적정)
현대회계법인 (적정)
유동자산
541,000,000,000
1,789,000,000,000
3,250,000,000,000
매출채권
422,000,000,000
490,000,000,000
620,000,000,000
재고자산
9,000,000,000
1,174,000,000,000
2,360,000,000,000
비유동자산
176,000,000,000
175,000,000,000
1,414,000,000,000
투자자산
55,000,000,000
55,000,000,000
55,000,000,000
유형자산
6,000,000,000
6,000,000,000
1,243,000,000,000
기타비유동자산
114,000,000,000
114,000,000,000
116,000,000,000
자산총계
717,000,000,000
1,964,000,000,000
4,664,000,000,000
유동부채
1,240,000,000,000
575,000,000,000
1,590,000,000,000
매입채무
1,000,000,000
1,000,000,000
5,000,000,000
단기차입금
1,104,000,000,000
446,000,000,000
1,500,000,000,000
비유동부채
492,000,000,000
418,000,000,000
357,000,000,000
장기차입금
-
-
-
부채총계
1,733,000,000,000
993,000,000,000
1,947,000,000,000
자본금
3,010,000,000,000
3,010,000,000,000
3,010,000,000,000
자본잉여금
10,131,000,000,000
10,131,000,000,000
10,131,000,000,000
자본조정
-
-
-
이익잉여금
-14,156,000,000,000
-12,169,000,000,000
-10,424,000,000,000
자본총계
-1,015,000,000,000
971,000,000,000
2,717,000,000,000
나. 요약(포괄) 손익계산서
(단위 : 원)
구분
2023연도(제24기)
2022연도(제23기)
2021연도(제22기)
매출액
698,000,000,000
869,000,000,000
1,130,000,000,000
제품
674,000,000,000
780,000,000,000
1,102,000,000,000
용역
3,000,000,000
89,000,000,000
28,000,000,000
매출원가
1,580,000,000,000
1,711,000,000,000
1,041,000,000,000
제품매출원가
1,580,000,000,000
1,711,000,000,000
1,041,000,000,000
매출총이익
-882,000,000,000
-841,000,000,000
89,000,000,000
판매비와관리비
1,202,000,000,000
1,277,000,000,000
1,261,000,000,000
인건비
(급여, 퇴직급여)
542,000,000,000
580,000,000,000
532,000,000,000
지급임차료
196,000,000,000
136,000,000,000
135,000,000,000
기타 판관비
464,000,000,000
561,000,000,000
594,000,000,000
영업이익
-2,084,000,000,000
-2,119,000,000,000
-1,172,000,000,000
영업외수익
128,000,000,000
437,000,000,000
234,000,000,000
이자수익
3,000,000,000
3,000,000,000
1,000,000,000
기타 영업외수익
125,000,000,000
434,000,000,000
233,000,000,000
영업외비용
30,000,000,000
63,000,000,000
49,000,000,000
이자비용
29,000,000,000
62,000,000,000
49,000,000,000
외화환산손실
-
1,000,000,000
-
기타 영업외손실
1,000,000,000
1,000,000,000
-
법인세비용차감전 순이익
-1,987,000,000,000
-1,745,000,000,000
-987,000,000,000
법인세비용
-
-
-
당기순이익
-1,987,000,000,000
-1,745,000,000,000
-987,000,000,000