오리온홀딩스 / 2024.03.13 사업보고서
1. 요약재무정보
가. 요약연결재무정보
(단위 : 원 )
구분
제 68 기
제 67 기
제 66 기
요약 연결재무상태표
2023년 12월 말
2022년 12월 말
2021년 12월 말
[유동자산]
1,684,449,000,000
1,584,061,000,000
1,277,245,000,000
ㆍ현금및현금성자산
404,732,000,000
630,770,000,000
568,773,000,000
[비유동자산]
3,453,851,000,000
3,518,107,000,000
3,660,994,000,000
자산총계
5,138,300,000,000
5,102,168,000,000
4,961,788,000,000
[유동부채]
514,479,000,000
663,512,000,000
641,044,000,000
[비유동부채]
304,008,000,000
313,702,000,000
449,897,000,000
부채총계
818,487,000,000
977,214,000,000
1,090,941,000,000
[자본금]
31,323,000,000
31,323,000,000
31,323,000,000
[비지배지분]
2,123,294,000,000
1,960,417,000,000
1,773,354,000,000
자본총계
4,319,813,000,000
4,124,954,000,000
3,870,847,000,000
관계ㆍ공동기업 투자주식의 평가방법
지분법
지분법
지분법
요약 연결포괄손익계산서
2023.01.01~12.31
2022.01.01~12.31
2021.01.01~12.31
매출액
2,953,806,000,000
2,934,623,000,000
2,415,059,000,000
영업이익
405,463,000,000
399,825,000,000
315,697,000,000
당기순이익
290,413,000,000
323,575,000,000
225,328,000,000
총포괄이익
258,908,000,000
297,040,000,000
419,706,000,000
주당이익(단위:원)
기본주당이익
1,423
1,712
1,429
희석주당이익
1,423
1,712
1,429