오로라 / 2023.03.17 사업보고서
1. 요약재무정보
(1) 요약연결재무정보
(단위 : 원)
과 목
제 38 기말
제 37 기말
제 36 기말
자 산
유동자산
168,608,000,000
118,317,000,000
87,943,000,000
비유동자산
295,357,000,000
272,481,000,000
186,365,000,000
자산총계
463,965,000,000
390,798,000,000
274,308,000,000
부 채
유동부채
205,102,000,000
152,821,000,000
112,178,000,000
비유동부채
124,378,000,000
110,086,000,000
52,073,000,000
부채총계
329,480,000,000
262,907,000,000
164,251,000,000
자 본
지배기업의 소유주지분
128,258,000,000
121,890,000,000
110,060,000,000
자본금
5,381,000,000
5,381,000,000
5,381,000,000
이익잉여금
114,413,000,000
108,308,000,000
99,848,000,000
비지배지분
6,227,000,000
6,001,000,000
(3)
자 본 총 계
134,485,000,000
127,891,000,000
110,057,000,000
부채와자본총계
463,965,000,000
390,798,000,000
274,308,000,000
구분
2022년01월01일 ~ 2022년12월31일
2021년01월01일 ~ 2021년12월31일
2020년01월01일 ~ 2020년12월31일
매출액
231,694,000,000
178,076,000,000
141,594,000,000
영업이익
18,350,000,000
10,606,000,000
8,766,000,000
당기순이익
7,562,000,000
9,483,000,000
8,012,000,000
지배기업의 소유주지분
7,336,000,000
9,484,000,000
8,013,000,000
과 목
제 38 기말
제 37 기말
제 36 기말
비지배지분
226,000,000
(1)
(11)
기본주당이익(원)
719
925
781
연결에 포함된 회사수
12
12
10
[Δ는 부(-)의 수치임]
※ 상기 제38기 요약재무제표는 한국채택국제회계기준(K-IFRS) 작성기준에 따라 작성 되었습니다.