오리온홀딩스 / 2022.03.16 사업보고서
1. 요약재무정보
가. 요약연결재무정보
(단위 : 원)
구분
제 66 기
제 65 기
제 64 기
요약 연결재무상태표
2021년 12월 말
2020년 12월 말
2019년 12월 말
[유동자산]
1,277,245,000,000
942,467,000,000
760,826,000,000
ㆍ현금및현금성자산
568,773,000,000
386,729,000,000
190,319,000,000
ㆍ매출채권및기타채권
201,157,000,000
169,050,000,000
193,174,000,000
ㆍ재고자산
209,362,000,000
204,062,000,000
172,459,000,000
ㆍ기타
297,953,000,000
182,626,000,000
204,874,000,000
[비유동자산]
3,660,994,000,000
3,555,084,000,000
3,605,508,000,000
ㆍ유형자산
2,042,974,000,000
1,933,053,000,000
1,918,490,000,000
ㆍ무형자산
429,180,000,000
460,302,000,000
525,862,000,000
ㆍ기타
1,105,920,000,000
1,080,505,000,000
1,079,021,000,000
[매각예정비유동자산]
23,549,000,000
-
-
자산총계
4,961,788,000,000
4,497,551,000,000
4,366,334,000,000
[유동부채]
641,044,000,000
438,192,000,000
495,405,000,000
[비유동부채]
449,898,000,000
564,649,000,000
533,303,000,000
부채총계
1,090,942,000,000
1,002,841,000,000
1,028,708,000,000
[자본금]
31,323,000,000
31,323,000,000
31,323,000,000
[적립금]
163,039,000,000
153,116,000,000
145,806,000,000
[미처분이익잉여금]
242,449,000,000
192,613,000,000
145,597,000,000
[비지배지분]
1,773,353,000,000
1,528,299,000,000
1,411,495,000,000
자본총계
3,870,846,000,000
3,494,710,000,000
3,337,626,000,000
요약 연결포괄손익계산서
2021.01.01~12.31
2020.01.01~12.31
2019.01.01~12.31
매출액
2,415,059,000,000
2,280,487,000,000
2,103,591,000,000
영업이익
315,697,000,000
308,629,000,000
266,660,000,000
당기순이익
225,328,000,000
218,532,000,000
156,390,000,000
총포괄이익
419,705,000,000
180,802,000,000
196,656,000,000
기본주당이익(단위:원)
1,429
1,289
804
희석주당이익(단위:원)
1,429
1,289
804
연결에 포함된 회사수(종속회사)
23
24
24
(*1) 2019년 1월 1일로 개시하는 회계기간부터 K-IFRS 1116호 '리스'를 신규로 적 용하였으며 최초 적용으로 인한 누적효과는 최초 적용일인 2019년 1월 1일에 반영하 였습니다. 비교 표시된 전기 재무제표는 재작성되지 않았습니다.
(*2) 제66기 연결재무제표는 주주총회 승인전 재무제표이며, 향후 정기주주총회에서
재무제표 승인 관련 안건이 부결되거나 수정이 발생하는 경우 정정보고서를 통해 그
내용 및 사유 등을 반영할 예정입니다.