오로라 / 2021.03.23 사업보고서
1. 요약재무정보
(1) 요약연결재무정보
(단위 : 원)
과 목
제 36 기말
제 35 기말
제 34 기말
자 산
유동자산
87,943,000,000
87,867,000,000
88,835,000,000
비유동자산
186,365,000,000
163,031,000,000
140,355,000,000
자산총계
274,308,000,000
250,898,000,000
229,190,000,000
부 채
유동부채
112,178,000,000
111,466,000,000
83,870,000,000
비유동부채
52,073,000,000
33,233,000,000
43,118,000,000
부채총계
164,251,000,000
144,699,000,000
126,988,000,000
자 본
지배기업의 소유주지분
110,060,000,000
106,192,000,000
102,190,000,000
자본금
5,381,000,000
5,381,000,000
5,381,000,000
이익잉여금
99,848,000,000
93,885,000,000
91,653,000,000
비지배지분
(3,000,000)
7,000,000
12,000,000
자 본 총 계
110,057,000,000
106,199,000,000
102,202,000,000
부채와자본총계
274,308,000,000
250,898,000,000
229,190,000,000
구분
2020년01월01일 ~ 2020년12월31일
2019년01월01일 ~ 2019년12월31일
2018년01월01일 ~ 2018년12월31일
매출액
141,594,000,000
157,072,000,000
146,822,000,000
영업이익
8,766,000,000
12,597,000,000
13,098,000,000
당기순이익
8,002,000,000
3,766,000,000
5,953,000,000
지배기업의 소유주지분
8,013,000,000
3,771,000,000
5,954,000,000
비지배지분
(11,000,000)
(5,000,000)
(1,000,000)
기본주당이익(원)
781
368
577
연결에 포함된 회사수
10
10
10
[Δ는 부(-)의 수치임]
※ 상기 제35기 요약재무제표는 한국채택국제회계기준(K-IFRS) 작성기준에 따라 작성되었습니다.