와토스코리아 / 2022.03.17 사업보고서
1. 요약재무정보
가. 요약연결재무정보
(단위 : 원)
구 분
2021년
제25기
2020년
제24기
2019년
제 23기
자산총계
78,529,178,634,000
77,254,314,832,000
77,062,791,622,000
부채총계
4,535,304,225,000
3,219,594,205,000
3,124,874,836,000
자본총계
73,993,874,409,000
74,034,720,627,000
73,937,916,786,000
매출액
20,027,004,133,000
18,310,579,445,000
18,321,001,766,000
영업이익(손실)
404,889,549,000
156,507,326,000
505,798,195,000
당기순이익(손실)
1,421,423,465,000
1,454,175,076,000
1,803,041,352,000
총포괄이익(손실)
1,398,875,182,000
1,536,525,241,000
1,778,032,029,000
주당순이익(손실)(원)
197
202
250