와토스코리아 / 2021.03.17 사업보고서
1. 요약재무정보
가. 요약연결재무정보
(단위 : 원)
구분
2020년
제24기
2019년
제 23기
2018년
제 22기
[유동자산]
55,822,902,702,000
54,702,157,937,000
54,586,173,326,000
1. 현금및현금성자산
10,205,962,911,000
9,383,717,287,000
9,199,743,140,000
[비유동자산]
21,431,412,130,000
22,360,633,685,000
22,173,902,274,000
자산총계
77,254,314,832,000
77,062,791,622,000
76,760,075,600,000
[유동부채]
1,418,306,566,000
1,470,272,671,000
1,933,324,986,000
[비유동부채]
1,801,287,639,000
1,654,602,165,000
1,227,144,457,000
부채총계
3,219,594,205,000
3,124,874,836,000
3,160,469,443,000
[자본금]
3,600,000,000,000
3,600,000,000,000
3,600,000,000,000
[이익잉여금]
63,748,762,964,000
63,651,959,123,000
63,313,648,494,000
자본총계
74,034,720,627,000
73,937,916,786,000
73,599,606,157,000
부채와자본총계
77,254,314,832,000
77,062,791,622,000
76,760,075,600,000
구분
2020년
제24기
2019년
제23기
2018년
제22기
매출액
18,310,579,445,000
18,321,001,766,000
21,298,243,638,000
영업이익(손실)
156,507,326,000
505,798,195,000
2,006,408,352,000
당기순이익(손실)
1,454,175,076,000
1,803,041,352,000
2,902,872,761,000
총포괄이익(손실)
1,536,525,241,000
1,778,032,029,000
2,752,067,704,000
주당순이익(손실)(원)
202
250
403
※당사의 제22기,제23기 재무제표 및 24기 재무제표는 외부감사인의 감사를 받은 재
무제표입니다.
※제24기 재무제표는 주주총회 승인전 재무제표로 향후 정기주주총회에서 재무제표 승인 관련 안건이 부결되거나 수정이 발생한 경우 정정보고서를 통해 그 내용 및 사
유 등을 반영할 예정입니다.