우리로 / 2023.03.21 사업보고서
1. 요약재무정보
1) 요약연결재무정보
(단위 : 원)
구분
제25기
2022년
제24기
2021년
제23기
2020년
유동자산
45,944,280,426,000
45,402,371,635,000
30,123,840,565,000
비유동자산
15,030,750,965,000
16,574,970,613,000
31,642,098,715,000
자산총계
60,975,031,391,000
62,026,674,646,000
61,765,939,280,000
유동부채
21,106,924,628,000
20,591,417,387,000
40,529,148,959,000
비유동부채
2,209,452,589,000
3,525,096,643,000
2,785,128,165,000
부채총계
23,316,377,217,000
24,305,705,533,000
43,314,277,124,000
지배기업의 소유지분
37,658,654,174,000
40,456,393,691,000
21,038,402,695,000
자본금
16,024,817,000,000
16,024,817,000,000
14,081,747,500,000
자본잉여금
45,302,112,491,000
45,302,112,491,000
40,877,543,710,000
기타포괄손익누계액
58,010,156,000
58,010,156,000
364,567,576,000
결손금
(21,849,139,018,000)
(19,051,399,501,000)
(32,408,309,636,000)
비지배지분
-
(2,735,424,578,000)
(2,586,740,539,000)
자본총계
37,658,654,174,000
37,720,969,113,000
18,451,662,156,000
구분
2022년 01월 01일 부터 2022년 12월 31일까지
2021년 01월 01일 부터 2021년 12월 31일까지
2020년 01월 01일 부터 2020년 12월 31일까지
매출액
99,006,594,857,000
107,379,819,886,000
106,887,123,904,000
영업이익
1,345,952,432,000
3,819,534,215,000
178,913,910,000
당기순이익(손실)
(3,468,908,992,000)
13,576,285,011,000
(9,907,403,478,000)
계속사업 주당순이익(손실)
(27)
492
(203)

2) 요약재무정보 (별도 재무제표이므로 제거)

(단위 : 원)
구분
제25기
2022년
제24기
2021년
제23기
2020년
매출액
89,286,929,927,000
96,598,891,308,000
97,351,104,661,000
영업이익
1,401,145,309,000
3,130,125,558,000
(250,201,585,000)
당기순이익(손실)
(1,708,257,631,000)
13,352,460,040,000
(11,625,561,523,000)
주당순이익(손실)
(54)
459
(431)