유성티엔에스 / 2025.03.28 사업보고서
1. 요약재무정보
가. 요약 연결 재무정보
(단위: 원)
사업년도
구 분
제48기
제 47기
제 46기
(2024년 12월말)
(2023년 12월말)
(2022년 12월말)
[유동자산]
30,526,175,537,000
46,156,106,533,000
59,378,413,076,000
현금및현금성자산
9,448,462,181,000
11,439,578,375,000
21,776,231,765,000
자산 총계
613,070,349,616,000
632,174,497,579,000
553,366,097,192,000
[유동부채]
87,973,151,873,000
126,699,216,130,000
149,264,526,322,000
[비유동부채]
29,521,196,776,000
40,470,992,926,000
23,043,111,005,000
부채 총계
117,494,348,649,000
167,170,209,056,000
172,307,637,327,000
[지배기업 소유주지분]
475,361,165,058,000
421,547,481,173,000
351,159,329,970,000
자본금
18,525,906,000,000
18,525,906,000,000
15,639,309,000,000
이익잉여금
389,610,521,995,000
333,582,590,507,000
277,805,607,499,000
[비지배지분]
20,214,835,909,000
43,456,807,350,000
29,899,129,895,000
자본 총계
495,576,000,967,000
465,004,288,523,000
381,058,459,865,000
2024년 1월~12월
2023년 1월~12월
2022년 1월~12월
매출액
152,855,246,796,000
237,322,795,454,000
276,770,975,513,000
영업이익
4,925,695,156,000
2,095,347,531,000
2,692,150,214,000
연결당기순이익
70,861,960,767,000
69,537,753,934,000
55,486,725,492,000
연결총포괄손익
68,548,118,330,000
69,007,517,030,000
55,053,990,629,000
기본주당이익
1,735
1,703
1,877
희석주당이익
1,735
1,703
1,596
연결에 포함된 회사수
4
4
4
※ 한국채택국제회계기준(K-IFRS) 작성기준에 따라 작성되었습니다.
※
비교표시된 제46기및 제 45기 연결재무제표는 외부감사인의 감사를 받은 한국채택국제회계기준 (K-IFRS)에 의해 작성되었습니다. 제47기 기말 연결재무제표는 한국채택국제회계기준(K-IFRS)에 의해 작성되었으며, 외부감사인 으로부터 검토를 받은 재무제표입니다.
나. 요약 재무정보
(단위: 원)
사업년도
구 분
제48기
제 47기
제 46기
(2024년 12월말)
(2023년 12월말)
(2022년 12월말)
[유동자산]
28,900,375,209,000
35,273,704,521,000
47,650,197,357,000
현금및현금성자산
9,022,049,021,000
7,803,478,673,000
16,820,220,195,000
자산 총계
292,722,851,551,000
299,907,301,326,000
313,115,811,781,000
[유동부채]
83,059,217,706,000
100,341,718,983,000
121,314,135,995,000
[비유동부채]
11,009,509,989,000
18,888,868,910,000
10,873,133,693,000
부채 총계
94,068,727,695,000
119,230,587,893,000
132,187,269,688,000
자본금
18,525,906,000,000
18,525,906,000,000
15,639,309,000,000
이익잉여금
106,602,225,099,000
88,624,814,676,000
103,927,226,897,000
자본 총계
198,654,123,856,000
180,676,713,433,000
180,928,542,093,000
2024년 1월~12월
2023년 1월~12월
2022년 1월~12월
매출액
150,956,441,832,000
176,311,764,812,000
200,822,020,721,000
영업이익
4,374,757,434,000
633,142,593,000
1,124,649,356,000
당기순이익
18,440,381,395,000
(15,164,831,008,000)
11,311,492,257,000
총포괄손익
17,977,410,423,000
(15,190,140,288,000)
10,817,907,110,000
기본주당이익
552
(454)
409
희석주당이익
552
(454)
384
[( )는 부(-)의 수치임]