유성티엔에스 / 2023.03.17 [정정] 사업보고서
1. 요약재무정보
가. 요약 연결 재무정보
(단위: 원)
사업년도
구 분
제 45기
제 44기
제 43기
(2021년 12월말)
(2020년 12월말)
(2019년 12월말)
[유동자산]
64,716,606,201,000
82,470,730,467,000
126,796,574,035,000
현금및현금성자산
18,367,342,725,000
14,694,573,012,000
34,665,291,765,000
재고자산
1,720,346,140,000
1,565,615,036,000
1,696,896,818,000
[비유동자산]
463,676,318,750,000
385,250,262,334,000
272,635,358,156,000
유형자산
53,879,462,438,000
53,052,471,580,000
76,976,995,402,000
무형자산
2,500,865,307,000
2,736,274,040,000
3,738,025,793,000
관계기업투자
270,937,409,429,000
214,776,751,289,000
120,503,190,892,000
자산 총계
528,392,924,951,000
467,720,992,801,000
399,431,932,191,000
[유동부채]
153,656,169,710,000
160,631,433,953,000
170,635,180,117,000
[비유동부채]
48,732,286,005,000
41,462,709,457,000
23,083,892,645,000
부채 총계
202,388,455,715,000
202,094,143,410,000
193,719,072,762,000
[지배기업 소유주지분]
300,816,199,430,000
247,310,296,923,000
194,976,727,761,000
자본금
15,639,309,000,000
13,606,790,000,000
13,606,790,000,000
이익잉여금
227,454,436,780,000
190,224,362,059,000
142,019,290,141,000
[비지배지분]
25,188,269,807,000
18,316,552,468,000
10,736,131,668,000
자본 총계
326,004,469,236,000
265,626,849,391,000
205,712,859,429,000
2021년 1월~12월
2020년 1월~12월
2019년 1월~12월
매출액
280,539,019,947,000
294,093,304,560,000
358,070,006,251,000
영업이익
1,759,204,848,000
3,533,767,509,000
7,445,658,113,000
연결당기순이익
43,637,899,533,000
56,432,613,709,000
23,770,870,741,000
- 지배기업 소유주지분
36,664,732,513,000
48,800,242,918,000
23,522,278,098,000
- 비지배지분
6,973,167,020,000
7,632,370,791,000
248,592,643,000
연결총포괄손익
43,771,178,710,000
60,250,602,307,000
23,814,699,896,000
기본주당이익
1,425
2,123
1,023
희석주당이익
1,178
1,564
775
연결에 포함된 회사수
4
4
4
[( )는 부(-)의 수치임]
※ 한국채택국제회계기준(K-IFRS) 작성기준에 따라 작성되었습니다.
※ 당사 이사회에서 승인하였으나, 제45기 정기주주총회 승인전 재무제표입니다. 향후 정기주주총회에서 재무제표 승 인관련 안건이 수정이 발생한 경우 정정보고서를 통해 그 내용 및 사유를 반영할 예정입니다.
※ 당사는 제43기(전전기) 2019년 1월 1일 최초적용일로 하여 기업회계기준서 제1116호 "리스"을 최초 적용하였고, 경 과규정에 따라 최초적용누적효과를 최초 적용일의 이익잉여금에서 조정하고 비교표시되는 재무제표는 재작성하지 않았습니다.
나. 요약 재무정보
(단위: 원)
사업년도
구 분
제 45기
제 44기
제 43기
(2021년 12월말)
(2020년 12월말)
(2019년 12월말)
[유동자산]
50,965,276,656,000
73,335,269,658,000
106,652,557,973,000
현금및현금성자산
15,721,353,880,000
12,866,079,630,000
29,402,004,961,000
재고자산
885,851,091,000
906,137,917,000
1,051,978,974,000
[비유동자산]
268,629,006,677,000
246,906,721,375,000
213,132,199,794,000
유형자산
42,564,007,359,000
42,121,766,726,000
72,328,483,422,000
무형자산
2,496,165,307,000
2,731,574,040,000
3,633,325,793,000
투자부동산
109,788,868,234,000
95,064,265,373,000
52,163,294,463,000
관계기업투자
89,668,734,975,000
89,734,562,755,000
73,012,220,488,000
자산 총계
319,594,283,333,000
320,241,991,033,000
319,784,757,767,000
[유동부채]
121,290,875,569,000
129,825,387,753,000
144,621,282,865,000
[비유동부채]
28,192,772,781,000
23,091,330,547,000
13,464,259,263,000
부채 총계
149,483,648,350,000
152,916,718,300,000
158,085,542,128,000
자본금
15,639,309,000,000
13,606,790,000,000
13,606,790,000,000
이익잉여금
93,109,319,787,000
107,267,011,017,000
106,178,534,157,000
자본 총계
170,110,634,983,000
167,325,272,733,000
161,699,215,639,000
2021년 1월~12월
2020년 1월~12월
2019년 1월~12월
매출액
215,313,240,222,000
243,547,805,087,000
300,074,545,178,000
영업이익
1,132,402,258,000
2,703,227,595,000
5,002,454,719,000
당기순이익
(14,758,081,656,000)
1,738,562,473,000
4,383,306,666,000
총포괄손익
(13,804,280,790,000)
5,979,467,534,000
4,709,870,647,000
기본주당이익
1,425
2,123
1,023
희석주당이익
1,178
1,564
775
[( )는 부(-)의 수치임]
※ 한국채택국제회계기준(K-IFRS) 작성기준에 따라 작성되었습니다.
※ 당사 이사회에서 승인하였으나, 제45기 정기주주총회 승인전 재무제표입니다. 향후 정기주주총회에서 재무제표 승 인관련 안건이 수정이 발생한 경우 정정보고서를 통해 그 내용 및 사유를 반영할 예정입니다.
※
당사는 제43기(전전기) 2019년 1월 1일 최초적용일로 하여 기업회계기준서 제1116호 "리스"을 최초 적용하였고, 경 과규정에 따라 최초적용누적효과를 최초 적용일의 이익잉여금에서 조정하고 비교표시되는 재무제표는 재작성하지 않았습니다.