이녹스 / 2021.03.18 사업보고서
1. 요약재무정보
가. 요약연결재무정보
(단위 : 원)
과 목
제 20기
제 19기
제 18기
2020년 12월말
2019년 12월말
2018년 12월말
[유동자산]
46,500,558,000,000
44,314,506,000,000
55,391,128,000,000
현금및현금성자산
19,370,049,000,000
19,048,856,000,000
19,758,025,000,000
[비유동자산]
162,237,596,000,000
156,676,548,000,000
157,392,288,000,000
자산총계
208,738,154,000,000
200,991,055,000,000
212,783,415,000,000
[유동부채]
24,776,977,000,000
52,292,979,000,000
27,138,159,000,000
[비유동부채]
40,284,689,000,000
17,611,089,000,000
34,098,198,000,000
부채총계
65,061,667,000,000
69,904,068,000,000
61,236,357,000,000
[지배기업소유주지분]
128,702,835,000,000
119,874,373,000,000
132,518,553,000,000
[비지배기업소유주지분]
14,973,653,000,000
11,212,614,000,000
19,028,505,000,000
자본총계
143,676,488,000,000
131,086,987,000,000
151,547,058,000,000
(20.01.01~20.12.31)
(19.01.01~19.12.31)
(18.01.01~18.12.31)
매출액
54,360,697,000,000
41,540,048,000,000
57,752,852,000,000
영업이익(손실)
10,615,166,000,000
(5,138,745,000,000)
3,544,364,000,000
당기순이익
12,373,617,000,000
(18,948,158,000,000)
(31,612,084,000,000)
지배기업의 소유주지분
9,376,717,000,000
(11,651,693,000,000)
(29,563,414,000,000)
비지배지분
2,996,900,000,000
(7,296,465,000,000)
(2,048,670,000,000)
지배기업의 소유주지분
9,501,066,000,000
(12,437,254,000,000)
(29,240,489,000,000)
비지배지분
3,066,871,000,000
(7,299,221,000,000)
(2,006,754,000,000)
기본주당손실 (단위 : 원)
1,071
(1,330)
(3,312)
희석주당손실 (단위 : 원)
1,071
(1,330)
(3,312)
연결에 포함된 회사수
4
4
3