이녹스 / 2022.03.16 사업보고서
1. 요약재무정보
가. 요약연결재무정보
(단위 : 원)
과 목
제 21기
제 20기
제 19기
2021년 12월말
2020년 12월말
2019년 12월말
[유동자산]
68,140,631,000,000
46,500,558,000,000
44,314,506,000,000
현금및현금성자산
35,587,190,000,000
19,370,049,000,000
19,048,856,000,000
[비유동자산]
220,654,234,000,000
162,237,596,000,000
156,676,548,000,000
자산총계
288,794,865,000,000
208,738,154,000,000
200,991,055,000,000
[유동부채]
38,928,958,000,000
24,776,977,000,000
52,292,979,000,000
[비유동부채]
35,663,040,000,000
40,284,689,000,000
17,611,089,000,000
부채총계
74,591,998,000,000
65,061,667,000,000
69,904,068,000,000
[자본금]
4,675,422,000,000
4,675,422,000,000
4,675,422,000,000
[이익잉여금]
292,885,415,000,000
240,434,301,000,000
230,985,502,000,000
[비지배기업소유주지분]
18,621,538,000,000
14,973,653,000,000
11,212,614,000,000
자본총계
214,202,867,000,000
143,676,488,000,000
131,086,987,000,000
(21.01.01~21.12.31)
(20.01.01~20.12.31)
(19.01.01~19.12.31)
영업수익
75,142,445,000,000
54,360,697,000,000
41,540,048,000,000
영업이익(손실)
24,193,045,000,000
10,615,166,000,000
(5,138,745,000,000)
당기순이익
54,518,802,000,000
12,373,617,000,000
(18,948,158,000,000)
지배기업의 소유주지분
52,182,098,000,000
9,376,717,000,000
(11,651,693,000,000)
비지배지분
2,336,704,000,000
2,996,900,000,000
(7,296,465,000,000)
지배기업의 소유주지분
52,795,476,000,000
9,501,066,000,000
(12,437,254,000,000)
비지배지분
2,475,021,000,000
3,066,871,000,000
(7,299,221,000,000)
기본주당손실 (단위 : 원)
5,877
1,071
(1,330)
희석주당손실 (단위 : 원)
5,860
1,071
(1,330)
연결에 포함된 회사수
4
4
4
(주1) 한국채택국제회계기준(K-IFRS)에 따라 작성되었습니다. (주2) 상기 요약연결재무정보는 주주총회 승인전 재무제표로 향후 정기주주총회에서 재무제표 승인 관련하여 안건이 부결되거나 수정이 발생한 경우 정정보고서를 통해
내용 및 사유 등을 반영할 예정입니다.