이녹스 / 2023.03.21 사업보고서
1. 요약재무정보
가. 요약연결재무정보
(단위 : 원)
과 목
제 22기
제 21기
제 20기
2022년 12월말
2021년 12월말
2020년 12월말
[유동자산]
58,840,011,000,000
68,140,631,000,000
46,500,558,000,000
현금및현금성자산
31,064,842,000,000
35,587,190,000,000
19,370,049,000,000
매출채권 및 기타채권
5,286,613,000,000
4,945,005,000,000
3,443,110,000,000
재고자산
14,416,715,000,000
19,199,959,000,000
11,034,782,000,000
[비유동자산]
242,654,464,000,000
220,654,234,000,000
162,237,596,000,000
관계기업투자
212,302,637,000,000
193,140,797,000,000
139,235,450,000,000
유형자산
16,551,571,000,000
14,155,613,000,000
11,869,569,000,000
자산총계
301,494,475,000,000
288,794,865,000,000
208,738,154,000,000
[유동부채]
42,363,709,000,000
38,928,958,000,000
24,776,977,000,000
[비유동부채]
28,981,393,000,000
35,663,040,000,000
40,284,689,000,000
부채총계
71,345,102,000,000
74,591,998,000,000
65,061,667,000,000
[지배기업소유주지분]
211,874,565,000,000
195,581,329,000,000
128,702,835,000,000
자본금
4,692,922,000,000
4,675,422,000,000
4,675,422,000,000
이익잉여금
308,228,225,000,000
292,885,415,000,000
240,434,301,000,000
[비지배기업소유주지분]
18,274,808,000,000
18,621,538,000,000
14,973,653,000,000
자본총계
230,149,373,000,000
214,202,867,000,000
143,676,488,000,000
(22.01.01~22.12.31)
(21.01.01~21.12.31)
(20.01.01~20.12.31)
영업수익
80,422,380,000,000
75,142,445,000,000
54,360,697,000,000
영업이익(손실)
21,643,406,000,000
24,193,045,000,000
10,615,166,000,000
당기순이익
13,637,039,000,000
54,518,802,000,000
12,373,617,000,000
지배기업의 소유주지분
14,880,927,000,000
52,182,098,000,000
9,376,717,000,000
비지배지분
(1,243,888,000,000)
2,336,704,000,000
2,996,900,000,000
연결총포괄이익(손실)의 귀속:
지배기업의 소유주지분
15,320,375,000,000
52,795,476,000,000
9,501,066,000,000
비지배지분
(1,276,673,000,000)
2,475,021,000,000
3,066,871,000,000
기본주당손실 (단위 : 원)
1,609
5,877
1,071
희석주당손실 (단위 : 원)
1,597
5,517
1,071
연결에 포함된 회사수(주3)
6
4
4
(주1) 한국채택국제회계기준(K-IFRS)에 따라 작성되었습니다.
(주2) 상기 요약연결재무정보는 주주총회 승인전 재무제표로 향후 정기주주총회에서
재무제표 승인 관련하여 안건이 부결되거나 수정이 발생한 경우 정정보고서를 통해 내용 및 사유 등을 반영할 예정입니다.
(주3) 2017년 설립된 케이런2호 스타트업 투자조합과 2021년 설립된 제이커브 벤처 투자조합 3호는 중요성 원칙에 따라 연결대상에 포함시키지 않았으나, 회계법인과 협의를 통해서 포함시켰습니다.