이녹스 / 2024.03.20 사업보고서
1. 요약재무정보
가. 요약연결재무정보
(단위: 원)
과 목
제 23기
제 22기
제 21기
2023년 12월말
2022년 12월말
2021년 12월말
[유동자산]
103,612,200,000
58,840,011,000
68,140,631,000
현금및현금성자산
63,851,843,000
31,064,842,000
35,587,190,000
[비유동자산]
234,454,980,000
242,654,464,000
220,654,234,000
자산총계
338,067,180,000
301,494,475,000
288,794,865,000
[유동부채]
54,842,345,000
42,363,709,000
38,928,958,000
[비유동부채]
47,587,370,000
28,981,393,000
35,663,040,000
부채총계
102,429,715,000
71,345,102,000
74,591,998,000
자본금
4,692,922,000
4,692,922,000
4,675,422,000
이익잉여금
293,689,632,000
308,228,225,000
292,885,415,000
[비지배기업소유주지분]
42,967,655,000
18,274,808,000
18,621,538,000
자본총계
235,637,465,000
230,149,373,000
214,202,867,000
(23.01.01~23.12.31)
(22.01.01~22.12.31)
(21.01.01~21.12.31)
영업수익
61,697,133,000
80,422,380,000
75,142,445,000
영업이익(손실)
5,139,442,000
21,643,406,000
24,193,045,000
당기순이익
(14,014,259,000)
13,637,039,000
54,518,802,000
연결총당기순이익(손실)의 귀속:
지배기업의 소유주지분
(13,827,126,000)
14,880,927,000
52,182,098,000
비지배지분
(187,133,000)
(1,243,888,000)
2,336,704,000
연결총포괄이익(손실)의 귀속:
지배기업의 소유주지분
(14,758,426,000)
15,320,375,000
52,795,476,000
비지배지분
(366,112,000)
(1,276,673,000)
2,475,021,000
주당손실
기본주당손실 (단위 : 원)
(1,477)
1,609
5,877
희석주당손실 (단위 : 원)
(1,477)
1,597
5,860
연결에 포함된 회사수(주3)
6
6
4
(주1) 한국채택국제회계기준(K-IFRS)에 따라 작성되었습니다.
(주2) 상기 요약연결재무정보는 주주총회 승인전 재무제표로 향후 정기주주총회에서 재무제표 승인 관련하여 안건이 부결되거나 수정이 발생한 경우 정정보고서를 통해
내용 및 사유 등을 반영할 예정입니다.