이지홀딩스 / 2023.03.30 [정정] 사업보고서
1. 요약재무정보
가. 요약연결재무정보
(단위 : 원)
과목
2022년
2021년
2020년
자산
I. 유동자산
1,441,036,534,217
1,142,489,087,532
827,659,912,572
현금및현금성자산
311,257,050,198
237,979,655,495
160,260,331,196
매출채권및기타채권
332,332,987,844
249,428,001,751
206,871,250,491
단기기타금융자산
185,695,501,603
120,296,517,179
92,818,037,112
당기손익-공정가치금융상품
34,575,559,621
31,834,985,968
35,105,812,614
재고자산
357,987,674,406
302,126,522,405
185,560,750,810
소비용생물자산
186,534,857,947
165,588,061,686
129,800,480,726
당기법인세자산
1,620,357,090
914,087,319
445,891,728
기타유동자산
31,032,545,508
24,339,953,545
16,433,366,440
매각예정자산
-
9,981,302,184
363,991,455
II. 비유동자산
1,215,254,906,104
1,170,907,835,830
971,417,211,452
장기매출채권및기타채권
5,423,161
5,261,578
145,429,755
장기기타금융자산
66,793,468,412
71,000,759,079
69,336,714,945
당기손익-공정가치측정금융자산
64,345,741,505
49,892,610,269
33,527,704,453
기타포괄손익-공정가치측정금융자산
18,104,548,345
20,402,476,453
40,615,054,666
관계기업투자
82,806,893,551
70,176,440,548
83,706,714,814
생산용생물자산
23,228,271,256
18,469,496,047
18,280,977,298
투자부동산
1,429,795,810
3,868,479,066
4,503,078,397
유형자산
829,598,284,691
789,172,654,852
671,674,145,211
무형자산
112,318,256,385
133,170,937,057
42,395,292,047
이연법인세자산
15,533,911,234
13,421,582,414
5,481,460,426
기타비유동자산
1,090,311,754
1,062,061,271
1,228,100,405
매각예정비유동자산
-
265,077,196
522,539,035
자산총계
2,656,291,440,321
2,313,396,923,362
1,799,077,124,024
부채
I. 유동부채
1,326,239,248,883
959,921,157,396
751,713,893,946
II. 비유동부채
312,168,672,253
423,244,812,157
287,197,665,322
부채총계
1,638,407,921,136
1,383,165,969,553
1,038,911,559,268
자본
I. 지배기업소유주지분
566,127,775,112
525,182,516,537
452,313,391,942
자본금
32,948,862,000
32,948,862,000
28,196,251,000
자본잉여금
236,613,917,453
191,257,180,141
145,694,384,238
이익잉여금
341,687,261,370
328,670,053,069
307,357,331,174
II. 비지배지분
451,755,744,073
405,048,437,272
307,852,172,814
자본총계
1,017,883,519,185
930,230,953,809
760,165,564,756
부채및자본총계
2,656,291,440,321
2,313,396,923,362
1,799,077,124,024
구분
2022년 1월 1일 ~ 2022년 12월 31일
2021년 1월 1일 ~ 2021년 12월 31일
2020년 1월 1일 ~ 2020년 12월 31일
매출액
3,010,255,248,617
1,984,045,508,989
1,608,342,544,027
영업이익
99,922,519,563
100,417,145,072
46,976,218,234
당기순이익
26,917,170,536
9,207,549,180
84,524,594,930
지배기업소유주
11,383,096,080
22,537,721,351
92,113,378,065
비지배지분
15,534,074,456
(13,330,172,171)
(7,588,783,135)
주당이익
기본주당이익(손실)
175
366
1,634
계속영업기본주당이익(손실)
175
366
1,634
중단영업기본주당이익(손실)
-
-
-
(*) 연결에 포함된 회사 수 : 58개 (최상위지배기업을 포함하고 있음)
(*)상기 재무정보의 작성기준 및 주요회계 정책은 "3. 연결재무제표 주석"을 참조하시기 바랍니다.