이지바이오 / 2025.03.21 사업보고서
1. 요약재무정보
가. 요약연결재무정보
(단위 : 원)
구분
제5(당)기
제4(전)기
제3(전전)기
I.유동자산
219,027,424,333
119,570,924,530
107,326,896,495
현금및현금성자산
59,855,947,186
29,067,784,364
39,911,441,196
매출채권및기타채권
41,908,403,697
21,825,236,303
35,169,890,808
단기기타금융자산
60,512,814,302
40,730,540,718
1,534,079,881
당기손익-공정가치금융자산(유동)
193,989,690
233,683,950
-
재고자산
53,554,313,124
25,938,585,192
28,808,264,823
당기법인세자산
47,416,512
528,654
39,253,177
기타유동자산
2,954,539,822
1,774,565,349
1,863,966,610
II. 비유동자산
140,984,133,468
52,470,628,642
50,483,510,590
관계기업투자
4,085,543,798
40,641,022
6,238,893,092
유형자산
64,557,982,969
34,393,441,723
34,861,225,337
무형자산
66,064,323,484
6,911,482,697
6,550,679,161
자산총계
360,011,557,801
172,041,553,172
157,810,407,085
I.유동부채
127,757,916,633
71,918,844,502
85,067,297,629
II.비유동부채
143,454,778,113
33,949,874,228
19,931,992,971
부채총계
271,212,694,746
105,868,718,730
104,999,290,600
자본
I. 지배기업소유주지분
83,970,747,177
62,781,956,446
49,963,277,023
자본금
3,419,172,000
3,419,172,000
3,419,172,000
이익잉여금
61,338,731,418
38,574,960,098
26,237,692,902
II. 바지배지분
4,828,115,878
3,390,877,996
2,847,839,462
자본총계
88,798,863,055
66,172,834,442
52,811,116,485
구분
2024년 1월 1일 ~ 2024년 12월 31일
2023년 1월 1일 ~ 2023년 12월 31일
2022년 1월 1일 ~ 2022년 12월 31일
매출액
384,330,911,334
165,385,090,893
155,557,100,437
영업이익
32,391,234,291
20,631,216,305
16,153,075,579
당기순이익
19,903,567,657
16,101,039,239
9,347,351,033
주당이익
기본주당이익
579
455
267

나. 요약재무정보
(단위 : 원)
구분
제5(당)기
제4(전)기
제3(전전)기
I.유동자산
133,746,183,011
103,911,179,065
89,333,607,352
현금및현금성자산
33,382,364,593
20,333,417,453
30,111,679,796
매출채권및기타채권
20,411,927,702
20,705,740,634
33,647,143,526
재고자산
17,859,370,816
19,099,789,571
22,819,713,706
II.비유동자산
111,819,569,043
60,304,388,836
60,670,490,111
종속기업투자자산
57,733,001,883
11,085,812,483
11,085,812,483
유형자산
37,882,604,054
28,929,791,268
29,691,375,920
무형자산
287,027,310
330,964,457
223,287,490
자산총계
245,565,752,054
164,215,567,901
150,004,097,463
I.유동부채
88,953,370,009
71,507,639,032
83,737,824,349
II.비유동부채
82,957,524,243
33,446,796,496
17,559,164,458
부채총계
171,910,894,252
104,954,435,528
101,296,988,807
자본금
3,419,172,000
3,419,172,000
3,419,172,000
이익잉여금
53,474,472,857
35,651,178,068
25,097,154,351
자본총계
73,654,857,802
59,261,132,373
48,707,108,656
종속, 관계, 공동기업 투자주식의 평가방법
원가법
원가법
원가법
구분
2024년 1월 1일 ~ 2024년 12월 31일
2023년 1월 1일 ~ 2023년 12월 31일
2022년 1월 1일 ~ 2022년 12월 31일
매출액
149,117,424,038
149,580,758,058
142,464,753,992
영업이익
20,680,902,960
18,348,851,702
14,973,036,367
당기순이익
14,663,908,620
13,760,535,160
8,527,609,459
주당이익
기본주당이익
433
403
250