이지바이오 / 2022.03.23 사업보고서
1. 요약재무정보
가. 요약연결재무정보
(단위 : 원)
구분
제2(당)기
제1(전)기
I.유동자산
65,259,234,539
58,262,280,900
현금및현금성자산
20,702,687,297
20,447,381,790
매출채권및기타채권
16,301,021,665
18,266,428,325
재고자산
23,924,866,635
16,445,406,493
II. 비유동자산
52,434,526,170
31,559,837,279
유형자산
36,079,627,882
30,561,701,609
무형자산
6,797,401,974
109,616,147
자산총계
117,693,760,709
89,822,118,179
I.유동부채
63,609,169,288
35,896,949,804
II.비유동부채
8,670,197,404
19,885,014,807
부채총계
72,279,366,692
55,781,964,611
자본금
3,419,172,000
3,419,172,000
이익잉여금
19,084,608,959
10,430,199,263
비지배지분
2,496,197,654
0
자본총계
45,414,394,017
34,040,153,568
구분
2021년 1월 1일 ~ 2021년 12월 31일
2020년 5월 1일 ~ 2020년 12월 31일
매출액
129,457,805,008
88,123,274,005
영업이익
16,779,466,342
15,198,062,187
당기순이익
10,842,067,754
10,425,484,100
주당순이익
319
305