잉크테크 / 2023.03.15 사업보고서
1. 요약재무정보
가. 요약연결재무정보
(단위 : 원)
구분
제31기
제30기
제29기
<요약연결재무상태표>
(2022년 12월말)
(2021년 12월말)
(2020년 12월말)
[유동자산]
32,405,293,000,000
27,861,884,000,000
25,905,558,000,000
ㆍ현금및현금성자산
3,818,301,000,000
837,375,000,000
548,758,000,000
[비유동자산]
79,547,791,000,000
71,554,152,000,000
71,557,517,000,000
자산총계
111,953,084,000,000
99,416,036,000,000
97,463,075,000,000
[유동부채]
19,953,570,000,000
19,509,176,000,000
38,142,090,000,000
[비유동부채]
22,001,955,000,000
21,417,911,000,000
23,089,479,000,000
부채총계
41,955,525,000,000
40,927,087,000,000
61,231,569,000,000
[자본금]
10,104,130,000,000
10,104,130,000,000
8,310,958,000,000
[이익잉여금(결손금)]
△38,538,244,000,000
△43,087,635,000,000
△43,892,068,000,000
자본총계
69,997,559,000,000
58,488,949,000,000
36,231,506,000,000
<요약연결포괄손익계산서>
(2022년01월01일~ 2022년12월31일)
(2021년01월01일~ 2021년12월31일)
(2020년01월01일~ 2020년12월31일)
매출액
61,537,390,000,000
55,167,562,000,000
48,320,184,000,000
영업이익(손실)
5,820,573,000,000
6,687,652,000,000
2,367,673,000,000
연결총당기순이익(손실)
3,962,509,000,000
1,674,867,000,000
△543,952,000,000
총포괄손익
11,421,558,000,000
872,026,000,000
251,112,000,000
주당순이익(손실) (단위:원)
202
91
△34
연결에 포함된 회사수
1개
1개
1개
[Δ는 부(-)의 수치임]
※ 요약연결재무정보는 K-IFRS 기준에 따라 작성되었습니다.
나. 요약재무정보
(단위 : 원)
구분
제31기
제30기
제29기
<재무상태표 >
(2022년 12월말)
(2021년 12월말)
(2020년 12월말)
[유동자산]
31,416,270,000,000
25,982,685,000,000
24,235,895,000,000
ㆍ현금및현금성자산
3,487,541,000,000
498,977,000,000
292,468,000,000
[비유동자산]
79,424,200,000,000
71,363,979,000,000
71,322,330,000,000
자산총계
110,840,470,000,000
97,346,664,000,000
95,558,225,000,000
[유동부채]
19,203,054,000,000
18,686,413,000,000
37,444,726,000,000
[비유동부채]
21,270,190,000,000
20,346,914,000,000
21,837,338,000,000
부채총계
40,473,244,000,000
39,033,327,000,000
59,282,064,000,000
[자본금]
10,104,130,000,000
10,104,130,000,000
8,310,958,000,000
[이익잉여금(결손금)]
△38,308,530,000,000
△43,355,741,000,000
△43,978,508,000,000
자본총계
70,367,226,000,000
58,313,337,000,000
36,276,161,000,000
<포괄손익계산서>
(2022년01월01일~
2022년12월31일)
(2021년01월01일~ 2021년12월31일)
(2020년01월01일~ 2020년12월31일)
매출액
58,073,184,000,000
52,974,108,000,000
44,724,583,000,000
영업이익(손실)
6,152,115,000,000
6,714,575,000,000
1,760,459,000,000
당기순이익(손실)
4,460,329,000,000
1,493,200,000,000
△934,292,000,000
총포괄손익
11,966,837,000,000
651,759,000,000
△130,412,000,000
주당순이익(손실) (단위:원)
228
82
△58
[Δ는 부(-)의 수치임]
※ 요약재무정보는 K-IFRS 기준에 따라 작성되었습니다.