제일테크노스 / 2025.03.14 사업보고서
1. 요약재무정보
가. 요약연결재무정보
(단위 : 원)
[요약연결재무상태표]
사업연도
제54기
제53기
제52기
(2024년 12월말)
(2023년 12월말)
(2022년 12월말)
1. 유동자산
75,438,760,114
99,008,789,915
95,755,050,702
ㆍ현금및현금성자산
17,606,344,841
17,358,113,875
9,741,855,098
ㆍ매출채권
21,159,526,077
23,066,171,889
22,755,446,346
ㆍ재고자산
8,265,866,702
47,363,313,872
56,849,755,511
2. 비유동자산
102,020,757,369
96,441,761,499
89,128,367,817
ㆍ유형자산
81,340,424,579
81,807,459,914
77,753,882,765
ㆍ무형자산
2,113,849,202
2,238,972,275
1,818,228,775
ㆍ지분법적용 투자지분
3,224,756,642
3,145,203,072
3,028,448,669
자산총계
177,459,517,483
195,450,551,414
184,883,418,519
1. 유동부채
32,539,169,454
70,301,760,692
85,661,753,387
2. 비유동부채
12,217,940,755
11,399,167,387
14,695,555,585
부채총계
44,757,110,209
81,700,928,079
100,357,308,972
1. 자본금
4,500,000,000
4,500,000,000
4,500,000,000
5. 이익잉여금
106,008,145,284
87,802,846,935
63,983,298,658
Ⅱ. 비지배지분
898,308,468
565,975,450
445,892,328
자본총계
132,702,407,274
113,749,623,335
84,526,109,547
[요약연결손익계산서]
(2024.01.01 ~ 2024.12.31)
(2023.01.01 ~ 2023.12.31)
(2022.01.01 ~ 2022.12.31)
1. 매출액
183,926,463,645
242,901,053,183
197,450,078,061
2. 영업이익
20,689,010,701
35,183,174,756
17,525,758,579
4. 당기순이익
20,975,529,937
26,048,029,783
10,881,152,154
ㆍ 지배회사지분순이익
20,667,147,342
25,881,994,500
10,806,098,659
ㆍ 비지배지분순이익
308,382,595
166,035,283
75,053,495
* 기본주당이익
2,246
3,023
1,149
연결에 포함된 회사수
2
2
2

```