제이씨현시스템 / 2023.03.15 사업보고서
1. 요약재무정보
1) 요약연결재무정보
당사의 연결재무제표는 한국채택국제회계기준에 의해 작성하였습니다.
가. 연결재무상태표
(단위 : 원)
구분
제32기
제31기
제30기
[유동자산]
104,161,000,000
121,776,000,000
114,886,000,000
현금및현금성자산
6,619,000,000
38,531,000,000
35,872,000,000
[비유동자산]
56,480,000,000
40,591,000,000
26,766,000,000
자산총계
160,641,000,000
162,367,000,000
141,652,000,000
[유동부채]
35,805,000,000
38,532,000,000
39,758,000,000
[비유동부채]
12,222,000,000
9,531,000,000
2,225,000,000
부채총계
48,027,000,000
48,063,000,000
41,984,000,000
[자본금]
9,557,000,000
9,557,000,000
9,557,000,000
[이익잉여금]
61,492,000,000
63,284,000,000
49,477,000,000
비지배지분
4,627,000,000
4,526,000,000
3,694,000,000
자본총계
112,614,000,000
114,305,000,000
99,668,000,000
종속ㆍ관계ㆍ공동기업 투자주식의 평가방법
원가법
원가법
원가법
나. 연결포괄손익계산서 (단위 : 원)
구분
제32기
제31기
제30기
매출액
200,564,000,000
265,436,000,000
239,787,000,000
영업이익
-2,370,000,000
18,441,000,000
11,676,000,000
당기순이익
387,000,000
15,961,000,000
10,926,000,000
총포괄이익
387,000,000
15,961,000,000
10,926,000,000
기본주당순이익
15
801
553
2) 요약재무정보
당사의 재무제표는 한국채택국제회계기준에 의해 작성하였습니다.
가. 재무상태표
(단위 : 원)
구분
제32기
제31기
제30기
[유동자산]
81,847,000,000
87,595,000,000
89,641,000,000
현금및현금성자산
1,139,000,000
19,313,000,000
23,794,000,000
[비유동자산]
55,099,000,000
40,701,000,000
27,046,000,000
자산총계
136,946,000,000
128,296,000,000
116,688,000,000
[유동부채]
40,888,000,000
31,810,000,000
36,752,000,000
[비유동부채]
11,969,000,000
8,633,000,000
1,350,000,000
부채총계
52,857,000,000
40,443,000,000
38,102,000,000
[자본금]
9,557,000,000
9,557,000,000
9,557,000,000
[이익잉여금]
37,738,000,000
41,502,000,000
32,235,000,000
자본총계
84,089,000,000
87,853,000,000
78,586,000,000
종속ㆍ관계ㆍ공동기업 투자주식의 평가방법
원가법
원가법
원가법
나. 포괄손익계산서
(단위 : 원)
구분
제32기
제31기
제30기
매출액
144,296,000,000
198,973,000,000
190,462,000,000
영업이익
-2,949,000,000
11,578,000,000
7,734,000,000
당기순이익
-1,685,000,000
10,589,000,000
6,633,000,000
총포괄이익
-1,685,000,000
10,589,000,000
6,633,000,000
기본주당순이익
-89
560
352