제이씨현시스템 / 2025.03.12 사업보고서
1. 요약재무정보
1) 요약연결재무정보
당사의 연결재무제표는 한국채택국제회계기준에 의해 작성하였습니다.
가. 연결재무상태표
(단위 : 원)
구분
제34기
제33기
제32기
[유동자산]
103,354,000,000
85,448,000,000
104,161,000,000
현금및현금성자산
25,559,000,000
9,410,000,000
6,619,000,000
매출채권 및 기타유동채권
36,171,000,000
39,811,000,000
41,466,000,000
재고자산
31,404,000,000
30,817,000,000
46,094,000,000
[비유동자산]
52,836,000,000
61,022,000,000
56,480,000,000
유형자산
16,523,000,000
16,550,000,000
19,146,000,000
관계기업투자
709,000,000
628,000,000
419,000,000
자산총계
156,190,000,000
146,470,000,000
160,641,000,000
[유동부채]
39,149,000,000
28,079,000,000
35,805,000,000
[비유동부채]
5,412,000,000
8,838,000,000
12,222,000,000
부채총계
44,561,000,000
36,917,000,000
48,027,000,000
[자본금]
9,557,000,000
9,557,000,000
9,557,000,000
[이익잉여금]
60,652,000,000
58,796,000,000
61,492,000,000
비지배지분
4,452,000,000
4,263,000,000
4,627,000,000
자본총계
111,629,000,000
109,553,000,000
112,614,000,000
부채와 자본총계
156,190,000,000
146,470,000,000
160,641,000,000
종속ㆍ관계ㆍ공동기업 투자주식의 평가방법
원가법
원가법
원가법
나. 연결포괄손익계산서 (단위 : 원)
구분
제34기
제33기
제32기
매출액
263,900,000,000
211,562,000,000
200,564,000,000
영업이익
3,643,000,000
-5,578,000,000
-2,370,000,000
당기순이익
2,076,000,000
-2,580,000,000
387,000,000
총포괄이익
2,076,000,000
-2,580,000,000
387,000,000
주당이익
기본주당순이익
98
-143
15
희석주당순이익
98
-143
15
연결에 포함된 회사수
3개
4개
4개
※ 연결 대상회사의 변동 현황
사업연도
연결에 포함된 회사명
전기대비 연결에 추가된 회사명
전기대비 연결에 제외된 회사명
제34기
㈜엘림넷 대아리드선㈜ 디앤디컴㈜
-
제이씨현온비즈㈜
제이씨현온비즈㈜는 종속회사인 디앤디컴㈜에 흡수합병됨(합병기일:2024.08.01)
2) 요약재무정보
당사의 재무제표는 한국채택국제회계기준에 의해 작성하였습니다.
가. 재무상태표
(단위 : 원)
구분
제34기
제33기
제32기
[유동자산]
76,348,000,000
65,431,000,000
81,847,000,000
현금및현금성자산
11,394,000,000
1,841,000,000
1,139,000,000
매출채권 및 기타유동채권
30,915,000,000
37,307,000,000
38,267,000,000
재고자산
27,027,000,000
24,281,000,000
39,806,000,000
[비유동자산]
49,868,000,000
58,458,000,000
55,099,000,000
유형자산
8,310,000,000
8,540,000,000
11,093,000,000
투자부동산
18,687,000,000
18,920,000,000
19,154,000,000
종속기업에 대한 투자자산
7,354,000,000
7,354,000,000
8,254,000,000
자산총계
126,216,000,000
123,889,000,000
136,946,000,000
[유동부채]
37,195,000,000
32,303,000,000
40,888,000,000
[비유동부채]
4,914,000,000
8,204,000,000
11,969,000,000
부채총계
42,109,000,000
40,507,000,000
52,857,000,000
[자본금]
9,557,000,000
9,557,000,000
9,557,000,000
[이익잉여금]
37,756,000,000
37,031,000,000
37,738,000,000
자본총계
84,107,000,000
83,382,000,000
84,089,000,000
부채와 자본총계
126,216,000,000
123,889,000,000
136,946,000,000
종속ㆍ관계ㆍ공동기업 투자주식의 평가방법
원가법
원가법
원가법
나. 포괄손익계산서
(단위 : 원)
구분
제34기
제33기
제32기
매출액
216,364,000,000
165,796,000,000
144,296,000,000
영업이익
1,819,000,000
-5,922,000,000
-2,949,000,000
당기순이익
724,000,000
-707,000,000
-1,685,000,000
총포괄이익
724,000,000
-707,000,000
-1,685,000,000
주당이익
기본주당순이익
38
-37
-89
희석주당순이익
38
-37
-89