주연테크 / 2025.03.20 사업보고서
1. 요약재무정보
가. 요약연결재무정보
(단위 : 원)
구 분
제37기
제36기
제35기
[유동자산]
33,628,394,000,000
36,200,582,000,000
38,474,690,000,000
[비유동자산]
8,913,666,000,000
9,712,971,000,000
14,767,635,000,000
자산총계
42,542,059,000,000
45,913,553,000,000
53,242,325,000,000
[유동부채]
3,188,394,000,000
8,182,618,000,000
6,348,479,000,000
[비유동부채]
2,439,389,000,000
720,352,000,000
5,350,523,000,000
부채총계
5,627,782,000,000
8,902,970,000,000
11,699,002,000,000
[자본금]
13,280,770,000,000
11,839,849,000,000
11,839,849,000,000
[이익잉여금]
(29,717,638,000,000)
(27,117,455,000,000)
(22,694,680,000,000)
[비지배지분]
(261,730,000,000)
(258,659,000,000)
(253,199,000,000)
자본총계
36,914,277,000,000
37,010,583,000,000
41,543,323,000,000
구 분
제37기
제36기
제35기
매출액
53,068,186,000,000
43,504,587,000,000
66,667,584,000,000
영업이익(손실)
(2,902,455,000,000)
(4,656,483,000,000)
(6,294,304,000,000)
당기순이익(손실)
(2,633,538,000,000)
(4,445,088,000,000)
(5,645,554,000,000)
주당순이익(원)
(45)
(78)
(98)