주연테크 / 2022.03.17 사업보고서
1. 요약재무정보
가. 요약연결재무정보
(단위 : 원)
구 분
제34기
제33기
제32기
[유동자산]
47,834,155,000,000
41,389,585,000,000
39,826,230,000,000
[비유동자산]
11,880,244,000,000
16,200,383,000,000
21,931,323,000,000
자산총계
59,714,399,000,000
57,589,968,000,000
61,757,553,000,000
[유동부채]
8,367,842,000,000
12,434,372,000,000
11,385,874,000,000
[비유동부채]
6,077,683,000,000
7,493,607,000,000
7,626,566,000,000
부채총계
14,445,525,000,000
19,927,979,000,000
19,012,440,000,000
[자본금]
11,839,849,000,000
10,922,418,000,000
10,675,199,000,000
[이익잉여금]
(18,805,889,000,000)
(21,835,647,000,000)
(19,092,071,000,000)
[비지배지분]
(231,473,000,000)
19,920,000,000
3,795,488,000,000
자본총계
45,268,874,000,000
37,661,989,000,000
42,745,113,000,000
구 분
제34기
제33기
제32기
매출액
88,248,283,000,000
62,660,644,000,000
41,890,840,000,000
영업이익
(542,223,000,000)
503,726,000,000
(2,836,835,000,000)
당기순이익
3,115,175,000,000
(2,981,611,000,000)
(4,784,335,000,000)
1. 지배기업 소유주지분 순이익
3,364,281,000,000
(2,245,056,000,000)
(4,581,470,000,000)
2. 비지배지분 순이익
(249,106,000,000)
(736,555,000,000)
(202,865,000,000)
주당순이익(원)
1. 계속영업기본주당순이익
79
(20)
(27)
2. 중단영업기본주당순이익
(15)
(23)
(18)
희석주당순이익(원)
1. 계속영업희석주당순이익
86
(18)
(27)
2. 중단영업희석주당순이익
(14)
(22)
(18)
연결에 포함된 회사수
3개
3개
4개