주연테크 / 2021.03.22 사업보고서
1. 요약재무정보
가. 요약연결재무정보
(단위 : 원)
구   분
제33기
제32기
제31기
[유동자산]
41,389,585,000,000
39,826,230,000,000
32,324,721,000,000
[비유동자산]
16,200,383,000,000
21,931,323,000,000
28,357,977,000,000
자산총계
57,589,968,000,000
61,757,553,000,000
60,682,698,000,000
[유동부채]
12,434,372,000,000
11,385,874,000,000
10,298,208,000,000
[비유동부채]
7,493,607,000,000
7,626,566,000,000
5,740,185,000,000
부채총계
19,927,979,000,000
19,012,440,000,000
16,038,393,000,000
[자본금]
10,922,418,000,000
10,675,199,000,000
9,877,327,000,000
[이익잉여금]
(21,835,647,000,000)
(19,092,071,000,000)
(14,454,719,000,000)
[비지배지분]
19,920,000,000
3,795,488,000,000
1,101,557,000,000
자본총계
37,661,989,000,000
42,745,113,000,000
44,644,305,000,000
구   분
제33기
제32기
제31기
매출액
62,660,644,000,000
41,890,840,000,000
37,316,774,000,000
영업이익
503,726,000,000
(2,836,835,000,000)
(1,537,275,000,000)
당기순이익
(2,981,611,000,000)
(4,784,335,000,000)
(5,063,060,000,000)
주당순이익(원)
1. 계속영업기본주당순이익
(20)
(27)
(43)
2. 중단영업기본주당순이익
(23)
(18)
(8)