코리안리 / 2021.03.31 [정정] 사업보고서
1. 요약재무정보
가. 요약 연결재무정보
(단위 : 원 )
구분
제59기
제58기
제57기
2020년 12월말
2019년 12월말
2018년 12월말
[현금 및 현금성자산]
471,608,000,000
360,116,000,000
175,567,000,000
[금융자산]
9,117,345,000,000
8,942,818,000,000
8,320,168,000,000
[유형자산]
97,319,000,000
95,000,000,000
77,298,000,000
[무형자산]
20,856,000,000
15,565,000,000
15,325,000,000
자산총계
12,519,947,000,000
11,733,116,000,000
10,750,857,000,000
[보험계약부채]
6,703,011,000,000
5,974,644,000,000
5,578,506,000,000
[금융부채]
2,789,118,000,000
2,840,532,000,000
2,585,810,000,000
부채총계
10,064,018,000,000
9,277,102,000,000
8,513,242,000,000
[자본금]
60,185,000,000
60,185,000,000
60,185,000,000
[연결이익잉여금]
1,900,557,000,000
1,848,693,000,000
1,702,200,000,000
자본총계
2,455,929,000,000
2,456,014,000,000
2,237,615,000,000
부채 및 자본 총계
12,519,947,000,000
11,733,116,000,000
10,750,857,000,000
(2020.1.1~ 2020.12.31)
(2019.1.1~ 2019.12.31)
(2018.1.1~ 2018.12.31)
보험료수익
8,447,068,000,000
8,051,548,000,000
7,558,524,000,000
구분
제59기
제58기
제57기
2020년 12월말
2019년 12월말
2018년 12월말
영업이익
192,259,000,000
249,845,000,000
143,584,000,000
연결당기순이익
142,052,000,000
188,710,000,000
102,944,000,000
기본주당순이익(원)
1,252
1,550
810
희석주당순이익(원)
1,252
1,550
810
연결에 포함된 종속 회사수
3
3
3
주1) 한국채택국제회계기준에 따라 작성되었습니다.
주2) 제59기 정기주주총회 승인전 재무제표이며, 향후 정기주주총회에서 재무제표 승인관련 안건이 부결되거나 수정이 발생한 경우 정정보고서를 통해 그 내용 및 사유 등을 반영할 예정입니다.