코리안리 / 2023.03.23 사업보고서
1. 요약재무정보
가. 요약 연결재무정보
(단위 : 원 )
구분
제61기
제60기
제59기
2022년 12월말
2021년 12월말
2020년 12월말
[현금 및 현금성자산]
498,904,000,000
478,947,000,000
471,608,000,000
[금융자산]
11,395,222,000,000
9,606,769,000,000
9,117,345,000,000
[유형자산]
114,453,000,000
95,869,000,000
97,319,000,000
자산총계
14,978,130,000,000
13,115,655,000,000
12,519,947,000,000
[보험계약부채]
8,427,560,000,000
7,377,619,000,000
6,703,011,000,000
[금융부채]
3,227,618,000,000
2,688,467,000,000
2,789,118,000,000
부채총계
12,158,676,000,000
10,589,949,000,000
10,064,018,000,000
[자본금]
70,411,000,000
60,185,000,000
60,185,000,000
[연결이익잉여금]
2,085,274,000,000
2,000,064,000,000
1,900,557,000,000
자본총계
2,819,454,000,000
2,525,706,000,000
2,455,929,000,000
(2022.1.1~ 2022.12.31)
(2021.1.1~ 2021.12.31)
(2020.1.1~ 2020.12.31)
보험료수익
9,878,601,000,000
8,488,720,000,000
8,447,068,000,000
영업이익
192,530,000,000
203,517,000,000
192,259,000,000
연결당기순이익
157,857,000,000
153,347,000,000
142,052,000,000
기본주당순이익*
1,132
1,186
1,050
희석주당순이익*
1,132
1,186
1,050