코리안리 / 2022.08.16 [정정] 사업보고서
1. 요약재무정보
가. 요약 연결재무정보
(단위 : 원)
구분
제60기
제59기
제58기
2021년 12월말
2020년 12월말
2019년 12월말
[현금 및 현금성자산]
478,947,000,000
471,608,000,000
360,116,000,000
[금융자산]
9,606,769,000,000
9,117,345,000,000
8,942,818,000,000
자산총계
13,115,655,000,000
12,519,947,000,000
11,733,116,000,000
[보험계약부채]
7,377,619,000,000
6,703,011,000,000
5,974,644,000,000
[금융부채]
2,688,467,000,000
2,789,118,000,000
2,840,532,000,000
부채총계
10,589,949,000,000
10,064,018,000,000
9,277,102,000,000
[자본금]
60,185,000,000
60,185,000,000
60,185,000,000
[연결이익잉여금]
2,000,064,000,000
1,900,557,000,000
1,848,693,000,000
자본총계
2,525,706,000,000
2,455,929,000,000
2,456,014,000,000
(2021.1.1~ 2021.12.31)
(2020.1.1~ 2020.12.31)
(2019.1.1~ 2019.12.31)
보험료수익
8,488,720,000,000
8,447,068,000,000
8,051,548,000,000
영업이익
203,517,000,000
192,259,000,000
249,845,000,000
연결당기순이익
153,347,000,000
142,052,000,000
188,710,000,000
기본주당순이익
1,423
1,252
1,550
희석주당순이익
1,423
1,252
1,550
연결에 포함된 종속 회사수
4
3
3
※ 한국채택국제회계기준에 따라 작성되었습니다