크라운해태홀딩스 / 2022.05.18 [정정] 사업보고서
1. 요약재무정보
가. 요약연결재무정보
(단위 : 원)
구 분
제55기
제54기
제53기
(2021년 12월말)
(2020년 12월말)
(2019년 12월말)
[유동자산]
260,607,000,000
223,691,000,000
244,048,000,000
ㆍ현금및현금성자산
42,438,000,000
32,707,000,000
25,390,000,000
[비유동자산]
855,132,000,000
869,679,000,000
994,118,000,000
자산총계
1,115,739,000,000
1,093,370,000,000
1,238,166,000,000
[유동부채]
419,398,000,000
362,466,000,000
438,905,000,000
[비유동부채]
206,983,000,000
243,764,000,000
339,354,000,000
부채총계
626,381,000,000
606,230,000,000
778,259,000,000
[자본금]
7,724,000,000
7,724,000,000
7,724,000,000
[이익잉여금]
242,628,000,000
239,470,000,000
220,085,000,000
[비지배지분]
205,982,000,000
205,021,000,000
195,945,000,000
자본총계
489,358,000,000
487,140,000,000
459,907,000,000
관계사투자주식 및 공동지배투자주식 평가방법
지분법
지분법
지분법
(2021.01.01.~ 2021.12.31.)
(2020.01.01.~ 2020.12.31.)
(2019.01.01.~ 2019.12.31.)
매출액
928,178,000,000
923,223,000,000
904,466,000,000
영업이익
39,307,000,000
54,316,000,000
51,171,000,000
당기순이익
11,185,000,000
40,340,000,000
(22,509,000,000)
보통주 주당순이익 (단위 : 원)
294
885
(1,369)