크라운제과 / 2022.03.23 [정정] 사업보고서
1. 요약재무정보
나. 요약재무정보
(단위 : 원)
구 분
제5기
제4기
제3기
(2021년 12월말)
(2020년12월말)
(2019년12월말)
[유동자산]
146,109,000,000
98,602,000,000
92,518,000,000
ㆍ현금및현금성자산
27,675,000,000
15,452,000,000
6,481,000,000
ㆍ매출채권및기타채권
48,507,000,000
52,952,000,000
56,337,000,000
ㆍ재고자산
24,876,000,000
26,635,000,000
28,924,000,000
[비유동자산]
178,461,000,000
228,438,000,000
240,385,000,000
ㆍ유형자산
159,966,000,000
206,855,000,000
213,485,000,000
자산총계
324,570,000,000
327,040,000,000
332,903,000,000
[유동부채]
123,269,000,000
105,834,000,000
78,547,000,000
[비유동부채]
40,746,000,000
68,533,000,000
112,308,000,000
부채총계
164,015,000,000
174,367,000,000
190,855,000,000
[자본금]
2,659,000,000
2,659,000,000
2,659,000,000
[이익잉여금]
55,850,000,000
47,969,000,000
32,935,000,000
자본총계
160,555,000,000
152,673,000,000
142,048,000,000
종속 관계 공동기업 투자주식의 평가방법
원가법
원가법
원가법
(2021.01.01~ 2021.12.31)
(2020.01.01~ 2020.12.31)
(2019.01.01~ 2019.12.31)
매출액
381,212,000,000
381,539,000,000
386,614,000,000
영업이익
15,876,000,000
23,453,000,000
26,520,000,000
당기순이익
13,098,000,000
16,206,000,000
18,938,000,000
보통주 주당순이익 (단위 : 원)
1,024
1,247
1,425