포니링크 / 2022.03.18 사업보고서
1. 요약재무정보
가. 요약연결재무정보
(단위 : 원)
구분
제22기
(2021년 12월말)
제21기
(2020년 12월말)
제20기
(2019년 12월말)
[유동자산]
196,222,575,000
62,338,063,000
59,000,829,000
ㆍ 현금및현금성자산
108,052,464,000
5,767,514,000
4,723,568,000
[비유동자산]
41,823,735,000
138,437,769,000
128,732,324,000
자산총계
238,046,311,000
200,775,831,000
187,733,153,000
[유동부채]
44,980,022,000
44,598,521,000
50,403,291,000
[비유동부채]
3,753,184,000
7,175,961,000
4,694,470,000
부채총계
48,733,206,000
51,774,482,000
55,097,761,000
[자본금]
8,317,813,000
7,856,528,000
7,211,196,000
[이익잉여금]
35,740,519,000
1,240,063,000
-7,850,206,000
자본총계
189,313,105,000
149,001,350,000
132,635,392,000
(2021.1.1 ~2021.12.31)
(2020.1.1 ~2020.12.31)
(2019.1.1 ~2019.12.31)
매출액
109,579,283,000
93,406,731,000
95,068,907,000
영업이익(손실)
1,732,019,000
3,702,120,000
5,871,845,000
당기순이익
34,549,583,000
9,703,760,000
3,365,933,000
총포괄이익(손실)
34,624,338,000
9,796,613,000
3,063,337,000
계속영업기본주당순이익(원)
424
127
54