풀무원 / 2022.03.22 사업보고서
1. 요약재무정보
가. 요약 연결재무정보
㈜풀무원과 그 종속기업
(단위 : 원)
제38기
제37기
제36기
유동자산
710,996,090,575
630,382,847,891
467,836,335,564
현금및현금성자산
121,789,886,120
98,982,331,585
120,740,918,674
비유동자산
1,258,376,430,517
1,063,190,328,379
1,016,720,118,185
자산총계
1,969,372,521,092
1,693,573,176,270
1,484,556,453,749
유동부채
803,841,735,058
776,833,225,058
621,185,641,614
비유동부채
575,739,827,458
403,801,424,346
400,268,852,423
부채총계
1,379,581,562,516
1,180,634,649,404
1,021,454,494,037
자본금
21,077,561,000
21,077,559,500
21,062,765,000
이익잉여금
247,173,616,425
242,588,729,267
224,661,033,090
비지배지분
123,203,558,187
62,853,454,831
66,072,035,863
자본총계
589,790,958,576
512,938,526,866
463,101,959,712
종속·관계·공동기업 투자주식의 평가방법
종속 : 평가대상 아님 관계/공동기업 : 지분법
종속 : 평가대상 아님 관계/공동기업 : 지분법
종속 : 평가대상 아님 관계/공동기업 : 지분법
구분
(2021.01.01
~2021.12.30)
(2020.01.01
~2020.12.31)
(2019.01.01
~2019.12.31)
매출액
2,518,896,106,070
2,311,199,992,424
2,381,451,203,138
영업이익
38,513,882,668
45,970,065,885
30,570,664,872
당기순이익
304,155,972
11,833,778,475
-7,535,425,367
당기총포괄손익
22,888,537,548
17,162,966,191
2,499,303,888
지배기업의 소유주
13,357,374,272
16,280,287,543
3,491,546,701
비지배지분
-13,053,218,300
4,446,509,068
11,026,972,068
지배기업의 소유주
34,369,854,192
23,076,466,041
12,287,262,841
비지배지분
-11,481,316,644
-5,913,499,850
-9,787,958,953
기본주당손익
325
399
56
희석주당손익
325
394
56