프럼파스트 / 2025.08.08 [정정] 사업보고서
1. 요약재무정보
가. 요약 연결재무정보
(단위 : 원)
구분
제33기
제32기
제31기
[유동자산]
28,800,657,108,000
28,878,175,532,000
28,374,495,218,000
ㆍ현금및현금성자산
2,589,919,683,000
3,261,072,786,000
3,379,949,990,000
ㆍ재고자산
3,112,530,552,000
2,971,009,023,000
4,227,342,606,000
ㆍ매출채권및기타유동채권
9,572,610,407,000
9,140,574,956,000
9,366,202,622,000
ㆍ기타유동금융자산
13,525,596,466,000
13,505,518,767,000
11,401,000,000,000
[비유동자산]
14,601,586,096,000
12,284,597,534,000
12,408,965,592,000
ㆍ유형자산
9,533,378,211,000
6,679,689,297,000
7,434,224,188,000
ㆍ무형자산
395,492,605,000
414,037,542,000
440,703,190,000
ㆍ기타비유동금융자산
1,401,864,836,000
1,884,725,460,000
1,294,212,810,000
ㆍ기타비유동자산
3,219,130,053,000
3,256,437,293,000
3,170,642,118,000
자산총계
43,402,243,204,000
41,162,773,066,000
40,783,460,810,000
[유동부채]
3,775,712,616,000
2,714,661,887,000
3,428,867,519,000
[비유동부채]
847,412,784,000
706,411,414,000
524,502,663,000
부채총계
4,623,125,400,000
3,421,073,301,000
3,953,370,182,000
[자본금]
4,865,295,000,000
4,865,295,000,000
4,865,295,000,000
[이익잉여금]
34,125,572,553,000
32,774,564,149,000
31,853,922,046,000
[기타포괄손익누계액]
1,054,887,047,000
761,011,692,000
770,044,658,000
[비지배지분]
-
-
-
자본총계
38,779,117,804,000
37,741,699,765,000
36,830,090,628,000
종속.관계.공동기업 투자주식의 평가방법
원가법
원가법
원가법
구분
(2024.01.01~ 2024.12.31)
(2023.01.01~ 2023.12.31)
(2022.01.01~ 2022.12.31)
매출액
29,659,703,118,000
29,481,472,717,000
30,227,839,370,000
영업이익
1,624,232,382,000
1,442,763,516,000
1,529,339,366,000
당기순이익
1,918,249,222,000
1,416,560,787,000
1,324,351,206,000
총포괄이익의 귀속
2,068,109,159,000
1,334,834,537,000
956,361,591,000
주당순이익
227
167
156
연결에 포함된 회사수
1
1
1
※ 상기 제33기, 제32기, 제31기 요약연결재무정보는 한국채택국제회계기준 (K-IFRS)작성기준에 따라 작성되었습니다.
- 연결대상회사의 변동내용
연결실체는 2011년부터 한국채택국제회계기준(K-IFRS)을 도입하였습니다. 한국채 택국제회계기준(K-IFRS) 도입에 따른 연결대상회사의 변동내역은 아래와 같습니다.
회계기준
제33기
제32기
제31기
한국채택국제회계기준(K-IFRS) 적용시
랑팡동양관재유한공사
랑팡동양관재유한공사
랑팡동양관재유한공사
-
-
-
나. 재무정보 이용상의 유의점
- 본 사항은 Ⅲ. 재무에 관한 사항 3. 연결재무제표 주석 " 2. 재무제표 작성기준 및 중요한 회계정책"을 참고하시기 바랍니다.