피엔케이피부임상연구센타 / 2022.03.18 사업보고서
1. 요약재무정보
(단위 : 원)
사업연도
제12기
제 11 기
제 10 기
구분
2021년말
2020년말
2019년말
회계처리기준
K-IFRS
K-IFRS
K-IFRS
[유동자산]
44,018,000,000
51,251,000,000
24,325,000,000
현금 및 현금성자산
1,511,000,000
3,890,000,000
8,432,000,000
[비유동자산]
23,076,000,000
8,640,000,000
3,644,000,000
[자산총계]
67,094,000,000
59,891,000,000
27,969,000,000
[유동부채]
3,118,000,000
3,564,000,000
2,646,000,000
[비유동부채]
909,000,000
701,000,000
826,000,000
[부채총계]
4,027,000,000
4,265,000,000
3,472,000,000
[자본금]
3,751,000,000
3,751,000,000
650,000,000
[이익잉여금]
36,126,000,000
28,832,000,000
22,114,000,000
[자본총계]
63,067,000,000
55,626,000,000
24,497,000,000
[부채와 자본총계]
67,094,000,000
59,891,000,000
27,969,000,000
구 분
(2021.1.1~2021.12.31)
(2020.1.1~2020.12.31)
(2019.1.1~2019.12.31)
매출액
17,487,000,000
14,676,000,000
12,499,000,000
영업이익
6,461,000,000
7,217,000,000
5,676,000,000
당기순이익
7,293,000,000
6,719,000,000
5,376,000,000
주당순이익(원)
985
1,040
908
25. 11. 10. 오후 1:15 피엔케이피부임상연구센타/사업보고서/2022.03.18 주) 주주총회 승인전 재무제표로 향후 정기주주총회에서 재무제표 승인 관련 안건이 부결되거나 수정이 발생한 경우 정정보고서를 통해 그 내용 및 사유 등을 반영할 예 정입니다.