피씨디렉트 / 2025.03.28 [정정] 사업보고서
1. 요약재무정보
(단위 : 원)
구분
제 27 기
제 26 기
제 25 기
제 24 기
(2024년 12월말)
(2023년 12월말)
(2022년 12월말)
(2021년 12월말)
[유동자산]
82,221,000,000
82,442,000,000
82,397,000,000
90,342,000,000
ㆍ현금및현금성자산
8,740,000,000
2,880,000,000
9,009,000,000
9,758,000,000
[비유동자산]
7,859,000,000
8,895,000,000
8,227,000,000
4,710,000,000
자산총계
90,080,000,000
91,337,000,000
90,624,000,000
95,053,000,000
[유동부채]
47,980,000,000
47,014,000,000
45,025,000,000
41,184,000,000
[비유동부채]
3,845,000,000
1,539,000,000
768,000,000
656,000,000
부채총계
51,825,000,000
48,553,000,000
45,793,000,000
41,840,000,000
[자본금]
16,261,000,000
16,261,000,000
16,282,000,000
16,282,000,000
[이익잉여금]
24,422,000,000
26,766,000,000
28,536,000,000
36,917,000,000
자본총계
38,255,000,000
42,783,000,000
44,831,000,000
53,213,000,000
(2024.01.01~2024.12.31)
(2023.01.01 ~2023.12.31)
(2022.01.01 ~ 2022.12.31)
(2021.01.01 ~ 2021.12.31)
매출액
333,768,000,000
304,743,000,000
312,263,000,000
364,851,000,000
영업이익(손실)
1,851,000,000
3,283,000,000
806,000,000
18,800,000,000
당기순이익(손실)
(665,000,000)
766,000,000
(4,144,000,000)
13,002,000,000
총포괄이익(손실)
(811,000,000)
531,000,000
(3,779,000,000)
12,940,000,000
ㆍ기본주당이익(손실) (단위 : 원)
(45)
50
(270)
848
ㆍ희석주당이익(손실) (단위 : 원)
(45)
50
(270)
848