하림지주 / 2025.03.20 [정정] 사업보고서
1. 요약재무정보
가. (연결) 요약재무정보
(단위 : 원)
연결재무상태표
제63기
(2024년)
제62기
(2023년)
제61기
(2022년)
[유동자산]
4,749,366,000,000
4,319,466,000,000
4,756,366,000,000
[비유동자산]
11,329,592,000,000
9,065,606,000,000
8,512,622,000,000
자산총계
16,078,958,000,000
13,385,072,000,000
13,268,988,000,000
[유동부채]
6,010,822,000,000
5,601,961,000,000
5,220,519,000,000
[비유동부채]
4,126,184,000,000
2,535,597,000,000
2,989,086,000,000
부채총계
10,137,006,000,000
8,137,558,000,000
8,209,605,000,000
[자본금]
11,242,000,000
11,242,000,000
11,242,000,000
[이익잉여금]
1,596,196,000,000
1,589,047,000,000
1,576,701,000,000
[비지배지분]
2,873,835,000,000
2,457,787,000,000
2,338,582,000,000
자본총계
5,941,952,000,000
5,247,514,000,000
5,059,383,000,000
종속.관계.공동기업 투자주식의 평가방법
원가법
원가법
원가법
(단위 : 원)
연결포괄손익계산서
2024.01.01 ~ 2024.12.31
2023.01.01 ~ 2023.12.31
2022.01.01 ~ 2022.12.31
매출액
12,272,959,000,000
12,062,363,000,000
13,775,296,000,000
영업이익(손실)
765,480,000,000
567,545,000,000
941,307,000,000
당기순이익(손실)
174,817,000,000
178,306,000,000
569,035,000,000
총포괄이익
829,595,000,000
210,763,000,000
812,685,000,000
기본주당이익
271
384
2,736