하림지주 / 2023.03.29 사업보고서
1. 요약재무정보
가. 요약연결재무정보
(단위 : 원)
연결재무상태표
제61기
(2022년)
제60기
(2021년)
제59기
(2020년)
[유동자산]
4,756,366,000,000
3,756,713,000,000
2,744,540,000,000
[비유동자산]
8,512,622,000,000
7,861,529,000,000
6,685,993,000,000
자산총계
13,268,988,000,000
11,618,242,000,000
9,430,533,000,000
[유동부채]
5,220,519,000,000
4,657,381,000,000
3,835,391,000,000
[비유동부채]
2,989,086,000,000
2,722,197,000,000
2,144,727,000,000
부채총계
8,209,605,000,000
7,379,578,000,000
5,980,118,000,000
[자본금]
11,242,000,000
9,276,000,000
9,276,000,000
[이익잉여금]
1,576,701,000,000
1,335,922,000,000
1,031,033,000,000
[비지배지분]
2,338,582,000,000
2,136,018,000,000
1,758,608,000,000
자본총계
5,059,383,000,000
4,238,664,000,000
3,450,415,000,000
종속.관계.공동기업 투자주식의 평가방법
원가법
원가법
원가법
(단위 : 원)
연결포괄손익계산서
2022.01.01 ~ 2022.12.31
2021.01.01 ~ 2021.12.31
2020.01.01 ~ 2020.12.31
매출액
13,775,296,000,000
10,619,104,000,000
7,703,981,000,000
영업이익(손실)
941,307,000,000
741,776,000,000
353,684,000,000
당기순이익(손실)
569,035,000,000
577,450,000,000
169,358,000,000
총포괄이익
812,685,000,000
807,143,000,000
22,961,000,000
기본주당이익
2,736
4,057
699
희석주당이익
2,678