한국타이어앤테크놀로지 / 2021.03.30 [정정] 사업보고서
1. 요약재무정보
가. 연결
(단위 : 원)
과 목
제 9기 말
제 8기 말
제 7기 말
자산총계
10,658,547,888,637
10,164,607,903,070
9,796,442,247,019
부채총계
3,246,400,366,409
2,977,390,789,500
3,006,129,279,194
자본총계
7,412,147,522,228
7,187,217,113,570
6,790,312,967,825
매출
6,453,071,785,362
6,883,268,577,435
6,795,088,815,835
영업이익
628,270,555,481
543,964,831,621
702,650,599,990
당기순이익
385,205,382,320
429,614,534,254
530,380,683,888
당기총포괄이익
341,764,271,609
457,235,274,760
484,929,790,484
지배기업의 소유주에게 귀속되는 당기순이익
372,337,205,172
419,513,114,714
522,214,845,405
지배기업의 소유주에게 귀속되는 당기총포괄이익
332,608,625,438
446,956,561,462
477,044,922,960
기본 및 희석 주당순이익
3,032
3,387
4,216
연결에 포함된 회사수
59
59
53

나. 별도
(단위 : 원)
과 목
제 9기 말
제 8기 말
제 7기 말
자산총계
6,429,887,711,436
6,069,618,535,095
6,284,507,359,403
부채총계
1,758,596,018,888
1,401,550,184,749
1,789,935,284,342
자본총계
4,671,291,692,548
4,668,068,350,346
4,494,572,075,061
매출
2,862,380,051,947
3,173,056,805,801
3,193,229,259,746
영업이익
94,145,794,482
97,389,539,125
155,844,689,386
당기순이익
87,353,182,275
241,217,964,610
243,935,755,810
당기총포괄이익
115,103,017,652
229,229,981,735
236,509,329,927
기본 및 희석 주당순이익
711
1,948
1,970