한화손해보험 / 2022.03.10 사업보고서
1. 요약재무정보
가. 요약연결재무정보
(단위 : 원)
구분
제 77 기 기말
제 76 기 기말
제 75 기 기말
현금및현금성자산
197,512,000,000
161,906,000,000
235,767,000,000
유가증권
12,296,949,000,000
11,458,660,000,000
9,529,091,000,000
대출채권
4,816,356,000,000
4,934,665,000,000
5,059,320,000,000
유형자산
476,003,000,000
364,644,000,000
341,523,000,000
<자산총계>
20,284,988,000,000
19,518,333,000,000
18,257,160,000,000
보험계약부채
17,593,416,000,000
16,577,933,000,000
15,401,574,000,000
차입부채
477,403,000,000
477,079,000,000
476,770,000,000
<부채총계>
18,825,405,000,000
17,811,681,000,000
16,792,845,000,000
자본금
583,695,000,000
583,695,000,000
583,695,000,000
이익잉여금
526,848,000,000
417,184,000,000
367,355,000,000
비지배지분
41,774,000,000
26,778,000,000
45,523,000,000
<자본총계>
1,459,583,000,000
1,706,652,000,000
1,464,315,000,000
(2021. 1. 1.~ 2021. 12. 31)
(2020. 1. 1.~ 2020. 12. 31)
(2019. 1. 1.~ 2019. 12. 31)
보험료수익
6,135,828,000,000
5,994,181,000,000
5,981,027,000,000
영업이익
134,317,000,000
70,333,000,000
(94,088,000,000)
당기순이익
94,867,000,000
48,250,000,000
(69,074,000,000)
총포괄이익
(272,428,000,000)
254,031,000,000
28,746,000,000
주당순이익(원)
939
315
(705)
연결에 포함된 회사수
2개
3개
3개
주) 상기 요약연결재무제표는 K-IFRS 기준에 따라 작성되었습니다.
나. 요약재무정보
(단위 : 원)
구분
제 77 기 기말
제 76 기 기말
제 75 기 기말
현금및현금성자산
195,076,000,000
158,742,000,000
178,665,000,000
유가증권
12,194,652,000,000
11,416,516,000,000
9,504,692,000,000
대출채권
4,816,356,000,000
4,934,665,000,000
5,059,320,000,000
유형자산
462,669,000,000
359,135,000,000
340,652,000,000
<자산총계>
20,189,421,000,000
19,479,137,000,000
18,209,754,000,000
보험계약부채
17,529,146,000,000
16,562,024,000,000
15,401,574,000,000
차입부채
477,403,000,000
477,079,000,000
476,770,000,000
<부채총계>
18,705,400,000,000
17,771,895,000,000
16,783,859,000,000
자본금
583,695,000,000
583,695,000,000
583,695,000,000
이익잉여금
592,904,000,000
449,281,000,000
372,331,000,000
<자본총계>
1,484,021,000,000
1,707,242,000,000
1,425,895,000,000
(2021. 1. 1.~ 2021. 12. 31)
(2020. 1. 1.~ 2020. 12. 31)
(2019. 1. 1.~ 2019. 12. 31)
보험료수익
5,967,143,000,000
5,964,700,000,000
5,981,027,000,000
영업이익
200,418,000,000
111,255,000,000
(86,325,000,000)
당기순이익
155,943,000,000
88,383,000,000
(60,967,000,000)
총포괄이익
(210,895,000,000)
292,780,000,000
37,424,000,000
주당순이익(원)
1,230
659
(635)