현대해상 / 2024.03.14 사업보고서
1. 요약재무정보
가. 요약연결재무정보
(단위 : 원)
구분
제 70 기
제 69 기
제 68 기
(2023.12.31)
(2022.12.31)
(2021.12.31)
현금및현금성자산
1,175,076,403,000
1,118,065,383,000
743,439,294,000
금융자산
39,548,867,236,000
41,491,514,921,000
42,408,830,034,000
유형자산
1,178,475,389,000
1,171,138,829,000
1,185,829,849,000
투자부동산
627,157,700,000
638,685,236,000
525,379,170,000
자산총계
44,087,986,399,000
46,252,595,501,000
52,818,002,945,000
보험계약부채
31,526,302,653,000
28,613,939,292,000
39,282,142,657,000
금융부채
4,633,921,439,000
5,233,289,919,000
2,877,102,408,000
부채총계
38,032,594,523,000
36,744,509,270,000
47,809,992,570,000
자본금
44,700,000,000
44,700,000,000
44,700,000,000
연결이익잉여금
6,411,732,725,000
5,964,401,266,000
3,877,325,470,000
연결기타포괄손익누계액
(444,794,100,000)
2,955,231,714,000
542,231,654,000
자본총계
6,055,391,876,000
9,508,086,231,000
5,008,010,375,000
(2023.1.1~2023.12.31)
(2022.1.1~2022.12.31)
(2021.1.1~2021.12.31)
영업수익
15,776,889,781,000
15,229,161,544,000
18,842,226,102,000
영업이익
788,215,580,000
1,791,975,243,000
639,336,675,000
연결당기순이익
607,828,607,000
1,294,975,508,000
432,572,359,000
지배회사지분순이익
607,828,607,000
1,294,975,508,000
432,572,359,000
기본주당순이익(원)
7,610
16,286
5,286
연결에 포함된 회사수
34개사
27개사
23개사

나. 요약재무정보
(단위 : 원)
구분
제 70 기
제 69 기
제 68 기
(2023.12.31)
(2022.12.31)
(2021.12.31)
현금및현금성자산
1,102,610,063,000
1,032,991,473,000
654,708,399,000
금융자산
39,819,343,910,000
41,478,245,789,000
41,760,903,809,000
유형자산
865,512,324,000
856,842,624,000
856,707,256,000
투자부동산
325,485,968,000
333,774,765,000
343,884,032,000
자산총계
43,758,462,213,000
45,632,554,561,000
52,290,861,260,000
보험계약부채
31,526,853,630,000
28,614,391,322,000
39,282,274,980,000
금융부채
4,565,675,402,000
5,087,866,116,000
2,438,264,202,000
부채총계
37,641,331,466,000
36,274,908,169,000
47,401,432,215,000
자본금
44,700,000,000
44,700,000,000
44,700,000,000
이익잉여금
6,552,570,228,000
5,827,055,000,000
3,753,634,770,000
기타포괄손익누계액
(523,892,733,000)
2,942,138,141,000
547,341,022,000
자본총계
6,117,130,747,000
9,357,646,392,000
4,889,429,044,000
(2023.1.1~2023.12.31)
(2022.1.1~2022.12.31)
(2021.1.1~2021.12.31)
영업수익
15,918,951,753,000
15,118,939,743,000
18,681,664,406,000
영업이익
1,026,367,951,000
1,780,824,789,000
631,260,001,000
당기순이익
805,721,664,000
1,281,319,942,000
438,357,168,000
기본주당순이익(원)
10,134
16,112
5,360