흥국화재 / 2023.03.16 사업보고서
1. 요약재무정보
가. 요약재무정보
(1) 요약재무상태표
(단위 : 원)
구분
제77기
제76기
제75기
(2022년 12월 말)
(2021년 12월 말)
(2020년 12월 말)
현금및예치금
64,067,000,000
90,288,000,000
84,197,000,000
유가증권
9,074,687,000,000
9,027,571,000,000
8,645,498,000,000
대출채권
3,356,194,000,000
3,204,127,000,000
2,977,269,000,000
유형자산
160,694,000,000
137,890,000,000
127,063,000,000
무형자산
65,760,000,000
65,411,000,000
65,268,000,000
재보험자산
301,200,000,000
299,916,000,000
303,694,000,000
미상각신계약비
400,160,000,000
410,279,000,000
401,444,000,000
기타자산
366,291,000,000
418,989,000,000
402,989,000,000
특별계정자산
485,000,000
470,000,000
465,000,000
자산총계
13,966,098,000,000
13,762,260,000,000
13,211,184,000,000
보험계약부채
12,397,333,000,000
12,165,822,000,000
11,664,440,000,000
당기손익인식금융부채
7,211,000,000
5,595,000,000
5,908,000,000
위험회피목적파생상품부채
198,937,000,000
97,132,000,000
9,593,000,000
사채
314,598,000,000
384,413,000,000
384,444,000,000
기타부채
320,732,000,000
398,421,000,000
377,809,000,000
충당부채
6,755,000,000
7,037,000,000
7,070,000,000
특별계정부채
485,000,000
470,000,000
465,000,000
부채총계
13,246,051,000,000
13,071,612,000,000
12,487,415,000,000
자본금
325,821,000,000
325,821,000,000
325,821,000,000
신종자본증권
212,000,000,000
92,000,000,000
92,000,000,000
기타포괄손익누계액
(226,033,000,000)
3,830,000,000
93,752,000,000
이익잉여금(결손금)
408,259,000,000
268,997,000,000
212,196,000,000
자본총계
720,047,000,000
690,648,000,000
723,769,000,000
부채와자본총계
13,966,098,000,000
13,762,260,000,000
13,211,184,000,000
(2) 요약포괄손익계산서
(단위 : 원)
구분
제77기
제76기
제75기
(2022.01.01~ 2022.12.31)
(2021.01.01~ 2021.12.31)
(2020.01.01~ 2020.12.31)
영업수익
4,528,860,000,000
4,514,595,000,000
4,492,959,000,000
영업비용
4,342,882,000,000
4,437,457,000,000
4,467,052,000,000
영업이익
185,978,000,000
77,138,000,000
25,907,000,000
영업외손익
790,000,000
4,162,000,000
537,000,000
법인세비용차감전순이익
186,768,000,000
81,300,000,000
26,444,000,000
법인세비용(수익)
39,260,000,000
19,255,000,000
3,733,000,000
당기순이익(손실)
147,508,000,000
62,045,000,000
22,711,000,000
총포괄손익
(82,355,000,000)
(27,877,000,000)
17,052,000,000
기본주당이익
보통주
2,142
873
268
기타 보통주
2,192
923
318
희석주당이익
보통주
2,136
871
267
기타 보통주
2,186
921
317